2017-11-09 8,051.02 4,864.71 3,186.31 277,103 165,945 111,158 11,256.63 86
2017-11-10 9,180.71 4,646.86 4,533.85 301,443 148,296 153,147 12,785.16 98
2017-11-13 9,355.91 4,732.34 4,623.57 344,410 152,977 191,433 12,806.13 98
2017-11-14 8,625.73 4,278.87 4,346.86 350,855 137,547 213,308 13,008.19 100
2017-11-15 8,948.57 3,840.66 5,107.91 349,114 143,535 205,579 14,157.29 108
2017-11-16 6,705.24 3,320.26 3,384.98 244,557 125,787 118,770 13,003.62 100
2017-11-17 13,486.43 5,521.10 7,965.33 386,212 175,625 210,587 15,337.54 117
2017-11-20 11,525.11 4,955.96 6,569.15 331,313 159,328 171,985 14,503.28 111
2017-11-21 11,675.00 5,579.64 6,095.36 362,351 196,050 166,301 13,435.10 103
2017-11-22 12,025.18 6,170.15 5,855.03 344,187 168,335 175,852 12,631.65 97
2017-11-23 14,320.73 8,166.48 6,154.25 428,039 231,954 196,085 10,900.96 83
2017-11-24 11,966.90 6,408.04 5,558.86 366,049 191,427 174,622 12,055.77 92
2017-11-27 10,536.62 4,870.04 5,666.58 330,410 144,097 186,313 13,701.99 105
2017-11-28 8,536.45 5,275.18 3,261.27 302,376 182,635 119,741 10,899.46 83
2017-11-29 9,355.11 5,145.28 4,209.83 360,238 187,421 172,817 11,985.43 92
2017-11-30 8,937.58 4,342.09 4,595.49 292,497 139,025 153,472 13,199.65 101
2017-12-01 8,405.19 4,789.02 3,616.17 295,293 162,752 132,541 11,791.35 90
2017-12-04 8,020.53 3,826.38 4,194.15 290,896 138,406 152,490 13,302.19 102
2017-12-05 11,039.39 4,146.14 6,893.25 360,140 171,279 188,861 15,714.91 120
2017-12-06 10,815.76 3,476.62 7,339.14 348,625 141,103 207,522 16,833.48 129
2017-12-07 8,373.83 3,745.94 4,627.89 341,274 154,658 186,616 13,850.40 106
2017-12-08 8,888.79 5,822.22 3,066.57 425,550 230,495 195,055 10,075.92 77
2017-12-11 7,771.28 4,385.21 3,386.07 307,015 174,293 132,722 11,933.99 91
2017-12-12 6,744.57 3,109.12 3,635.45 247,764 107,859 139,905 13,486.24 103
2017-12-13 7,063.74 4,565.42 2,498.32 243,969 149,638 94,331 10,839.69 83
2017-12-14 6,159.17 3,180.64 2,978.53 242,729 115,011 127,718 12,752.00 98
2017-12-15 8,697.93 3,767.37 4,930.56 308,006 133,473 174,533 14,064.52 108
2017-12-18 5,992.24 3,748.21 2,244.03 234,024 126,979 107,045 11,455.57 88
2017-12-19 5,785.30 3,317.33 2,467.97 237,855 127,312 110,543 12,091.41 93
2017-12-20 6,720.34 3,067.18 3,653.16 252,427 114,248 138,179 13,517.13 103
2017-12-21 6,237.93 3,462.48 2,775.45 241,639 137,477 104,162 12,260.48 94
2017-12-22 - - - - - - - -
2017-12-25 - - - - - - - -
2017-12-26 - - - - - - - -
2017-12-27 8,787.94 4,769.79 4,018.15 332,726 175,851 156,875 12,201.81 93
2017-12-28 7,643.65 4,541.17 3,102.48 246,767 140,832 105,935 11,407.83 87
2017-12-29 5,589.38 3,200.17 2,389.21 197,103 111,788 85,315 12,129.05 93
2018-01-01 - - - - - - - -
2018-01-02 7,494.90 4,748.17 2,746.73 264,761 169,489 95,272 10,886.78 83
2018-01-03 9,818.30 6,206.63 3,611.67 381,465 220,993 160,472 10,307.65 79
2018-01-04 9,817.02 6,269.67 3,547.35 337,013 204,230 132,783 10,183.38 78
2018-01-05 8,020.03 4,474.74 3,545.29 281,291 166,992 114,299 11,962.33 92
2018-01-08 9,228.05 4,930.75 4,297.30 318,592 176,585 142,007 12,255.26 94
2018-01-09 8,701.21 5,030.67 3,670.54 327,299 192,573 134,726 11,527.89 88
2018-01-10 10,013.68 5,672.51 4,341.17 359,858 217,457 142,401 11,592.38 89
2018-01-11 8,955.41 4,397.93 4,557.48 315,674 155,956 159,718 13,077.03 100
2018-01-12 7,216.29 4,360.51 2,855.78 279,147 165,817 113,330 11,407.74 87
2018-01-15 11,425.40 4,859.78 6,565.62 342,372 152,582 189,790 14,648.93 112
2018-01-16 12,123.15 6,463.02 5,660.13 387,227 214,648 172,579 12,051.45 92
2018-01-17 16,079.76 7,837.45 8,242.31 460,139 227,353 232,786 13,293.26 102
2018-01-18 12,139.54 6,695.20 5,444.34 367,954 207,979 159,975 11,640.01 89
2018-01-19 11,955.30 6,104.56 5,850.74 382,696 189,065 193,631 12,627.19 97
2018-01-22 12,145.93 6,597.82 5,548.11 355,096 190,081 165,015 11,852.89 91
2018-01-23 14,508.47 8,464.77 6,043.70 403,362 226,352 177,010 10,490.69 80
2018-01-24 13,250.02 6,276.27 6,973.75 397,474 192,829 204,645 13,549.84 104
2018-01-25 12,126.62 6,715.46 5,411.16 406,270 214,993 191,277 11,509.97 88
2018-01-26 11,683.00 6,819.79 4,863.21 363,681 200,332 163,349 10,961.68 84
2018-01-29 13,312.39 6,417.26 6,895.13 406,507 177,016 229,491 13,430.01 103
2018-01-30 12,237.52 6,000.32 6,237.20 407,763 201,583 206,180 13,169.52 101
2018-01-31 11,034.00 5,346.27 5,687.73 355,480 178,356 177,124 13,208.56 101
2018-02-01 14,697.38 6,908.15 7,789.23 467,104 237,030 230,074 13,784.48 106
2018-02-02 13,189.34 5,967.93 7,221.41 483,845 225,226 258,619 14,159.28 108
2018-02-05 14,889.52 5,668.55 9,220.97 462,002 217,211 244,791 16,431.79 126
2018-02-06 21,433.87 7,000.67 14,433.20 572,763 223,606 349,157 20,366.15 156
2018-02-07 19,444.42 9,616.66 9,827.76 598,902 301,418 297,484 13,158.69 101
2018-02-08 15,179.11 8,204.76 6,974.35 464,541 254,462 210,079 11,651.67 89
2018-02-09 18,624.32 8,258.53 10,365.79 618,741 248,814 369,927 15,000.78 115
2018-02-12 12,925.50 5,810.41 7,115.09 483,230 200,610 282,620 14,222.33 109
2018-02-13 10,192.81 5,090.61 5,102.20 354,357 164,231 190,126 12,961.73 99
2018-02-14 6,705.59 3,549.67 3,155.92 257,571 127,173 130,398 12,549.36 96
2018-02-15 - - - - - - - -
2018-02-16 - - - - - - - -
2018-02-19 - - - - - - - -
2018-02-20 - - - - - - - -
2018-02-21 - - - - - - - -
2018-02-22 10,231.72 5,639.48 4,592.24 376,933 220,098 156,835 11,873.57 91
2018-02-23 8,600.54 4,893.06 3,707.48 325,063 173,181 151,882 11,760.59 90
2018-02-26 8,490.03 5,267.28 3,222.75 324,051 193,403 130,648 10,903.88 83
2018-02-27 10,880.07 6,264.07 4,616.00 386,316 194,460 191,856 11,298.45 86
2018-02-28 8,961.69 4,150.95 4,810.74 352,197 149,029 203,168 13,599.68 104
2018-03-01 8,773.78 4,611.40 4,162.38 384,194 181,686 202,508 12,447.18 95
2018-03-02 7,938.99 3,531.60 4,407.39 335,637 128,169 207,468 13,830.19 106
2018-03-05 8,304.54 3,515.04 4,789.50 374,484 131,383 243,101 14,233.70 109
2018-03-06 9,659.64 5,147.77 4,511.87 394,859 183,505 211,354 12,281.22 94
2018-03-07 9,401.96 3,828.83 5,573.13 375,956 137,819 238,137 14,682.95 112
2018-03-08 7,562.72 4,800.27 2,762.45 310,589 158,855 151,734 10,856.20 83
2018-03-09 7,073.16 4,042.34 3,030.82 263,897 140,176 123,721 11,903.18 91
2018-03-12 9,840.30 5,852.04 3,988.26 370,868 210,618 160,250 11,038.43 84
2018-03-13 8,635.67 4,969.04 3,666.63 337,739 172,864 164,875 11,585.09 89
2018-03-14 7,357.56 3,847.55 3,510.01 325,131 146,671 178,460 12,583.07 96
2018-03-15 8,413.49 4,683.56 3,729.93 317,503 160,017 157,486 11,992.97 92
2018-03-16 10,323.67 4,541.70 5,781.97 375,248 160,826 214,422 14,035.20 107
2018-03-19 7,738.56 4,079.81 3,658.75 302,293 140,054 162,239 12,519.25 96
2018-03-20 8,086.08 3,755.22 4,330.86 322,800 146,114 176,686 13,517.86 103
2018-03-21 9,354.76 4,579.28 4,775.48 335,379 158,113 177,266 13,160.46 101
2018-03-22 8,904.72 4,516.03 4,388.69 339,541 151,950 187,591 12,830.70 98
2018-03-23 13,404.45 5,997.70 7,406.75 444,913 179,915 264,998 14,332.68 110
2018-03-26 11,734.26 6,878.68 4,855.58 414,396 219,596 194,800 10,853.33 83
2018-03-27 10,856.20 6,244.45 4,611.75 425,502 224,878 200,624 11,298.19 86
2018-03-28 12,248.72 6,567.95 5,680.77 406,659 199,956 206,703 12,052.52 92
2018-03-29 - - - - - - - -
2018-03-30 - - - - - - - -
2018-04-02 - - - - - - - -
2018-04-03 13,013.38 7,704.02 5,309.36 538,940 303,672 235,268 10,537.01 81
2018-04-04 10,065.34 5,426.05 4,639.29 410,613 218,073 192,540 12,183.71 93
2018-04-05 - - - - - - - -
2018-04-06 - - - - - - - -
2018-04-09 10,941.76 6,640.82 4,300.94 463,473 255,346 208,127 10,598.75 81
2018-04-10 11,003.73 6,773.26 4,230.47 430,714 262,753 167,961 10,359.65 79
2018-04-11 9,705.02 4,945.33 4,759.69 381,931 205,739 176,192 12,751.84 98
2018-04-12 8,062.15 4,777.28 3,284.87 357,522 199,455 158,067 11,463.67 88
2018-04-13 8,116.09 4,531.05 3,585.04 358,307 183,014 175,293 11,992.28 92
2018-04-16 9,952.89 5,648.10 4,304.79 405,829 203,047 202,782 11,605.46 89
2018-04-17 10,502.78 5,807.32 4,695.46 426,528 212,302 214,226 11,843.36 91
2018-04-18 13,745.73 8,864.30 4,881.43 520,274 310,303 209,971 8,959.07 68
2018-04-19 10,304.58 6,877.50 3,427.08 408,564 259,745 148,819 9,490.85 73
2018-04-20 9,834.37 4,511.08 5,323.29 408,975 185,583 223,392 13,753.89 105
2018-04-23 10,170.40 5,787.09 4,383.31 419,719 235,273 184,446 11,546.43 88
2018-04-24 11,274.33 6,824.66 4,449.67 459,848 292,142 167,706 10,571.77 81
2018-04-25 7,772.07 4,400.08 3,371.99 351,308 202,911 148,397 11,932.04 91
2018-04-26 10,523.39 5,327.45 5,195.94 463,321 229,623 233,698 12,837.95 98
2018-04-27 14,609.71 8,683.05 5,926.66 533,571 317,595 215,976 10,119.60 77
2018-04-30 - - - - - - - -
2018-05-01 - - - - - - - -
2018-05-02 12,180.20 7,250.69 4,929.51 509,959 295,949 214,010 49,608.70 95
2018-05-03 10,253.59 5,366.92 4,886.67 496,515 282,160 214,355 51,455.28 98
2018-05-04 8,491.61 4,003.67 4,487.94 423,304 204,704 218,600 52,409.24 100
2018-05-07 9,914.55 5,771.42 4,143.13 446,307 271,970 174,337 50,285.37 96
2018-05-08 9,364.75 5,388.25 3,976.50 372,263 208,581 163,682 50,511.83 97
2018-05-09 7,080.14 3,934.63 3,145.51 358,744 184,489 174,255 51,164.88 98
2018-05-10 7,867.58 4,813.60 3,053.98 352,895 204,730 148,165 50,160.40 96
2018-05-11 9,072.38 5,589.93 3,482.45 370,613 204,893 165,720 49,836.04 95
2018-05-14 10,173.28 6,786.14 3,387.14 415,223 276,460 138,763 48,520.28 93
2018-05-15 9,268.37 5,374.85 3,893.52 395,008 231,094 163,914 50,432.70 96
2018-05-16 8,777.17 4,487.66 4,289.51 418,196 223,681 194,515 51,758.39 99
2018-05-17 7,521.93 4,405.08 3,116.85 353,667 203,862 149,805 50,658.07 97
2018-05-18 9,050.77 5,704.04 3,346.73 382,207 239,879 142,328 49,514.25 95
2018-05-21 - - - - - - - -
2018-05-22 - - - - - - - -
2018-05-23 12,003.59 6,407.99 5,595.60 576,765 305,708 271,057 51,140.36 98
2018-05-24 8,425.42 4,576.14 3,849.28 393,623 207,125 186,498 51,185.30 98
2018-05-25 8,794.96 5,119.13 3,675.83 436,145 242,033 194,112 50,487.78 97
2018-05-28 9,126.11 5,672.63 3,453.48 421,027 252,482 168,545 49,693.32 95
2018-05-29 10,518.62 5,377.42 5,141.20 500,137 270,818 229,319 51,719.63 99
2018-05-30 11,948.48 5,785.10 6,163.38 588,221 288,773 299,448 52,295.22 100
2018-05-31 22,180.34 12,589.83 9,590.51 959,007 572,598 386,409 48,373.92 93
2018-06-01 10,650.03 6,069.35 4,580.68 542,070 301,504 240,566 50,457.62 97
2018-06-04 13,063.05 8,266.73 4,796.32 583,778 338,278 245,500 48,386.62 93
2018-06-05 12,080.28 6,611.38 5,468.90 471,669 259,266 212,403 50,691.52 97
2018-06-06 10,435.22 6,036.26 4,398.96 494,882 255,516 239,366 50,273.06 96
2018-06-07 11,522.10 6,950.06 4,572.04 508,587 275,694 232,893 49,529.46 95
2018-06-08 16,097.56 7,479.07 8,618.49 841,655 392,822 448,833 52,754.40 101
2018-06-11 11,820.29 7,355.93 4,464.36 550,439 313,024 237,415 49,031.23 94
2018-06-12 11,576.72 6,275.00 5,301.72 530,486 261,743 268,743 50,896.45 97
2018-06-13 10,943.01 5,833.79 5,109.22 477,228 254,809 222,419 51,214.94 98
2018-06-14 12,000.73 6,929.55 5,071.18 572,031 328,533 243,498 50,068.70 96
2018-06-15 14,755.34 8,423.42 6,331.92 654,146 354,461 299,685 49,742.57 95
2018-06-18 - - - - - - - -
2018-06-19 23,522.23 10,739.38 12,782.85 817,461 374,827 442,634 53,979.98 103
2018-06-20 13,604.12 6,642.39 6,961.73 694,371 314,904 379,467 52,215.58 100
2018-06-21 15,567.27 7,975.98 7,591.29 683,842 320,932 362,910 51,572.94 99
2018-06-22 10,960.64 5,395.89 5,564.75 578,791 271,519 307,272 52,105.10 100
2018-06-25 12,677.81 5,132.07 7,545.74 603,491 244,077 359,414 54,382.96 104
2018-06-26 14,295.72 7,907.19 6,388.53 686,075 351,488 334,587 50,392.22 96
2018-06-27 13,931.58 6,945.10 6,986.48 700,002 311,578 388,424 51,996.83 99
2018-06-28 16,338.68 9,266.12 7,072.56 754,542 364,554 389,988 49,701.29 95
2018-06-29 - - - - - - - -
2018-07-02 - - - - - - - -
2018-07-03 20,155.35 10,889.48 9,265.87 862,188 450,379 411,809 50,250.13 96
2018-07-04 10,367.33 4,997.99 5,369.34 590,715 269,781 320,934 52,255.26 100
2018-07-05 11,911.71 6,830.63 5,081.08 562,435 300,090 262,345 50,187.43 96
2018-07-06 13,642.09 8,156.62 5,485.47 659,472 373,511 285,961 49,229.18 94
2018-07-09 10,157.57 6,259.89 3,897.68 500,478 291,912 208,566 49,526.07 95
2018-07-10 9,352.92 4,881.36 4,471.56 507,574 259,323 248,251 51,485.95 99
2018-07-11 9,253.93 4,704.02 4,549.91 497,933 247,635 250,298 51,738.04 99
2018-07-12 10,913.08 6,247.86 4,665.22 526,695 303,738 222,957 50,304.38 96
