2017-11-09 6,692.50 3,998.96 2,693.54 239,566 137,798 101,768 11,586.19 89
2017-11-10 6,947.86 3,532.85 3,415.01 248,126 129,459 118,667 12,825.05 98
2017-11-13 7,524.41 3,995.22 3,529.19 287,228 143,665 143,563 12,459.93 95
2017-11-14 7,806.55 4,101.96 3,704.59 296,630 130,852 165,778 12,556.08 96
2017-11-15 8,080.27 3,595.02 4,485.25 303,076 123,718 179,358 13,787.59 106
2017-11-16 6,844.18 3,667.76 3,176.42 272,961 143,053 129,908 12,385.06 95
2017-11-17 8,549.47 4,722.14 3,827.33 322,052 170,173 151,879 12,035.67 92
2017-11-20 8,705.81 4,690.93 4,014.88 324,275 183,269 141,006 12,225.35 94
2017-11-21 8,755.23 4,285.06 4,470.17 326,328 176,949 149,379 13,102.55 100
2017-11-22 7,414.93 3,751.39 3,663.54 288,926 139,113 149,813 12,830.67 98
2017-11-23 9,147.17 4,510.92 4,636.25 353,016 153,281 199,735 13,075.43 100
2017-11-24 8,994.07 4,476.08 4,517.99 338,037 155,482 182,555 12,958.34 99
2017-11-27 7,467.05 3,415.22 4,051.83 315,823 144,210 171,613 13,575.46 104
2017-11-28 6,156.81 3,719.18 2,437.63 275,552 157,555 117,997 11,629.82 89
2017-11-29 6,956.08 3,657.52 3,298.56 309,328 138,524 170,804 12,576.00 96
2017-11-30 6,505.73 2,889.44 3,616.29 259,554 104,979 154,575 13,467.95 103
2017-12-01 6,471.08 4,270.66 2,200.42 267,358 171,036 96,322 10,867.18 83
2017-12-04 6,856.32 3,538.90 3,317.42 289,425 153,163 136,262 12,721.37 97
2017-12-05 6,559.97 3,038.13 3,521.84 294,376 149,798 144,578 13,417.15 103
2017-12-06 8,107.37 4,017.53 4,089.84 322,500 164,286 158,214 13,019.79 100
2017-12-07 6,641.82 2,986.72 3,655.10 312,753 137,394 175,359 13,624.71 104
2017-12-08 7,088.32 3,985.21 3,103.11 368,281 179,315 188,966 11,934.85 91
2017-12-11 6,786.24 3,657.25 3,128.99 286,674 148,536 138,138 12,402.57 95
2017-12-12 5,526.43 2,658.61 2,867.82 249,607 116,176 133,431 13,172.95 101
2017-12-13 5,210.85 3,012.40 2,198.45 218,952 126,984 91,968 12,142.57 93
2017-12-14 5,580.85 2,998.99 2,581.86 226,521 109,596 116,925 12,538.72 96
2017-12-15 6,257.57 2,378.88 3,878.69 260,068 105,083 154,985 14,458.53 111
2017-12-18 4,656.62 2,511.65 2,144.97 216,582 104,478 112,104 12,557.74 96
2017-12-19 4,688.95 2,712.36 1,976.59 220,109 120,189 99,920 12,198.41 93
2017-12-20 4,950.52 2,301.30 2,649.22 234,371 98,960 135,411 13,281.83 102
2017-12-21 5,097.82 2,831.64 2,266.18 233,411 128,429 104,982 12,376.04 95
2017-12-22 - - - - - - - -
2017-12-25 - - - - - - - -
2017-12-26 - - - - - - - -
2017-12-27 6,482.01 3,281.38 3,200.63 302,885 159,844 143,041 12,869.88 98
2017-12-28 6,440.00 3,893.50 2,546.50 268,235 157,862 110,373 11,535.87 88
2017-12-29 4,669.27 2,691.98 1,977.29 208,898 114,363 94,535 12,230.12 94
2018-01-01 - - - - - - - -
2018-01-02 5,773.98 3,564.80 2,209.18 231,511 132,427 99,084 11,600.10 89
2018-01-03 7,468.99 4,652.43 2,816.56 312,614 180,518 132,096 11,062.62 85
2018-01-04 6,721.47 4,170.06 2,551.41 270,822 154,936 115,886 11,297.05 86
2018-01-05 6,807.24 4,144.62 2,662.62 255,036 146,809 108,227 11,432.01 87
2018-01-08 7,222.84 4,150.10 3,072.74 277,285 154,499 122,786 11,819.26 90
2018-01-09 6,765.65 4,124.02 2,641.63 266,428 146,992 119,436 11,396.01 87
2018-01-10 7,059.02 3,638.48 3,420.54 267,530 141,631 125,899 12,680.44 97
2018-01-11 6,731.56 3,482.06 3,249.50 264,967 130,201 134,766 12,687.43 97
2018-01-12 6,191.58 3,403.29 2,788.29 239,702 125,139 114,563 12,306.65 94
2018-01-15 7,713.38 3,830.05 3,883.33 280,904 135,060 145,844 12,991.27 99
2018-01-16 7,723.50 4,606.63 3,116.87 278,207 168,378 109,829 11,412.02 87
2018-01-17 9,619.13 4,597.99 5,021.14 351,285 162,165 189,120 13,350.91 102
2018-01-18 7,293.71 3,924.87 3,368.84 284,101 156,602 127,499 12,366.25 95
2018-01-19 7,258.88 4,025.66 3,233.22 294,854 158,722 136,132 12,155.72 93
2018-01-22 7,901.30 4,511.32 3,389.98 290,969 168,854 122,115 11,762.93 90
2018-01-23 8,921.96 4,583.49 4,338.47 310,834 157,901 152,933 12,651.40 97
2018-01-24 8,697.76 4,758.90 3,938.86 329,210 178,376 150,834 12,020.21 92
2018-01-25 8,666.16 4,792.88 3,873.28 316,464 169,101 147,363 12,015.68 92
2018-01-26 7,109.82 4,078.35 3,031.47 271,407 159,374 112,033 11,856.73 91
2018-01-29 9,313.52 4,483.21 4,830.31 343,330 145,921 197,409 13,283.18 102
2018-01-30 8,053.90 4,348.74 3,705.16 327,257 181,336 145,921 12,298.70 94
2018-01-31 8,285.43 4,285.83 3,999.60 314,872 163,674 151,198 12,643.82 97
2018-02-01 9,739.09 5,445.70 4,293.39 375,953 204,671 171,282 11,786.47 90
2018-02-02 8,992.75 5,047.36 3,945.39 384,611 214,175 170,436 11,825.27 90
2018-02-05 9,187.74 4,638.57 4,549.17 406,035 225,783 180,252 12,834.28 98
2018-02-06 12,335.64 4,987.66 7,347.98 475,990 222,004 253,986 15,298.03 117
2018-02-07 12,099.70 7,013.67 5,086.03 493,410 274,938 218,472 11,038.82 84
2018-02-08 10,293.32 5,969.16 4,324.16 406,831 254,569 152,262 11,287.45 86
2018-02-09 11,277.38 5,387.95 5,889.43 469,238 231,472 237,766 13,467.29 103
2018-02-12 9,222.70 4,634.56 4,588.14 380,567 177,431 203,136 12,890.45 99
2018-02-13 7,105.67 3,119.30 3,986.37 300,974 127,911 173,063 13,839.46 106
2018-02-14 4,716.37 2,738.77 1,977.60 216,517 112,874 103,643 12,197.57 93
2018-02-15 - - - - - - - -
2018-02-16 - - - - - - - -
2018-02-19 - - - - - - - -
2018-02-20 - - - - - - - -
2018-02-21 - - - - - - - -
2018-02-22 7,847.56 4,585.64 3,261.92 319,334 190,863 128,471 11,599.93 89
2018-02-23 5,816.60 3,205.07 2,611.53 263,637 132,574 131,063 12,312.98 94
2018-02-26 7,302.81 4,233.93 3,068.88 282,365 162,191 120,174 11,702.36 90
2018-02-27 9,235.13 5,093.66 4,141.47 375,555 190,628 184,927 12,006.67 92
2018-02-28 9,175.07 4,690.14 4,484.93 358,685 176,078 182,607 12,754.67 98
2018-03-01 7,623.22 4,195.93 3,427.29 372,839 179,579 193,260 12,168.45 93
2018-03-02 7,699.81 3,758.13 3,941.68 349,314 142,401 206,913 13,119.78 100
2018-03-05 6,654.26 3,276.10 3,378.16 337,043 134,656 202,387 13,054.99 100
2018-03-06 8,052.37 4,198.03 3,854.34 375,906 167,898 208,008 12,580.31 96
2018-03-07 6,725.56 2,951.53 3,774.03 348,358 137,596 210,762 13,783.25 106
2018-03-08 6,572.22 3,680.34 2,891.88 321,745 152,619 169,126 12,157.69 93
2018-03-09 7,796.44 4,093.65 3,702.79 306,064 169,056 137,008 12,555.67 96
2018-03-12 8,324.05 4,414.11 3,909.94 348,716 196,858 151,858 12,426.36 95
2018-03-13 7,661.74 3,860.02 3,801.72 333,832 167,061 166,771 12,908.26 99
2018-03-14 6,986.40 3,619.52 3,366.88 305,644 144,627 161,017 12,680.02 97
2018-03-15 7,616.71 4,020.29 3,596.42 315,634 162,494 153,140 12,460.82 95
2018-03-16 9,239.76 4,147.46 5,092.30 343,313 158,216 185,097 13,860.10 106
2018-03-19 5,935.12 3,199.35 2,735.77 264,732 136,148 128,584 12,458.94 95
2018-03-20 6,881.73 3,292.68 3,589.05 319,354 150,647 168,707 13,195.58 101
2018-03-21 7,157.97 3,945.90 3,212.07 315,244 165,696 149,548 12,219.48 93
2018-03-22 7,185.69 3,715.13 3,470.56 310,769 150,803 159,966 12,694.62 97
2018-03-23 11,096.52 5,379.94 5,716.58 423,764 183,371 240,393 13,278.57 102
2018-03-26 8,645.97 5,231.40 3,414.57 376,875 212,078 164,797 11,105.98 85
2018-03-27 10,124.92 4,775.64 5,349.28 399,337 192,649 206,688 13,531.11 104
2018-03-28 9,489.18 4,652.30 4,836.88 364,114 161,053 203,061 13,138.06 101
2018-03-29 - - - - - - - -
2018-03-30 - - - - - - - -
2018-04-02 - - - - - - - -
2018-04-03 10,581.43 5,546.60 5,034.83 487,256 255,332 231,924 12,439.42 95
2018-04-04 7,965.09 4,294.88 3,670.21 368,757 193,578 175,179 12,334.09 94
2018-04-05 - - - - - - - -
2018-04-06 - - - - - - - -
2018-04-09 7,438.73 4,186.66 3,252.07 369,203 193,643 175,560 12,014.51 92
2018-04-10 8,026.11 4,414.22 3,611.89 370,923 205,375 165,548 12,154.52 93
2018-04-11 8,957.69 4,856.24 4,101.45 390,884 223,480 167,404 12,157.51 93
2018-04-12 6,788.19 4,063.63 2,724.56 336,098 193,192 142,906 11,634.28 89
2018-04-13 6,876.58 4,116.38 2,760.20 342,758 194,769 147,989 11,599.36 89
2018-04-16 8,895.68 5,080.06 3,815.62 380,026 205,537 174,489 11,677.49 89
2018-04-17 9,864.62 4,720.19 5,144.43 440,719 191,570 249,149 13,378.51 102
2018-04-18 11,784.31 7,511.56 4,272.75 478,246 277,366 200,880 9,698.34 74
2018-04-19 9,237.60 5,526.81 3,710.79 426,623 247,896 178,727 11,132.57 85
2018-04-20 8,431.90 4,041.88 4,390.02 400,910 182,639 218,271 13,295.36 102
2018-04-23 8,848.83 4,889.20 3,959.63 426,965 214,652 212,313 12,022.98 92
2018-04-24 9,083.07 5,304.15 3,778.92 435,832 263,768 172,064 11,429.01 87
2018-04-25 7,596.55 3,973.78 3,622.77 356,050 186,458 169,592 12,592.91 96
2018-04-26 12,660.17 4,714.36 7,945.81 535,722 200,740 334,982 16,198.04 124
2018-04-27 12,802.53 6,274.58 6,527.95 517,075 263,603 253,472 13,202.02 101
2018-04-30 - - - - - - - -
2018-05-01 - - - - - - - -
2018-05-02 10,723.19 6,485.96 4,237.23 531,643 298,243 233,400 49,661.89 95
2018-05-03 9,053.37 4,490.40 4,562.97 489,037 263,838 225,199 51,908.67 99
2018-05-04 7,076.87 3,113.59 3,963.28 409,854 199,646 210,208 52,787.07 101
2018-05-07 8,325.79 4,703.24 3,622.55 451,746 261,848 189,898 50,864.02 97
2018-05-08 8,343.10 4,435.95 3,907.15 419,020 226,609 192,411 51,400.32 98
2018-05-09 6,409.55 3,903.43 2,506.12 374,030 210,119 163,911 50,550.87 97
2018-05-10 7,319.65 4,284.35 3,035.30 399,486 222,601 176,885 50,665.28 97
2018-05-11 7,608.39 4,025.43 3,582.96 406,676 194,839 211,837 51,515.79 99
2018-05-14 9,075.54 5,681.17 3,394.37 436,444 264,435 172,009 49,635.69 95
2018-05-15 8,415.31 5,283.05 3,132.26 438,218 263,454 174,764 49,758.96 95
2018-05-16 8,475.46 4,692.32 3,783.14 429,889 231,955 197,934 51,033.84 98
2018-05-17 6,565.68 3,778.65 2,787.03 371,102 208,037 163,065 50,964.35 98
2018-05-18 6,533.35 3,806.96 2,726.39 364,889 203,079 161,810 50,857.31 97
2018-05-21 - - - - - - - -
2018-05-22 - - - - - - - -
2018-05-23 9,717.45 5,568.09 4,149.36 541,649 299,462 242,187 50,496.47 97
2018-05-24 7,780.52 4,551.27 3,229.25 440,564 244,233 196,331 50,635.43 97
2018-05-25 8,198.46 4,394.71 3,803.75 478,366 239,677 238,689 51,329.49 98
2018-05-28 8,712.70 5,182.88 3,529.82 464,460 266,940 197,520 50,259.63 96
2018-05-29 9,070.33 5,149.99 3,920.34 500,000 275,191 224,809 50,731.97 97
2018-05-30 10,086.59 5,867.44 4,219.15 574,813 314,458 260,355 50,291.09 96
2018-05-31 12,507.45 7,627.95 4,879.50 672,136 419,290 252,846 48,996.83 94
2018-06-01 9,261.96 4,983.08 4,278.88 568,946 294,400 274,546 51,258.20 98
2018-06-04 10,219.71 6,390.72 3,828.99 582,663 331,920 250,743 49,354.47 94
2018-06-05 9,583.40 6,088.78 3,494.62 474,041 288,166 185,875 49,334.02 94
2018-06-06 8,351.28 4,687.20 3,664.08 501,305 257,887 243,418 50,914.64 97
2018-06-07 8,413.51 5,088.69 3,324.82 505,321 256,336 248,985 50,171.66 96
2018-06-08 11,436.64 6,359.45 5,077.19 679,514 351,592 327,922 50,413.61 96
2018-06-11 9,676.35 5,523.23 4,153.12 504,539 254,323 250,216 50,548.96 97
2018-06-12 9,856.99 5,687.91 4,169.08 485,775 259,250 226,525 50,400.19 96
2018-06-13 8,127.91 4,409.80 3,718.11 435,828 216,813 219,015 51,262.25 98
2018-06-14 7,935.43 4,441.54 3,493.89 484,549 261,842 222,707 51,006.63 98
2018-06-15 8,800.58 4,668.73 4,131.85 518,838 252,945 265,893 51,396.84 98
2018-06-18 - - - - - - - -
2018-06-19 12,725.80 6,328.85 6,396.95 645,736 310,542 335,194 52,009.00 100
2018-06-20 9,123.28 5,098.07 4,025.21 580,574 302,731 277,843 50,862.18 97
2018-06-21 10,160.83 4,432.60 5,728.23 638,648 267,308 371,340 53,261.26 102
2018-06-22 8,559.77 4,420.10 4,139.67 574,185 283,831 290,354 51,666.55 99
2018-06-25 8,631.33 3,632.80 4,998.53 525,975 226,838 299,137 53,294.53 102
2018-06-26 10,155.00 5,499.79 4,655.21 624,018 333,224 290,794 50,983.23 98
2018-06-27 9,721.71 4,256.22 5,465.49 625,543 248,808 376,735 53,162.11 102
2018-06-28 10,501.26 4,556.35 5,944.91 660,902 274,050 386,852 53,343.38 102
2018-06-29 - - - - - - - -
2018-07-02 - - - - - - - -
2018-07-03 14,038.05 6,378.85 7,659.20 773,911 343,734 430,177 53,196.19 102
2018-07-04 9,391.99 4,165.26 5,226.73 640,716 278,218 362,498 53,042.93 102
2018-07-05 8,999.92 4,757.96 4,241.96 526,963 257,845 269,118 51,458.95 98
2018-07-06 10,625.07 6,169.68 4,455.39 639,420 350,578 288,842 50,202.74 96
2018-07-09 8,482.14 4,775.78 3,706.36 534,360 297,262 237,098 50,826.69 97
2018-07-10 8,095.93 4,147.68 3,948.25 529,011 272,705 256,306 51,737.67 99
2018-07-11 8,230.81 3,911.54 4,319.27 554,963 258,235 296,728 52,339.20 100
2018-07-12 8,806.32 4,508.06 4,298.26 530,647 292,182 238,465 51,730.44 99
2018-07-13 8,381.95 4,489.04 3,892.91 558,741 309,450 249,291 51,341.93 98
2018-07-16 7,846.52 4,144.18 3,702.34 492,107 254,210 237,897 51,512.40 99
2018-07-17 7,021.33 3,280.69 3,740.64 495,058 236,599 258,459 52,404.24 100
2018-07-18 6,480.56 3,159.28 3,321.28 442,195 215,969 226,226 52,111.83 100
2018-07-19 7,531.34 4,115.80 3,415.54 494,566 251,864 242,702 51,125.60 98
2018-07-20 9,619.38 5,626.15 3,993.23 533,549 292,082 241,467 50,288.23 96
2018-07-23 9,073.01 4,650.39 4,422.62 520,002 270,034 249,968 51,665.18 99
2018-07-24 10,488.42 5,740.44 4,747.98 592,396 325,479 266,917 50,946.48 97
2018-07-25 7,967.31 4,107.01 3,860.30 509,039 252,734 256,305 51,688.73 99
2018-07-26 8,743.63 4,065.63 4,678.00 568,647 259,540 309,107 52,567.47 101
2018-07-27 7,193.83 3,833.98 3,359.85 492,196 231,487 260,709 51,466.94 98
2018-07-30 8,660.18 4,357.27 4,302.91 572,838 255,408 317,430 51,853.76 99
2018-07-31 8,001.65 4,631.39 3,370.26 547,037 294,117 252,920 50,654.52 97
2018-08-01 8,821.89 4,646.69 4,175.20 573,494 272,022 301,472 51,457.21 98
2018-08-02 13,154.34 6,392.85 6,761.49 722,358 306,686 415,672 52,216.65 100
2018-08-03 10,875.09 5,955.39 4,919.70 621,622 296,020 325,602 50,911.93 97
2018-08-06 10,568.78 6,103.19 4,465.59 577,704 282,277 295,427 50,327.06 96
2018-08-07 9,537.94 5,257.79 4,280.15 621,724 337,489 284,235 50,920.18 97
2018-08-08 10,162.39 5,461.58 4,700.81 613,260 304,703 308,557 51,200.06 98
2018-08-09 9,921.03 5,885.86 4,035.17 615,586 358,357 257,229 50,023.21 96
2018-08-10 7,777.07 4,033.12 3,743.95 510,181 264,754 245,427 51,659.05 99
2018-08-13 7,854.94 3,713.59 4,141.35 512,219 246,933 265,286 52,387.00 100
2018-08-14 7,860.72 3,426.15 4,434.57 544,188 242,794 301,394 52,960.03 101
2018-08-15 8,197.55 3,765.41 4,432.14 550,779 235,238 315,541 52,632.75 101
2018-08-16 8,920.42 4,826.23 4,094.19 604,875 306,430 298,445 51,221.08 98
2018-08-17 8,336.61 4,367.82 3,968.79 598,199 283,991 314,208 51,532.01 99
2018-08-20 9,073.70 5,413.24 3,660.46 617,346 336,303 281,043 50,159.64 96
2018-08-21 8,750.78 4,933.14 3,817.64 520,620 284,932 235,688 50,784.44 97
2018-08-22 6,001.86 3,095.53 2,906.33 455,334 233,701 221,633 51,742.86 99
2018-08-23 7,305.48 3,903.99 3,401.49 530,667 281,268 249,399 51,434.04 98
2018-08-24 6,982.02 3,561.21 3,420.81 491,369 235,242 256,127 51,792.26 99
2018-08-27 9,176.08 5,327.11 3,848.97 554,851 332,259 222,592 50,376.16 96
2018-08-28 8,102.56 4,514.05 3,588.51 525,736 287,968 237,768 51,026.34 98
2018-08-29 6,799.16 3,573.69 3,225.47 515,664 256,745 258,919 51,580.29 99
2018-08-30 8,077.68 4,152.43 3,925.25 596,569 291,489 305,080 51,725.67 99
2018-08-31 10,481.74 5,828.49 4,653.25 644,332 337,534 306,798 50,697.31 97
2018-09-03 7,599.20 4,061.88 3,537.32 551,278 280,348 270,930 51,417.29 98
2018-09-04 7,209.60 3,812.34 3,397.26 518,128 264,190 253,938 51,491.88 99
2018-09-05 7,893.12 3,602.93 4,290.19 557,777 261,494 296,283 52,659.00 101
2018-09-06 8,044.41 3,982.25 4,062.16 583,014 272,783 310,231 52,047.38 100
2018-09-07 8,403.34 4,115.19 4,288.15 595,551 293,132 302,419 52,123.92 100
2018-09-10 7,323.31 3,530.02 3,793.29 545,485 260,536 284,949 52,213.36 100
2018-09-11 7,170.36 3,795.62 3,374.74 565,487 302,710 262,777 51,478.45 98
2018-09-12 6,769.43 3,275.30 3,494.13 500,267 238,451 261,816 52,180.72 100
2018-09-13 7,795.95 4,212.44 3,583.51 518,149 256,932 261,217 51,339.94 98
2018-09-14 7,476.19 4,368.97 3,107.22 515,312 276,706 238,606 50,705.12 97
2018-09-17 5,921.17 3,370.82 2,550.35 455,216 247,977 207,239 51,139.08 98
2018-09-18 7,453.19 3,899.09 3,554.10 499,660 265,525 234,135 51,601.32 99
2018-09-19 8,718.91 4,411.79 4,307.12 494,955 269,016 225,939 51,840.60 99
2018-09-20 7,186.56 4,235.51 2,951.05 464,851 266,900 197,951 50,684.60 97
2018-09-21 - - - - - - - -
2018-09-24 - - - - - - - -
2018-09-25 - - - - - - - -
2018-09-26 11,780.46 6,160.67 5,619.79 692,231 386,042 306,189 51,395.99 98
2018-09-27 8,281.80 4,306.01 3,975.79 517,447 259,802 257,645 51,606.16 99
2018-09-28 7,295.24 4,153.90 3,141.34 497,217 285,784 211,433 50,947.30 97
2018-10-01 - - - - - - - -
2018-10-02 - - - - - - - -
2018-10-03 - - - - - - - -
2018-10-04 - - - - - - - -
2018-10-05 - - - - - - - -
2018-10-08 10,709.38 4,192.22 6,517.16 662,872 269,249 393,623 54,296.25 104
2018-10-09 8,550.27 3,903.90 4,646.37 601,542 292,085 309,457 52,688.17 101
2018-10-10 7,471.09 3,539.84 3,931.25 502,186 223,203 278,983 52,348.45 100
2018-10-11 11,841.32 5,228.95 6,612.37 663,343 274,687 388,656 53,348.63 102
2018-10-12 10,759.07 5,646.56 5,112.51 666,739 338,995 327,744 51,359.52 98
2018-10-15 8,426.42 4,362.53 4,063.89 616,258 293,685 322,573 51,671.55 99
2018-10-16 - - - - - - - -
2018-10-17 - - - - - - - -
2018-10-18 10,178.12 5,201.31 4,976.81 799,960 396,399 403,561 51,716.82 99
2018-10-19 11,143.09 6,008.12 5,134.97 811,687 471,166 340,521 51,073.20 98
2018-10-22 12,969.67 6,588.03 6,381.64 710,589 393,777 316,812 51,659.12 99
2018-10-23 9,896.80 4,672.13 5,224.67 637,873 297,787 340,086 52,534.38 101
2018-10-24 9,375.72 4,366.03 5,009.69 599,715 269,951 329,764 52,598.49 101
2018-10-25 9,253.86 4,197.39 5,056.47 579,241 255,901 323,340 52,806.58 101
2018-10-26 8,433.42 3,825.08 4,608.34 549,791 246,531 303,260 52,750.83 101
2018-10-29 10,254.79 5,201.18 5,053.61 612,930 284,946 327,984 51,829.32 99
2018-10-30 11,962.04 5,626.55 6,335.49 712,842 335,168 377,674 52,605.45 101
2018-10-31 10,447.58 5,904.69 4,542.89 618,790 326,330 292,460 50,551.10 97
2018-11-01 12,663.89 7,774.98 4,888.91 665,090 392,640 272,450 49,071.35 94
2018-11-02 17,571.74 11,971.83 5,599.91 785,833 530,751 255,082 45,421.44 87
2018-11-05 12,472.51 6,466.20 6,006.31 666,418 348,950 317,468 51,490.73 99
2018-11-06 9,238.48 4,104.08 5,134.40 648,516 313,345 335,171 52,952.79 101
2018-11-07 8,945.95 4,678.76 4,267.19 636,471 314,669 321,802 51,548.79 99
2018-11-08 8,001.03 4,296.78 3,704.25 578,325 313,258 265,067 51,348.35 98
2018-11-09 8,161.36 4,190.21 3,971.15 604,082 308,610 295,472 51,697.64 99
2018-11-12 9,427.60 4,924.06 4,503.54 628,568 343,257 285,311 51,519.03 99
2018-11-13 11,976.43 6,595.01 5,381.42 730,018 415,993 314,025 50,703.20 97
2018-11-14 8,499.54 4,120.29 4,379.25 580,101 289,814 290,287 52,193.74 100
2018-11-15 8,254.78 4,263.87 3,990.91 580,799 305,976 274,823 51,648.05 99
2018-11-16 9,803.54 5,464.54 4,339.00 604,132 359,307 244,825 50,788.26 97
2018-11-19 10,348.91 5,424.31 4,924.60 660,425 341,715 318,710 51,425.38 98
2018-11-20 10,383.40 4,705.98 5,677.42 710,344 304,890 405,454 52,917.43 101
2018-11-21 9,643.82 5,122.95 4,520.87 658,317 321,416 336,901 51,313.45 98
2018-11-22 7,525.98 3,713.74 3,812.24 542,246 266,699 275,547 52,015.58 100
2018-11-23 9,096.93 4,172.73 4,924.20 641,813 276,936 364,877 52,669.70 101
2018-11-26 6,584.47 3,675.62 2,908.85 472,486 252,975 219,511 51,162.70 98
2018-11-27 7,416.46 3,685.34 3,731.12 607,699 307,267 300,432 51,946.53 99
2018-11-28 8,336.55 4,520.44 3,816.11 602,378 326,029 276,349 51,191.16 98
2018-11-29 8,362.08 4,057.92 4,304.16 584,904 274,348 310,556 52,181.80 100
2018-11-30 9,121.14 5,176.70 3,944.44 656,592 349,942 306,650 50,323.39 96
2018-12-03 14,404.87 8,955.98 5,448.89 718,793 453,520 265,273 48,281.46 92
2018-12-04 9,678.15 5,351.75 4,326.40 727,182 393,682 333,500 50,894.95 97
2018-12-05 9,746.63 4,805.74 4,940.89 648,529 330,478 318,051 52,063.17 100
2018-12-06 10,146.23 4,277.57 5,868.66 690,263 294,961 395,302 53,532.63 102
2018-12-07 7,382.05 3,708.01 3,674.04 588,651 293,462 295,189 51,890.10 99
2018-12-10 8,278.48 4,127.27 4,151.21 669,298 339,925 329,373 51,957.27 99
2018-12-11 8,065.46 4,181.75 3,883.71 639,801 335,848 303,953 51,634.41 99
2018-12-12 7,069.49 3,580.55 3,488.94 560,833 283,209 277,624 51,856.29 99
2018-12-13 10,553.93 6,858.47 3,695.46 696,922 426,628 270,294 48,759.09 93
2018-12-14 11,976.85 5,566.66 6,410.19 851,589 397,791 453,798 52,648.37 101
2018-12-17 8,013.54 4,140.41 3,873.13 642,882 328,234 314,648 51,650.85 99
2018-12-18 7,987.66 3,331.95 4,655.71 651,733 293,606 358,127 53,252.15 102
2018-12-19 6,910.40 3,209.17 3,701.23 583,129 268,951 314,178 52,407.45 100
2018-12-20 7,367.78 3,577.44 3,790.34 562,376 270,059 292,317 52,142.82 100
2018-12-21 8,925.23 4,080.40 4,844.83 651,013 293,424 357,589 52,600.98 101
2018-12-24 - - - - - - - -
2018-12-25 - - - - - - - -
2018-12-26 - - - - - - - -
2018-12-27 8,983.47 4,243.02 4,740.45 741,867 342,719 399,148 52,450.79 100
2018-12-28 7,589.06 3,857.45 3,731.61 621,811 323,309 298,502 51,808.42 99
2018-12-31 - - - - - - - -
2019-01-01 - - - - - - - -
2019-01-02 8,130.20 3,945.93 4,184.27 624,158 298,833 325,325 52,192.47 100
2019-01-03 7,943.14 4,058.57 3,884.57 647,916 300,439 347,477 51,737.80 99
2019-01-04 8,837.64 4,787.17 4,050.47 638,034 341,268 296,766 51,187.18 98
2019-01-07 8,900.39 4,799.84 4,100.55 615,047 318,570 296,477 51,210.14 98
2019-01-08 8,069.50 4,232.47 3,837.03 601,544 296,724 304,820 51,555.03 99
2019-01-09 12,108.13 7,501.20 4,606.93 772,033 454,154 317,879 49,020.50 94
2019-01-10 9,386.27 5,111.20 4,275.07 672,211 347,284 324,927 51,107.10 98
2019-01-11 9,021.84 5,248.54 3,773.30 665,247 374,831 290,416 50,463.89 97
2019-01-14 8,067.19 3,814.09 4,253.10 631,802 304,333 327,469 52,387.58 100
2019-01-15 10,138.59 6,205.50 3,933.09 729,007 417,597 311,410 49,653.10 95
2019-01-16 8,827.13 4,659.36 4,167.77 594,350 307,674 286,676 51,449.15 98
2019-01-17 9,431.53 5,245.05 4,186.48 669,756 372,217 297,539 50,889.82 97
2019-01-18 11,421.04 7,352.96 4,068.08 766,300 475,221 291,079 48,494.27 93
2019-01-21 10,646.69 6,471.46 4,175.23 703,642 400,565 303,077 49,564.83 95
2019-01-22 8,931.93 4,185.35 4,746.58 637,165 289,941 347,224 52,458.57 100
2019-01-23 7,198.94 3,902.34 3,296.60 635,743 362,716 273,027 51,330.87 98
2019-01-24 8,307.34 4,675.92 3,631.42 710,076 424,351 285,725 50,829.71 97
2019-01-25 9,619.99 5,529.95 4,090.04 708,316 413,403 294,913 50,471.21 97
2019-01-28 11,376.33 7,070.42 4,305.91 817,936 506,204 311,732 49,158.38 94
2019-01-29 10,876.90 5,973.62 4,903.28 850,388 486,680 363,708 50,793.18 97
2019-01-30 10,583.50 5,787.55 4,795.95 712,692 382,879 329,813 50,939.80 97
2019-01-31 12,325.74 7,850.01 4,475.73 799,624 474,850 324,774 48,515.95 93
2019-02-01 11,847.33 7,320.82 4,526.51 768,427 478,256 290,171 49,067.33 94
2019-02-04 - - - - - - - -
2019-02-05 - - - - - - - -
2019-02-06 - - - - - - - -
2019-02-07 - - - - - - - -
2019-02-08 - - - - - - - -
2019-02-11 14,065.31 8,614.84 5,450.47 841,221 505,432 335,789 48,689.43 93
2019-02-12 13,836.60 8,324.31 5,512.29 900,863 551,133 349,730 49,085.14 94
2019-02-13 16,202.99 9,821.66 6,381.33 955,253 560,690 394,563 48,432.13 93
2019-02-14 15,063.64 8,832.20 6,231.44 875,810 524,547 351,263 49,252.14 94
2019-02-15 14,821.13 8,173.70 6,647.43 826,746 451,967 374,779 50,310.11 96
2019-02-18 15,299.64 8,969.52 6,330.12 825,354 478,336 347,018 49,218.06 94
2019-02-19 18,744.22 9,551.42 9,192.80 1,045,938 545,743 500,195 51,532.87 99
2019-02-20 16,024.78 8,924.73 7,100.05 947,914 534,823 413,091 50,050.01 96
2019-02-21 19,125.08 9,984.82 9,140.26 1,109,835 564,335 545,500 51,068.52 98
2019-02-22 16,866.39 9,637.78 7,228.61 992,197 553,872 438,325 49,390.36 94
2019-02-25 29,615.05 15,715.23 13,899.82 1,371,391 787,722 583,669 49,973.96 96
2019-02-26 30,274.19 15,741.13 14,533.06 1,472,998 778,699 694,299 50,680.95 97
2019-02-27 24,726.74 13,350.64 11,376.10 1,365,015 710,282 654,733 49,958.12 96
2019-02-28 20,518.81 11,016.07 9,502.74 1,088,376 586,445 501,931 50,347.30 96
2019-03-01 21,214.99 11,604.24 9,610.75 1,184,011 660,183 523,828 49,843.95 95
2019-03-04 34,200.37 19,278.06 14,922.31 1,493,938 869,493 624,445 47,436.40 91
2019-03-05 25,606.45 13,925.80 11,680.65 1,264,742 699,783 564,959 49,488.77 95
2019-03-06 28,019.14 14,039.96 13,979.18 1,323,584 669,341 654,243 51,735.78 99
2019-03-07 24,515.54 11,547.92 12,967.62 1,200,856 554,453 646,403 53,235.62 102
2019-03-08 31,669.87 16,359.97 15,309.90 1,469,856 726,157 743,699 50,800.69 97
2019-03-11 25,757.78 12,289.01 13,468.77 1,180,255 581,535 598,720 53,018.58 101
2019-03-12 29,684.21 14,972.92 14,711.29 1,413,946 707,025 706,921 51,605.33 99
2019-03-13 28,668.13 13,412.84 15,255.29 1,423,234 628,440 794,794 53,719.63 103
2019-03-14 25,204.58 13,220.13 11,984.45 1,313,469 643,465 670,004 50,606.87 97
2019-03-15 25,442.69 12,861.07 12,581.62 1,250,635 646,967 603,668 51,532.44 99
2019-03-18 26,625.95 13,373.84 13,252.11 1,239,043 632,774 606,269 51,622.25 99
2019-03-19 25,462.24 11,942.86 13,519.38 1,220,041 605,951 614,090 53,427.37 102
2019-03-20 24,946.12 11,973.36 12,972.76 1,226,345 576,550 649,795 52,841.38 101
2019-03-21 22,434.36 11,220.58 11,213.78 1,108,399 561,221 547,178 51,772.09 99
2019-03-22 22,554.18 10,653.23 11,900.95 1,087,884 518,525 569,359 53,023.45 101
2019-03-25 24,325.93 10,533.94 13,791.99 1,168,429 487,974 680,455 55,081.49 105
2019-03-26 24,174.60 12,087.01 12,087.59 1,234,446 574,105 660,341 51,861.11 99
2019-03-27 22,004.30 10,664.58 11,339.72 1,165,982 554,982 611,000 52,493.84 100
2019-03-28 22,653.51 11,125.70 11,527.81 1,146,035 549,287 596,748 52,232.10 100
2019-03-29 28,854.43 16,629.10 12,225.33 1,451,965 847,702 604,263 47,333.01 91
2019-04-01 33,982.90 18,419.42 15,563.48 1,450,969 815,282 635,687 48,875.52 93
2019-04-02 28,976.56 14,278.56 14,698.00 1,357,160 670,975 686,185 52,230.31 100
2019-04-03 26,650.60 13,912.53 12,738.07 1,274,071 647,388 626,683 50,557.73 97
2019-04-04 30,387.93 14,511.68 15,876.25 1,310,570 632,221 678,349 53,141.56 102
2019-04-05 - - - - - - - -
2019-04-08 34,219.37 15,917.68 18,301.69 1,502,162 686,609 815,553 54,109.23 104
2019-04-09 29,253.33 14,211.49 15,041.84 1,463,865 749,539 714,326 51,646.40 99
2019-04-10 34,198.39 15,596.11 18,602.28 1,444,883 661,426 783,457 54,775.01 105
2019-04-11 30,827.57 14,205.49 16,622.08 1,462,250 637,635 824,615 54,215.40 104
2019-04-12 25,107.66 12,329.35 12,778.31 1,197,397 568,330 629,067 52,208.04 100
2019-04-15 27,573.66 13,127.77 14,445.89 1,281,588 573,385 708,203 53,095.11 102
2019-04-16 29,552.60 15,583.24 13,969.36 1,378,671 702,664 676,007 50,112.18 96
2019-04-17 28,306.11 13,352.81 14,953.30 1,285,826 641,840 643,986 53,419.93 102
2019-04-18 - - - - - - - -
2019-04-19 - - - - - - - -
2019-04-22 - - - - - - - -
2019-04-23 33,107.18 15,098.94 18,008.24 1,717,702 760,889 956,813 54,697.64 105
2019-04-24 26,632.58 12,697.43 13,935.15 1,307,510 632,431 675,079 52,983.19 101
2019-04-25 26,878.30 12,895.03 13,983.27 1,358,511 581,740 776,771 52,899.96 101
2019-04-26 28,582.27 14,693.49 13,888.78 1,478,287 719,574 758,713 50,997.46 98
2019-04-29 27,509.55 14,111.58 13,397.97 1,450,805 701,219 749,586 51,044.79 98
2019-04-30 24,684.63 12,300.81 12,383.82 1,342,183 664,847 677,336 51,909.07 99
2019-05-01 - - - - - - - -
2019-05-02 - - - - - - - -
2019-05-03 - - - - - - - -
2019-05-06 31,986.64 14,893.76 17,092.88 1,641,492 721,989 919,503 54,116.04 104
2019-05-07 30,203.25 15,636.75 14,566.50 1,620,589 792,030 828,559 50,763.41 97
2019-05-08 23,502.91 11,896.01 11,606.90 1,402,240 695,361 706,879 51,587.72 99
2019-05-09 22,838.52 10,755.72 12,082.80 1,343,737 552,078 791,659 53,194.98 102
2019-05-10 - - - - - - - -
2019-05-13 - - - - - - - -
2019-05-14 28,060.74 12,161.64 15,899.10 1,651,908 693,504 958,404 55,588.53 106
2019-05-15 21,561.49 11,064.37 10,497.12 1,179,318 588,148 591,170 51,216.38 98
2019-05-16 21,112.12 10,155.43 10,956.69 1,211,060 592,825 618,235 52,586.09 101
2019-05-17 24,344.62 11,121.72 13,222.90 1,411,289 582,197 829,092 53,949.98 103
2019-05-20 23,189.04 11,120.12 12,068.92 1,386,728 641,264 745,464 52,794.95 101
2019-05-21 19,567.04 8,956.25 10,610.79 1,137,492 511,587 625,905 53,543.32 102
2019-05-22 21,245.73 8,987.84 12,257.89 1,173,842 510,913 662,929 55,143.21 106
2019-05-23 19,779.63 8,573.91 11,205.72 1,160,546 464,818 695,728 54,528.15 104
2019-05-24 17,722.83 7,990.14 9,732.69 1,083,933 467,911 616,022 53,652.10 103
2019-05-27 19,675.28 9,442.32 10,232.96 1,128,689 548,733 579,956 52,619.49 101
2019-05-28 29,708.18 15,298.90 14,409.28 1,386,362 661,098 725,264 50,441.10 97
2019-05-29 16,621.44 8,074.45 8,546.99 1,012,447 496,691 515,756 52,352.39 100
2019-05-30 17,478.23 8,315.25 9,162.98 1,076,370 489,628 586,742 52,708.86 101
2019-05-31 16,465.47 8,211.99 8,253.48 1,015,854 502,502 513,352 51,944.69 99
2019-06-03 18,653.24 9,578.40 9,074.84 1,163,455 570,247 593,208 51,377.93 98
2019-06-04 18,220.67 9,073.13 9,147.54 1,131,596 528,727 602,869 51,963.92 99
2019-06-05 17,490.54 9,136.07 8,354.47 1,082,966 550,573 532,393 51,139.13 98
2019-06-06 16,278.74 7,928.53 8,350.21 1,154,861 528,939 625,922 52,309.17 100
2019-06-07 - - - - - - - -
2019-06-10 17,188.85 10,064.07 7,124.78 1,154,190 616,881 537,309 48,903.63 94
2019-06-11 21,331.11 12,251.24 9,079.87 1,327,823 759,778 568,045 48,619.06 93
2019-06-12 17,676.19 8,747.43 8,928.76 1,201,912 607,018 594,894 51,858.50 99
2019-06-13 15,587.26 7,765.98 7,821.28 1,047,070 527,960 519,110 51,960.31 99
2019-06-14 19,981.08 9,186.52 10,794.56 1,343,717 616,709 727,008 53,202.84 102
2019-06-17 13,900.39 6,933.30 6,967.09 1,111,803 528,514 583,289 51,913.11 99
2019-06-18 12,955.70 6,786.47 6,169.23 954,891 457,739 497,152 51,263.39 98
2019-06-19 18,553.61 10,692.42 7,861.19 1,099,773 621,451 478,322 49,083.92 94
2019-06-20 23,053.93 13,352.20 9,701.73 1,316,162 762,113 554,049 48,205.52 92
2019-06-21 27,901.56 15,754.85 12,146.71 1,515,582 865,835 649,747 47,943.26 92
2019-06-24 17,583.18 8,215.02 9,368.16 1,073,681 520,603 553,078 53,028.10 101
2019-06-25 16,894.28 7,994.08 8,900.20 999,544 446,553 552,991 52,798.54 101
2019-06-26 12,881.87 6,314.46 6,567.41 850,248 422,879 427,369 52,137.33 100
2019-06-27 17,480.51 10,192.79 7,287.72 990,585 552,133 438,452 48,957.05 94
2019-06-28 - - - - - - - -
2019-07-01 - - - - - - - -
2019-07-02 24,008.72 12,818.45 11,190.27 1,385,023 725,160 659,863 50,230.58 96
2019-07-03 18,998.23 9,246.90 9,751.33 1,115,510 516,204 599,306 52,403.63 100
2019-07-04 17,567.29 8,801.39 8,765.90 995,223 465,266 529,957 51,854.66 99
2019-07-05 14,647.59 7,599.69 7,047.90 806,035 395,200 410,835 51,328.24 98
2019-07-08 17,023.97 8,016.51 9,007.46 1,096,690 472,020 624,670 52,868.57 101
2019-07-09 14,474.90 6,899.87 7,575.03 900,259 404,894 495,365 52,577.36 101
2019-07-10 13,550.24 6,774.64 6,775.60 916,698 430,622 486,076 51,880.12 99
2019-07-11 15,090.77 7,851.51 7,239.26 931,172 455,670 475,502 51,292.84 98
2019-07-12 15,565.24 8,124.65 7,440.59 973,441 476,082 497,359 51,214.50 98
2019-07-15 19,645.56 10,166.99 9,478.57 1,222,893 614,016 608,877 51,188.57 98
2019-07-16 15,438.02 7,869.44 7,568.58 1,072,380 541,483 530,897 51,577.99 99
2019-07-17 15,053.61 7,938.68 7,114.93 1,024,159 524,419 499,740 51,080.79 98
2019-07-18 14,710.62 7,443.60 7,267.02 1,022,008 474,432 547,576 51,669.70 99
2019-07-19 16,528.77 9,215.28 7,313.49 1,102,658 580,492 522,166 49,963.90 96
2019-07-22 16,472.02 8,717.86 7,754.16 1,121,379 541,594 579,785 50,893.44 97
2019-07-23 15,460.83 7,360.38 8,100.45 1,071,649 520,544 551,105 52,553.77 101
2019-07-24 17,239.88 9,051.47 8,188.41 1,097,930 558,270 539,660 50,965.12 98
2019-07-25 16,743.76 8,489.04 8,254.72 1,021,459 525,549 495,910 51,592.25 99
2019-07-26 13,621.47 6,556.61 7,064.86 865,499 408,936 456,563 52,355.45 100
2019-07-29 15,546.31 8,557.91 6,988.40 965,522 484,375 481,147 50,310.93 96
2019-07-30 16,269.72 9,564.73 6,704.99 998,385 551,501 446,884 49,000.90 94
2019-07-31 12,274.14 6,198.14 6,076.00 850,109 415,050 435,059 51,858.45 99
2019-08-01 16,130.21 8,130.97 7,999.24 1,186,161 578,847 607,314 51,717.50 99
2019-08-02 19,398.09 8,620.88 10,777.21 1,272,769 554,236 718,533 53,984.36 103
2019-08-05 18,567.78 8,767.17 9,800.61 1,276,651 566,020 710,631 52,894.45 101
2019-08-06 22,862.68 11,564.48 11,298.20 1,532,886 699,095 833,791 51,558.13 99
2019-08-07 15,928.25 7,667.17 8,261.08 1,195,228 578,279 616,949 52,481.74 100
2019-08-08 15,748.25 8,680.65 7,067.60 1,050,158 541,761 508,397 50,219.19 96
2019-08-09 15,722.42 8,582.05 7,140.37 1,064,500 528,114 536,386 50,372.88 96
2019-08-12 16,778.44 9,358.05 7,420.39 1,026,637 508,170 518,467 49,878.44 95
2019-08-13 15,086.29 7,216.20 7,870.09 1,061,784 487,899 573,885 52,512.93 100
2019-08-14 17,090.89 9,423.23 7,667.66 1,090,969 580,339 510,630 50,097.38 96
2019-08-15 17,696.20 9,266.01 8,430.19 1,244,877 643,300 601,577 50,970.12 98
2019-08-16 18,938.51 9,509.42 9,429.09 1,325,523 662,943 662,580 51,746.16 99
2019-08-19 24,159.66 14,258.07 9,901.59 1,396,945 790,078 606,867 47,378.48 91
2019-08-20 20,739.64 10,047.83 10,691.81 1,282,090 646,420 635,670 52,471.31 100
2019-08-21 17,394.62 9,071.51 8,323.11 1,195,110 626,044 569,066 51,108.74 98
2019-08-22 18,209.36 9,654.18 8,555.18 1,205,349 609,220 596,129 50,731.17 97
2019-08-23 18,597.33 9,951.32 8,646.01 1,210,013 618,288 591,725 50,553.67 97
2019-08-26 20,237.25 9,775.36 10,461.89 1,343,288 652,606 690,682 52,530.21 101
2019-08-27 34,115.68 19,143.32 14,972.36 1,561,939 838,727 723,212 47,605.87 91
2019-08-28 20,357.21 9,970.84 10,386.37 1,261,450 615,950 645,500 52,303.25 100
2019-08-29 19,922.63 9,992.18 9,930.45 1,253,823 627,278 626,545 51,800.21 99
2019-08-30 24,057.16 13,367.93 10,689.23 1,417,882 764,262 653,620 49,175.49 94
2019-09-02 23,809.86 13,123.12 10,686.74 1,374,468 743,481 630,987 49,368.73 94
2019-09-03 22,150.75 10,581.74 11,569.01 1,317,092 663,790 653,302 52,805.26 101
2019-09-04 24,762.25 12,547.81 12,214.44 1,386,375 704,578 681,797 51,381.67 98
2019-09-05 27,412.18 15,592.06 11,820.12 1,434,139 806,677 627,462 48,028.00 92
2019-09-06 23,250.63 13,139.25 10,111.38 1,304,217 712,335 591,882 48,729.16 93
2019-09-09 23,235.81 12,391.82 10,843.99 1,207,725 643,373 564,352 50,058.53 96
2019-09-10 23,686.10 12,011.85 11,674.25 1,404,014 698,932 705,082 51,392.94 98
2019-09-11 23,004.22 11,815.65 11,188.57 1,320,176 678,884 641,292 51,086.66 98
2019-09-12 19,599.36 10,203.00 9,396.36 1,178,581 615,583 562,998 50,951.33 97
2019-09-13 - - - - - - - -
2019-09-16 21,073.57 10,782.40 10,291.17 1,174,117 586,661 587,456 51,259.94 98
2019-09-17 20,083.77 10,135.23 9,948.54 1,254,575 601,727 652,848 51,577.50 99
2019-09-18 18,365.49 9,917.40 8,448.09 1,148,097 603,076 545,021 50,120.43 96
2019-09-19 19,029.29 10,672.27 8,357.02 1,109,257 606,675 502,582 49,366.66 94
2019-09-20 34,379.67 21,052.47 13,327.20 1,504,964 924,855 580,109 42,319.96 81
2019-09-23 21,365.58 11,022.61 10,342.97 1,207,196 587,941 619,255 50,994.57 98
2019-09-24 21,223.06 11,583.74 9,639.32 1,164,615 618,311 546,304 49,843.05 95
2019-09-25 22,776.66 11,872.89 10,903.77 1,263,021 605,715 657,306 50,784.91 97
2019-09-26 24,368.68 12,724.71 11,643.97 1,293,405 615,460 677,945 50,710.83 97
2019-09-27 18,904.88 9,792.26 9,112.62 1,070,291 543,313 526,978 51,075.15 98
2019-09-30 16,914.25 8,254.82 8,659.43 1,020,527 494,778 525,749 52,231.52 100
2019-10-01 - - - - - - - -
2019-10-02 - - - - - - - -
2019-10-03 - - - - - - - -
2019-10-04 - - - - - - - -
2019-10-07 - - - - - - - -
2019-10-08 22,689.91 12,040.45 10,649.46 1,309,846 624,708 685,138 50,213.18 96
2019-10-09 18,917.19 9,341.90 9,575.29 1,117,817 528,266 589,551 52,036.80 100
2019-10-10 22,116.21 11,047.93 11,068.28 1,095,770 527,961 567,809 51,733.61 99
2019-10-11 20,212.67 10,603.73 9,608.94 1,004,530 505,948 498,582 50,557.09 97
2019-10-14 20,672.68 11,427.30 9,245.38 1,045,358 572,752 472,606 49,552.88 95
2019-10-15 19,406.72 10,190.52 9,216.20 1,122,089 581,012 541,077 50,660.08 97
2019-10-16 18,746.75 10,390.20 8,356.55 1,009,967 516,962 493,005 49,593.05 95
2019-10-17 16,480.70 9,009.05 7,471.65 999,369 515,637 483,732 50,042.48 96
2019-10-18 18,821.86 9,534.29 9,287.57 1,053,866 510,257 543,609 51,219.30 98
2019-10-21 17,701.11 9,244.18 8,456.93 1,062,640 522,005 540,635 51,003.02 98
2019-10-22 17,131.68 8,530.16 8,601.52 1,007,664 490,675 516,989 51,878.37 99
2019-10-23 16,435.75 7,949.86 8,485.89 988,122 452,990 535,132 52,148.00 100
2019-10-24 15,954.82 8,525.28 7,429.54 946,837 480,088 466,749 50,515.62 97
2019-10-25 18,623.53 10,077.46 8,546.07 1,053,570 528,371 525,199 50,018.69 96
2019-10-28 21,098.08 11,179.12 9,918.96 1,104,671 572,063 532,608 50,295.38 96
2019-10-29 22,013.72 11,774.40 10,239.32 1,134,408 580,310 554,098 50,023.58 96
2019-10-30 20,731.38 11,496.52 9,234.86 1,209,360 651,615 557,745 49,239.44 94
