1497673738,HSIM7,25459,52,20,0
1497673799,HSIM7,25459,1,1,0
1497673847,HSIM7,25700,1,1,0
1497673857,HSIM7,25460,1,1,0
1497673857,HSIM7,25459,29,1,0
1497673909,HSIM7,25584,1,7,0
1497673951,HSIM7,25585,1,7,0
1497673995,HSIM7,25469,1,1,0
1497674021,HSIM7,25698,1,1,0
1497674024,HSIM7,25459,1,1,0
1497674035,HSIM7,25459,1,1,0
1497674044,HSIM7,25458,2,1,0
1497674140,HSIM7,25699,1,1,0
1497674149,HSIM7,25700,1,1,0
1497674161,HSIM7,25698,1,1,0
1497674165,HSIM7,25700,31,1,0
1497674204,HSIM7,25470,1,1,0
1497674236,HSIM7,25666,1,1,0
1497674239,HSIM7,25800,1,1,0
1497674434,HSIM7,25505,1,1,0
1497674541,HSIM7,25510,3,1,0
1497674608,HSIM7,25600,1,1,0
1497674609,HSIM7,25600,1,1,0
1497674611,HSIM7,25600,1,1,0
1497674772,HSIM7,25551,1,1,0
1497674795,HSIM7,25700,1,1,0
1497675047,HSIM7,25552,1,1,0
1497675047,HSIM7,25551,1,1,0
1497675047,HSIM7,25550,6,1,0
1497675088,HSIM7,25550,2,1,0
1497675154,HSIM7,25800,1,1,0
1497675173,HSIM7,25900,1,1,0
1497675441,HSIM7,26000,8,1,0
1497675474,HSIM7,25900,1,1,0
1497675615,HSIM7,26000,1,1,0
1497675626,HSIM7,25900,1,1,0
1497675626,HSIM7,26001,1,1,0
1497675630,HSIM7,26001,1,1,0
1497675631,HSIM7,25900,1,1,0
1497675633,HSIM7,26002,1,1,0
1497675634,HSIM7,25868,1,1,0
1497675651,HSIM7,26002,1,1,0
1497675651,HSIM7,26003,1,1,0
1497675660,HSIM7,26003,1,1,0
1497675663,HSIM7,26003,4,1,0
1497675664,HSIM7,26003,1,1,0
1497675672,HSIM7,26004,1,1,0
1497675673,HSIM7,26005,1,1,0
1497675679,HSIM7,26005,1,1,0
1497675679,HSIM7,26005,1,1,0
1497675682,HSIM7,26005,1,1,0
1497675687,HSIM7,26005,2,1,0
1497675688,HSIM7,26004,1,1,0
1497675692,HSIM7,26001,1,1,0
1497675697,HSIM7,26004,1,1,0
1497675700,HSIM7,26006,1,1,0
1497675701,HSIM7,26001,1,1,0
1497675702,HSIM7,26006,1,1,0
1497675706,HSIM7,26001,1,1,0
1497675711,HSIM7,26001,1,1,0
1497675718,HSIM7,26001,1,1,0
1497675720,HSIM7,26001,1,1,0
1497675723,HSIM7,26001,1,1,0
1497675723,HSIM7,26000,1,1,0
1497675723,HSIM7,25881,2,1,0
1497675725,HSIM7,26006,1,1,0
1497675726,HSIM7,26006,3,1,0
1497675731,HSIM7,26006,1,1,0
1497675732,HSIM7,26006,1,1,0
1497675733,HSIM7,26006,1,1,0
1497675739,HSIM7,26004,1,1,0
1497675740,HSIM7,26006,1,1,0
1497675752,HSIM7,26006,3,1,0
1497675757,HSIM7,26019,1,1,0
1497675762,HSIM7,26009,1,1,0
1497675777,HSIM7,26013,1,1,0
1497675785,HSIM7,26020,1,1,0
1497675789,HSIM7,26020,2,1,0
1497675789,HSIM7,26020,1,1,0
1497675789,HSIM7,26015,1,1,0
1497675790,HSIM7,26020,1,1,0
1497675795,HSIM7,26015,1,1,0
1497675797,HSIM7,26015,1,1,0
1497675800,HSIM7,26025,1,1,0
1497675801,HSIM7,26025,1,1,0
1497675804,HSIM7,26014,1,1,0
1497675821,HSIM7,26030,1,1,0
1497675823,HSIM7,26100,1,1,0
1497675832,HSIM7,26100,1,1,0
1497675840,HSIM7,26100,1,1,0
1497675842,HSIM7,26100,1,1,0
1497675843,HSIM7,26100,1,1,0
1497675844,HSIM7,26100,1,1,0
1497675848,HSIM7,26007,1,1,0
1497675848,HSIM7,26007,1,1,0
1497675851,HSIM7,26090,1,1,0
1497675862,HSIM7,26100,1,1,0
1497675866,HSIM7,26023,1,1,0
1497675867,HSIM7,26100,1,1,0
1497675873,HSIM7,26021,1,1,0
1497675875,HSIM7,26100,1,1,0
1497675880,HSIM7,26101,1,1,0
1497675888,HSIM7,26025,1,1,0
1497675896,HSIM7,26025,1,1,0
1497675898,HSIM7,26026,1,1,0
1497675899,HSIM7,26025,1,1,0
1497675900,HSIM7,26026,1,1,0
1497675901,HSIM7,26026,1,1,0
1497675902,HSIM7,26025,1,1,0
1497675904,HSIM7,26026,1,1,0
1497675905,HSIM7,26025,1,1,0
1497675905,HSIM7,26027,1,1,0
1497675906,HSIM7,26027,1,1,0
1497675907,HSIM7,26026,1,1,0
1497675910,HSIM7,26027,1,1,0
1497675910,HSIM7,26027,1,1,0
1497675910,HSIM7,26025,1,1,0
1497675911,HSIM7,26025,1,1,0
1497675913,HSIM7,26026,1,1,0
1497675913,HSIM7,26025,1,1,0
1497675915,HSIM7,26026,1,1,0
1497675915,HSIM7,26027,1,1,0
1497675916,HSIM7,26025,1,1,0
1497675917,HSIM7,26027,1,1,0
1497675918,HSIM7,26027,1,1,0
1497675918,HSIM7,26026,1,1,0
1497675921,HSIM7,26026,1,1,0
1497675921,HSIM7,26027,1,1,0
1497675923,HSIM7,26025,1,1,0
1497675929,HSIM7,26027,1,1,0
1497675930,HSIM7,26026,1,1,0
1497675936,HSIM7,26026,1,1,0
1497675940,HSIM7,26026,1,1,0
1497675942,HSIM7,26026,1,1,0
1497675951,HSIM7,26026,1,1,0
1497675955,HSIM7,26026,1,1,0
1497675957,HSIM7,26027,1,1,0
1497675975,HSIM7,26026,1,1,0
1497675982,HSIM7,26026,1,1,0
1497675986,HSIM7,26026,1,1,0
1497675990,HSIM7,26027,1,1,0
1497675999,HSIM7,26027,1,1,0
1497675999,HSIM7,26026,1,1,0
1497676006,HSIM7,26027,1,1,0
1497676009,HSIM7,26027,1,1,0
1497676011,HSIM7,26027,3,1,0
1497676012,HSIM7,26027,3,1,0
1497676013,HSIM7,26027,3,1,0
1497676014,HSIM7,26027,4,1,0
1497676016,HSIM7,26027,4,1,0
1497676018,HSIM7,26027,3,1,0
1497676019,HSIM7,26027,1,1,0
1497676020,HSIM7,26027,4,1,0
1497676021,HSIM7,26027,1,1,0
1497676022,HSIM7,26026,1,1,0
1497676023,HSIM7,26026,1,1,0
1497676023,HSIM7,26027,3,1,0
1497676025,HSIM7,26027,3,1,0
1497676026,HSIM7,26026,3,1,0
1497676026,HSIM7,26027,3,1,0
1497676027,HSIM7,26027,1,1,0
1497676028,HSIM7,26027,3,1,0
1497676030,HSIM7,26027,3,1,0
1497676030,HSIM7,26026,1,1,0
1497676032,HSIM7,26027,3,1,0
1497676034,HSIM7,26026,1,1,0
1497676034,HSIM7,26027,3,1,0
1497676034,HSIM7,26026,1,1,0
1497676035,HSIM7,26027,3,1,0
1497676037,HSIM7,26027,3,1,0
1497676040,HSIM7,26027,1,1,0
1497676046,HSIM7,26026,1,1,0
1497676046,HSIM7,26027,3,1,0
1497676048,HSIM7,26027,3,1,0
1497676049,HSIM7,26027,3,1,0
1497676051,HSIM7,26027,3,1,0
1497676052,HSIM7,26027,3,1,0
1497676054,HSIM7,26027,3,1,0
1497676054,HSIM7,26026,1,1,0
1497676055,HSIM7,26027,3,1,0
1497676056,HSIM7,26027,3,1,0
1497676058,HSIM7,26027,3,1,0
1497676059,HSIM7,26027,1,1,0
1497676063,HSIM7,26026,1,1,0
1497676067,HSIM7,26027,3,1,0
1497676073,HSIM7,26027,2,1,0
1497676075,HSIM7,26027,1,1,0
1497676078,HSIM7,26028,1,1,0
1497676081,HSIM7,26028,3,1,0
1497676083,HSIM7,26027,1,1,0
1497676089,HSIM7,26028,1,1,0
1497676102,HSIM7,26027,4,1,0
1497676104,HSIM7,26027,3,1,0
1497676106,HSIM7,26027,3,1,0
1497676108,HSIM7,26027,3,1,0
1497676108,HSIM7,26028,1,1,0
1497676108,HSIM7,26027,3,1,0
1497676109,HSIM7,26027,1,1,0
1497676113,HSIM7,26027,3,1,0
1497676114,HSIM7,26027,3,1,0
1497676116,HSIM7,26027,3,1,0
1497676118,HSIM7,26027,3,1,0
1497676119,HSIM7,26027,3,1,0
1497676121,HSIM7,26027,3,1,0
1497676122,HSIM7,26027,1,1,0
1497676123,HSIM7,26027,4,1,0
1497676123,HSIM7,26027,3,1,0
1497676126,HSIM7,26027,1,1,0
1497676126,HSIM7,26027,3,1,0
1497676127,HSIM7,26027,3,1,0
1497676128,HSIM7,26027,3,1,0
1497676129,HSIM7,26027,2,1,0
1497676133,HSIM7,26027,1,1,0
1497676138,HSIM7,26027,1,1,0
1497676143,HSIM7,26026,1,1,0
1497676145,HSIM7,26027,1,1,0
1497676146,HSIM7,26027,1,1,0
1497676146,HSIM7,26026,1,1,0
1497676146,HSIM7,26027,1,1,0
1497676148,HSIM7,26026,1,1,0
1497676152,HSIM7,26027,1,1,0
1497676154,HSIM7,26027,3,1,0
1497676155,HSIM7,26027,3,1,0
1497676158,HSIM7,26027,3,1,0
1497676158,HSIM7,26027,3,1,0
1497676160,HSIM7,26027,3,1,0
1497676162,HSIM7,26026,1,1,0
1497676162,HSIM7,26027,3,1,0
1497676162,HSIM7,26027,3,1,0
1497676165,HSIM7,26027,3,1,0
1497676166,HSIM7,26027,3,1,0
1497676168,HSIM7,26027,3,1,0
1497676169,HSIM7,26027,3,1,0
1497676171,HSIM7,26027,3,1,0
1497676172,HSIM7,26027,3,1,0
1497676173,HSIM7,26027,3,1,0
1497676176,HSIM7,26027,3,1,0
1497676177,HSIM7,26027,3,1,0
1497676180,HSIM7,26028,1,1,0
1497676192,HSIM7,26027,1,1,0
1497676197,HSIM7,26028,1,1,0
1497676208,HSIM7,26027,3,1,0
1497676209,HSIM7,26028,1,1,0
1497676210,HSIM7,26027,3,1,0
1497676212,HSIM7,26027,3,1,0
1497676213,HSIM7,26027,3,1,0
1497676215,HSIM7,26028,3,1,0
1497676215,HSIM7,26027,1,1,0
1497676216,HSIM7,26028,1,1,0
1497676217,HSIM7,26027,3,1,0
1497676218,HSIM7,26027,3,1,0
1497676219,HSIM7,26028,1,1,0
1497676219,HSIM7,26027,3,1,0
1497676220,HSIM7,26027,3,1,0
1497676222,HSIM7,26027,1,1,0
1497676223,HSIM7,26027,3,1,0
1497676225,HSIM7,26027,6,1,0
1497676226,HSIM7,26027,3,1,0
1497676226,HSIM7,26028,1,1,0
1497676226,HSIM7,26027,3,1,0
1497676228,HSIM7,26028,1,1,0
1497676232,HSIM7,26027,3,1,0
1497676234,HSIM7,26027,3,1,0
1497676235,HSIM7,26027,4,1,0
1497676236,HSIM7,26027,3,1,0
1497676237,HSIM7,26027,4,1,0
1497676241,HSIM7,26027,1,1,0
1497676242,HSIM7,26027,1,1,0
1497676243,HSIM7,26027,1,1,0
1497676243,HSIM7,26027,1,1,0
1497676244,HSIM7,26027,1,1,0
1497676245,HSIM7,26027,1,1,0
1497676245,HSIM7,26027,1,1,0
1497676246,HSIM7,26027,1,1,0
1497676247,HSIM7,26027,1,1,0
1497676248,HSIM7,26027,1,1,0
1497676249,HSIM7,26027,1,1,0
1497676256,HSIM7,26027,1,1,0
1497676257,HSIM7,26028,1,1,0
1497676259,HSIM7,26027,1,1,0
1497676261,HSIM7,26028,1,1,0
1497676264,HSIM7,26027,1,1,0
1497676272,HSIM7,26027,1,1,0
1497676274,HSIM7,26027,1,1,0
1497676275,HSIM7,26027,2,1,0
1497676275,HSIM7,26027,1,1,0
1497676276,HSIM7,26027,1,1,0
1497676277,HSIM7,26027,1,1,0
1497676278,HSIM7,26027,1,1,0
1497676279,HSIM7,26027,1,1,0
1497676279,HSIM7,26027,1,1,0
1497676280,HSIM7,26027,1,1,0
1497676281,HSIM7,26027,1,1,0
1497676281,HSIM7,26028,1,1,0
1497676281,HSIM7,26027,1,1,0
1497676284,HSIM7,26028,1,1,0
1497676285,HSIM7,26028,1,1,0
1497676286,HSIM7,26028,1,1,0
1497676287,HSIM7,26027,1,1,0
1497676290,HSIM7,26028,1,1,0
1497676291,HSIM7,26028,1,1,0
1497676294,HSIM7,26028,1,1,0
1497676295,HSIM7,26028,1,1,0
1497676298,HSIM7,26027,1,1,0
1497676302,HSIM7,26028,1,1,0
1497676303,HSIM7,26028,1,1,0
1497676317,HSIM7,26028,1,1,0
1497676319,HSIM7,26028,1,1,0
1497676323,HSIM7,26027,1,1,0
1497676324,HSIM7,26028,1,1,0
1497676338,HSIM7,26028,1,1,0
1497676339,HSIM7,26028,1,1,0
1497676339,HSIM7,26028,1,1,0
1497676340,HSIM7,26027,1,1,0
1497676346,HSIM7,26027,1,1,0
1497676348,HSIM7,26028,1,1,0
1497676355,HSIM7,26028,1,1,0
1497676358,HSIM7,26030,2,1,0
1497676359,HSIM7,26032,1,1,0
1497676365,HSIM7,26102,1,1,0
1497676371,HSIM7,26030,1,1,0
1497676373,HSIM7,26030,1,1,0
1497676373,HSIM7,26027,1,1,0
1497676378,HSIM7,26026,1,1,0
1497676390,HSIM7,26100,1,1,0
1497676390,HSIM7,26032,1,1,0
1497676397,HSIM7,26100,1,1,0
1497676402,HSIM7,26106,1,1,0
1497676404,HSIM7,26096,1,1,0
1497676405,HSIM7,26031,1,1,0
1497676406,HSIM7,26031,1,1,0
1497676407,HSIM7,26030,1,1,0
1497676411,HSIM7,26031,1,1,0
1497676421,HSIM7,26030,1,1,0
1497676422,HSIM7,26030,1,1,0
1497676422,HSIM7,26031,1,1,0
1497676422,HSIM7,26030,1,1,0
1497676422,HSIM7,26031,2,1,0
1497676423,HSIM7,26031,1,1,0
1497676423,HSIM7,26030,1,1,0
1497676423,HSIM7,26031,1,1,0
1497676423,HSIM7,26030,1,1,0
1497676423,HSIM7,26035,1,1,0
1497676423,HSIM7,26033,1,1,0
1497676423,HSIM7,26029,1,1,0
1497676423,HSIM7,26028,1,1,0
1497676424,HSIM7,26029,2,1,0
1497676424,HSIM7,26028,1,1,0
1497676424,HSIM7,26029,1,1,0
1497676424,HSIM7,26029,1,1,0
1497676424,HSIM7,26029,3,1,0
1497676424,HSIM7,26028,1,1,0
1497676424,HSIM7,26029,1,1,0
1497676424,HSIM7,26031,1,1,0
1497676424,HSIM7,26028,5,1,0
1497676424,HSIM7,26029,2,1,0
1497676424,HSIM7,26028,4,1,0
1497676424,HSIM7,26029,2,1,0
1497676425,HSIM7,26029,1,1,0
1497676425,HSIM7,26031,1,1,0
1497676425,HSIM7,26029,3,1,0
1497676425,HSIM7,26029,6,1,0
1497676425,HSIM7,26030,1,1,0
1497676425,HSIM7,26028,2,1,0
1497676425,HSIM7,26030,1,1,0
1497676425,HSIM7,26031,1,1,0
1497676425,HSIM7,26030,1,1,0
1497676425,HSIM7,26030,9,1,0
1497676425,HSIM7,26030,1,1,0
1497676426,HSIM7,26030,1,1,0
1497676426,HSIM7,26030,1,1,0
1497676426,HSIM7,26030,1,1,0
1497676427,HSIM7,26030,1,1,0
1497676428,HSIM7,26030,1,1,0
1497676428,HSIM7,26030,1,1,0
1497676429,HSIM7,26030,2,1,0
1497676431,HSIM7,26030,1,1,0
1497676432,HSIM7,26030,1,1,0
1497676433,HSIM7,26031,1,1,0
1497676437,HSIM7,26030,1,1,0
1497676438,HSIM7,26030,1,1,0
1497676439,HSIM7,26030,1,1,0
1497676440,HSIM7,26031,1,1,0
1497676440,HSIM7,26030,1,1,0
1497676441,HSIM7,26030,1,1,0
1497676441,HSIM7,26030,2,1,0
1497676442,HSIM7,26030,1,1,0
1497676442,HSIM7,26030,1,1,0
1497676443,HSIM7,26030,1,1,0
1497676443,HSIM7,26031,1,1,0
1497676443,HSIM7,26030,1,1,0
1497676444,HSIM7,26030,1,1,0
1497676445,HSIM7,26030,1,1,0
1497676445,HSIM7,26030,1,1,0
1497676446,HSIM7,26030,1,1,0
1497676446,HSIM7,26030,1,1,0
1497676447,HSIM7,26030,1,1,0
1497676447,HSIM7,26030,1,1,0
1497676447,HSIM7,26031,1,1,0
1497676447,HSIM7,26030,1,1,0
1497676448,HSIM7,26030,1,1,0
1497676448,HSIM7,26030,1,1,0
1497676449,HSIM7,26030,1,1,0
1497676450,HSIM7,26030,1,1,0
1497676450,HSIM7,26030,1,1,0
1497676451,HSIM7,26030,1,1,0
1497676451,HSIM7,26030,1,1,0
1497676452,HSIM7,26030,1,1,0
1497676453,HSIM7,26030,1,1,0
1497676455,HSIM7,26030,1,1,0
1497676456,HSIM7,26030,1,1,0
1497676456,HSIM7,26030,1,1,0
1497676457,HSIM7,26030,1,1,0
1497676457,HSIM7,26030,1,1,0
1497676458,HSIM7,26030,1,1,0
1497676458,HSIM7,26030,1,1,0
1497676459,HSIM7,26030,1,1,0
1497676459,HSIM7,26030,2,1,0
1497676459,HSIM7,26030,1,1,0
1497676460,HSIM7,26030,1,1,0
1497676460,HSIM7,26031,1,1,0
1497676461,HSIM7,26030,2,1,0
1497676461,HSIM7,26030,2,1,0
1497676462,HSIM7,26030,1,1,0
1497676462,HSIM7,26030,1,1,0
1497676463,HSIM7,26030,1,1,0
1497676463,HSIM7,26030,1,1,0
1497676464,HSIM7,26030,1,1,0
1497676464,HSIM7,26030,1,1,0
1497676465,HSIM7,26030,1,1,0
1497676465,HSIM7,26030,2,1,0
1497676465,HSIM7,26030,1,1,0
1497676466,HSIM7,26030,1,1,0
1497676467,HSIM7,26030,1,1,0
1497676467,HSIM7,26030,1,1,0
1497676469,HSIM7,26030,1,1,0
1497676469,HSIM7,26030,1,1,0
1497676470,HSIM7,26030,5,1,0
1497676470,HSIM7,26031,1,1,0
1497676472,HSIM7,26030,1,1,0
1497676472,HSIM7,26030,5,1,0
1497676473,HSIM7,26030,1,1,0
1497676474,HSIM7,26030,1,1,0
1497676474,HSIM7,26030,5,1,0
1497676476,HSIM7,26031,1,1,0
1497676477,HSIM7,26029,6,1,0
1497676479,HSIM7,26029,5,1,0
1497676481,HSIM7,26029,5,1,0
1497676482,HSIM7,26029,1,1,0
1497676483,HSIM7,26029,5,1,0
1497676486,HSIM7,26029,5,1,0
1497676487,HSIM7,26029,5,1,0
1497676490,HSIM7,26030,1,1,0
1497676490,HSIM7,26028,5,1,0
1497676492,HSIM7,26028,5,1,0
1497676494,HSIM7,26029,1,1,0
1497676494,HSIM7,26028,4,1,0
1497676498,HSIM7,26028,5,1,0
1497676500,HSIM7,26028,1,1,0
1497676501,HSIM7,26028,1,1,0
1497676509,HSIM7,26030,1,1,0
1497676510,HSIM7,26030,1,1,0
1497676511,HSIM7,26030,5,1,0
1497676511,HSIM7,26030,1,1,0
1497676512,HSIM7,26030,1,1,0
1497676513,HSIM7,26030,1,1,0
1497676513,HSIM7,26030,1,1,0
1497676513,HSIM7,26030,1,1,0
1497676513,HSIM7,26030,1,1,0
1497676514,HSIM7,26030,1,1,0
1497676515,HSIM7,26030,1,1,0
1497676515,HSIM7,26030,1,1,0
1497676516,HSIM7,26030,1,1,0
1497676516,HSIM7,26030,1,1,0
1497676517,HSIM7,26030,1,1,0
1497676517,HSIM7,26030,2,1,0
1497676517,HSIM7,26029,1,1,0
1497676517,HSIM7,26030,1,1,0
1497676518,HSIM7,26030,1,1,0
1497676518,HSIM7,26030,1,1,0
1497676519,HSIM7,26029,1,1,0
1497676519,HSIM7,26030,1,1,0
1497676519,HSIM7,26030,1,1,0
1497676520,HSIM7,26030,1,1,0
1497676520,HSIM7,26030,2,1,0
1497676521,HSIM7,26030,1,1,0
1497676521,HSIM7,26030,1,1,0
1497676522,HSIM7,26030,2,1,0
1497676522,HSIM7,26030,1,1,0
1497676522,HSIM7,26030,1,1,0
1497676523,HSIM7,26030,1,1,0
1497676523,HSIM7,26030,1,1,0
1497676524,HSIM7,26030,1,1,0
1497676525,HSIM7,26030,1,1,0
1497676525,HSIM7,26030,1,1,0
1497676525,HSIM7,26029,1,1,0
1497676526,HSIM7,26030,1,1,0
1497676526,HSIM7,26030,1,1,0
1497676526,HSIM7,26030,1,1,0
1497676526,HSIM7,26030,1,1,0
1497676527,HSIM7,26030,1,1,0
1497676528,HSIM7,26030,1,1,0
1497676529,HSIM7,26030,1,1,0
1497676529,HSIM7,26029,1,1,0
1497676529,HSIM7,26030,1,1,0
1497676529,HSIM7,26029,1,1,0
1497676529,HSIM7,26030,1,1,0
1497676530,HSIM7,26030,1,1,0
1497676530,HSIM7,26030,1,1,0
1497676531,HSIM7,26030,1,1,0
1497676531,HSIM7,26030,1,1,0
1497676532,HSIM7,26030,1,1,0
1497676533,HSIM7,26030,1,1,0
1497676534,HSIM7,26030,1,1,0
1497676535,HSIM7,26030,1,1,0
1497676536,HSIM7,26030,1,1,0
1497676537,HSIM7,26030,1,1,0
1497676539,HSIM7,26030,2,1,0
1497676540,HSIM7,26029,3,1,0
1497676543,HSIM7,26031,1,1,0
1497676543,HSIM7,26031,1,1,0
1497676544,HSIM7,26031,1,1,0
1497676544,HSIM7,26031,1,1,0
1497676544,HSIM7,26030,5,1,0
1497676545,HSIM7,26031,1,1,0
1497676545,HSIM7,26031,1,1,0
1497676546,HSIM7,26031,1,1,0
1497676546,HSIM7,26031,2,1,0
1497676547,HSIM7,26031,1,1,0
1497676547,HSIM7,26031,1,1,0
1497676547,HSIM7,26030,5,1,0
1497676547,HSIM7,26031,1,1,0
1497676548,HSIM7,26031,1,1,0
1497676548,HSIM7,26031,1,1,0
1497676549,HSIM7,26031,1,1,0
1497676549,HSIM7,26031,1,1,0
1497676550,HSIM7,26031,1,1,0
1497676550,HSIM7,26031,1,1,0
1497676551,HSIM7,26031,1,1,0
1497676551,HSIM7,26031,1,1,0
1497676552,HSIM7,26031,1,1,0
1497676552,HSIM7,26031,1,1,0
1497676553,HSIM7,26031,1,1,0
1497676553,HSIM7,26031,1,1,0
1497676554,HSIM7,26031,2,1,0
1497676554,HSIM7,26031,1,1,0
1497676554,HSIM7,26031,1,1,0
1497676555,HSIM7,26030,5,1,0
1497676555,HSIM7,26031,1,1,0
1497676556,HSIM7,26031,1,1,0
1497676556,HSIM7,26030,1,1,0
1497676556,HSIM7,26031,1,1,0
1497676557,HSIM7,26031,1,1,0
1497676557,HSIM7,26030,5,1,0
1497676557,HSIM7,26031,1,1,0
1497676558,HSIM7,26030,5,1,0
1497676558,HSIM7,26031,1,1,0
1497676558,HSIM7,26031,1,1,0
1497676559,HSIM7,26030,5,1,0
1497676559,HSIM7,26031,1,1,0
1497676560,HSIM7,26031,1,1,0
1497676560,HSIM7,26030,1,1,0
1497676560,HSIM7,26031,1,1,0
1497676561,HSIM7,26031,1,1,0
1497676561,HSIM7,26030,5,1,0
1497676562,HSIM7,26031,1,1,0
1497676562,HSIM7,26030,5,1,0
1497676563,HSIM7,26031,1,1,0
1497676564,HSIM7,26029,5,1,0
1497676564,HSIM7,26029,1,1,0
1497676567,HSIM7,26030,1,1,0
1497676573,HSIM7,26031,1,1,0
1497676574,HSIM7,26030,5,1,0
1497676576,HSIM7,26030,1,1,0
1497676577,HSIM7,26031,1,1,0
1497676577,HSIM7,26030,1,1,0
1497676577,HSIM7,26031,1,1,0
1497676577,HSIM7,26031,1,1,0
1497676578,HSIM7,26031,1,1,0
1497676578,HSIM7,26031,1,1,0
1497676579,HSIM7,26030,1,1,0
1497676579,HSIM7,26031,1,1,0
1497676580,HSIM7,26031,1,1,0
1497676580,HSIM7,26031,1,1,0
1497676582,HSIM7,26031,1,1,0
1497676582,HSIM7,26029,1,1,0
1497676582,HSIM7,26031,1,1,0
1497676583,HSIM7,26031,2,1,0
1497676584,HSIM7,26031,1,1,0
1497676585,HSIM7,26029,1,1,0
1497676586,HSIM7,26029,5,1,0
1497676587,HSIM7,26031,1,1,0
1497676596,HSIM7,26031,1,1,0
1497676597,HSIM7,26031,1,1,0
1497676597,HSIM7,26031,1,1,0
1497676598,HSIM7,26031,1,1,0
1497676598,HSIM7,26030,1,1,0
1497676599,HSIM7,26031,1,1,0
1497676599,HSIM7,26031,1,1,0
1497676600,HSIM7,26031,1,1,0
1497676601,HSIM7,26031,1,1,0
1497676601,HSIM7,26031,1,1,0
1497676602,HSIM7,26031,1,1,0
1497676603,HSIM7,26031,1,1,0
1497676603,HSIM7,26031,1,1,0
1497676604,HSIM7,26031,1,1,0
1497676604,HSIM7,26031,1,1,0
1497676605,HSIM7,26031,1,1,0
1497676605,HSIM7,26031,1,1,0
1497676606,HSIM7,26031,1,1,0
1497676607,HSIM7,26031,1,1,0
1497676608,HSIM7,26031,1,1,0
1497676609,HSIM7,26031,1,1,0
1497676610,HSIM7,26031,1,1,0
1497676610,HSIM7,26030,2,1,0
1497676610,HSIM7,26031,1,1,0
1497676611,HSIM7,26031,1,1,0
1497676612,HSIM7,26031,1,1,0
1497676612,HSIM7,26031,1,1,0
1497676613,HSIM7,26031,1,1,0
1497676614,HSIM7,26031,1,1,0
1497676615,HSIM7,26031,1,1,0
1497676615,HSIM7,26031,1,1,0
1497676616,HSIM7,26031,1,1,0
1497676616,HSIM7,26031,1,1,0
1497676617,HSIM7,26031,1,1,0
1497676617,HSIM7,26031,1,1,0
1497676618,HSIM7,26031,1,1,0
1497676619,HSIM7,26031,1,1,0
1497676619,HSIM7,26030,1,1,0
1497676620,HSIM7,26031,1,1,0
1497676620,HSIM7,26030,1,1,0
1497676620,HSIM7,26031,1,1,0
1497676621,HSIM7,26031,1,1,0
1497676622,HSIM7,26031,4,1,0
1497676699,HSIM7,26031,1,1,0
1497676700,HSIM7,26032,1,1,0
1497676704,HSIM7,26030,1,1,0
1497676705,HSIM7,26031,1,1,0
1497676705,HSIM7,26031,1,1,0
1497676706,HSIM7,26032,1,1,0
1497676707,HSIM7,26031,1,1,0
1497676708,HSIM7,26031,1,1,0
1497676709,HSIM7,26031,1,1,0
1497676710,HSIM7,26030,1,1,0
1497676711,HSIM7,26030,2,1,0
1497676711,HSIM7,26030,1,1,0
1497676712,HSIM7,26030,1,1,0
1497676713,HSIM7,26030,1,1,0
1497676713,HSIM7,26030,1,1,0
1497676715,HSIM7,26030,1,1,0
1497676716,HSIM7,26030,1,1,0
1497676716,HSIM7,26030,1,1,0
1497676717,HSIM7,26030,1,1,0
1497676718,HSIM7,26030,1,1,0
1497676718,HSIM7,26030,1,1,0
1497676718,HSIM7,26031,5,1,0
1497676719,HSIM7,26030,1,1,0
1497676719,HSIM7,26031,5,1,0
1497676719,HSIM7,26031,1,1,0
1497676720,HSIM7,26031,2,1,0
1497676725,HSIM7,26032,1,1,0
1497676726,HSIM7,26032,1,1,0
1497676726,HSIM7,26032,1,1,0
1497676727,HSIM7,26032,3,1,0
1497676727,HSIM7,26032,1,1,0
1497676728,HSIM7,26033,1,1,0
1497676729,HSIM7,26059,1,1,0
1497676731,HSIM7,26036,1,1,0
1497676732,HSIM7,26036,2,1,0
1497676732,HSIM7,26036,1,1,0
1497676733,HSIM7,26036,1,1,0
1497676734,HSIM7,26036,1,1,0
1497676734,HSIM7,26036,2,1,0
1497676735,HSIM7,26036,1,1,0
1497676735,HSIM7,26036,1,1,0
1497676736,HSIM7,26035,2,1,0
1497676736,HSIM7,26035,1,1,0
1497676738,HSIM7,26031,1,1,0
1497676738,HSIM7,26030,1,1,0
1497676740,HSIM7,26087,1,1,0
1497676741,HSIM7,26031,1,1,0
1497676745,HSIM7,26106,1,1,0
1497676746,HSIM7,26038,1,1,0
1497676749,HSIM7,26035,1,1,0
1497676749,HSIM7,26038,1,1,0
1497676751,HSIM7,26039,1,1,0
1497676753,HSIM7,26039,1,1,0
1497676754,HSIM7,26106,1,1,0
1497676754,HSIM7,26032,1,1,0
1497676756,HSIM7,26034,1,1,0
1497676756,HSIM7,26032,1,1,0
1497676759,HSIM7,26032,1,1,0
1497676759,HSIM7,26033,1,1,0
1497676760,HSIM7,26032,1,1,0
1497676761,HSIM7,26032,1,1,0
1497676764,HSIM7,26030,1,1,0
1497676766,HSIM7,26030,1,1,0
1497676767,HSIM7,26030,1,1,0
1497676768,HSIM7,26030,1,1,0
1497676769,HSIM7,26030,1,1,0
1497676770,HSIM7,26030,1,1,0
1497676770,HSIM7,26030,1,1,0
1497676771,HSIM7,26030,1,1,0
1497676772,HSIM7,26030,1,1,0
1497676772,HSIM7,26031,1,1,0
1497676772,HSIM7,26030,3,1,0
1497676773,HSIM7,26030,1,1,0
1497676774,HSIM7,26030,1,1,0
1497676774,HSIM7,26031,1,1,0
1497676775,HSIM7,26030,1,1,0
1497676776,HSIM7,26031,1,1,0
1497676778,HSIM7,26030,1,1,0
1497676779,HSIM7,26030,1,1,0
1497676780,HSIM7,26030,1,1,0
1497676781,HSIM7,26030,1,1,0
1497676782,HSIM7,26030,1,1,0
1497676786,HSIM7,26029,1,1,0
1497676790,HSIM7,26029,1,1,0
1497676790,HSIM7,26029,1,1,0
1497676791,HSIM7,26028,1,1,0
1497676791,HSIM7,26029,1,1,0
1497676793,HSIM7,26028,1,1,0
1497676795,HSIM7,26027,1,1,0
1497676796,HSIM7,26027,2,1,0
1497676798,HSIM7,26027,1,1,0
1497678538,HSIM7,26027,6,20,0
1497678600,HSIM7,26030,1,1,0
1497678600,HSIM7,26028,1,1,0
1497678602,HSIM7,26027,1,1,0
1497678603,HSIM7,26030,1,1,0
1497678604,HSIM7,26027,1,1,0
1497678605,HSIM7,26027,1,1,0
1497678606,HSIM7,26027,1,1,0
1497678608,HSIM7,26031,4,1,0
1497678608,HSIM7,26031,1,1,0
1497678611,HSIM7,26031,1,1,0
1497678618,HSIM7,26031,1,1,0
1497678622,HSIM7,26026,1,1,0
1497678624,HSIM7,26032,1,1,0
1497678624,HSIM7,26032,1,1,0
1497678630,HSIM7,26032,1,1,0
1497678634,HSIM7,26032,1,1,0
1497678636,HSIM7,26027,1,1,0
1497678648,HSIM7,26030,1,1,0
1497678655,HSIM7,26030,1,1,0
1497678659,HSIM7,26029,1,1,0
1497678660,HSIM7,26030,2,1,0
1497678661,HSIM7,26030,1,1,0
1497678666,HSIM7,26029,1,1,0
1497678666,HSIM7,26029,1,1,0
1497678666,HSIM7,26030,1,1,0
1497678667,HSIM7,26029,1,1,0
1497678669,HSIM7,26030,3,1,0
1497678671,HSIM7,26030,1,1,0
1497678674,HSIM7,26029,1,1,0
1497678674,HSIM7,26031,1,1,0
1497678676,HSIM7,26031,1,1,0
1497678676,HSIM7,26031,1,1,0
1497678676,HSIM7,26031,1,1,0
1497678677,HSIM7,26031,2,1,0
1497678677,HSIM7,26031,2,1,0
1497678678,HSIM7,26031,1,1,0
1497678678,HSIM7,26031,1,1,0
1497678681,HSIM7,26032,1,1,0
1497678682,HSIM7,26032,1,1,0
1497678683,HSIM7,26032,1,1,0
1497678684,HSIM7,26032,1,1,0
1497678691,HSIM7,26033,2,1,0
1497678694,HSIM7,26034,1,1,0
1497678696,HSIM7,26033,1,1,0
1497678698,HSIM7,26036,1,1,0
1497678703,HSIM7,26106,1,1,0
1497678710,HSIM7,26061,2,1,0
1497678711,HSIM7,26061,1,1,0
1497678714,HSIM7,26061,4,1,0
1497678717,HSIM7,26060,1,1,0
1497678718,HSIM7,26060,1,1,0
1497678720,HSIM7,26061,1,1,0
1497678722,HSIM7,26060,1,1,0
1497678724,HSIM7,26061,1,1,0
1497678725,HSIM7,26060,1,1,0
1497678729,HSIM7,26061,1,1,0
1497678729,HSIM7,26060,1,1,0
1497678730,HSIM7,26061,1,1,0
1497678732,HSIM7,26061,1,1,0
1497678734,HSIM7,26060,1,1,0
1497678735,HSIM7,26061,1,1,0
1497678738,HSIM7,26060,1,1,0
1497678744,HSIM7,26061,2,1,0
1497678748,HSIM7,26060,1,1,0
1497678751,HSIM7,26061,1,1,0
1497678751,HSIM7,26061,1,1,0
1497678751,HSIM7,26060,1,1,0
1497678759,HSIM7,26060,1,1,0
1497678774,HSIM7,26060,1,1,0
1497678775,HSIM7,26060,1,1,0
1497678775,HSIM7,26061,2,1,0
1497678775,HSIM7,26060,1,1,0
1497678776,HSIM7,26060,1,1,0
1497678776,HSIM7,26060,1,1,0
1497678777,HSIM7,26060,1,1,0
1497678777,HSIM7,26060,1,1,0
1497678778,HSIM7,26060,1,1,0
1497678778,HSIM7,26061,1,1,0
1497678778,HSIM7,26060,1,1,0
1497678779,HSIM7,26060,1,1,0
1497678779,HSIM7,26060,2,1,0
1497678780,HSIM7,26060,1,1,0
1497678780,HSIM7,26061,1,1,0
1497678780,HSIM7,26060,1,1,0
1497678781,HSIM7,26060,1,1,0
1497678781,HSIM7,26060,1,1,0
1497678782,HSIM7,26060,1,1,0
1497678782,HSIM7,26060,2,1,0
1497678783,HSIM7,26060,1,1,0
1497678783,HSIM7,26061,2,1,0
1497678783,HSIM7,26060,1,1,0
1497678784,HSIM7,26060,1,1,0
1497678784,HSIM7,26061,2,1,0
1497678784,HSIM7,26060,1,1,0
1497678785,HSIM7,26061,1,1,0
1497678785,HSIM7,26060,1,1,0
1497678785,HSIM7,26061,2,1,0
1497678786,HSIM7,26060,1,1,0
1497678786,HSIM7,26060,1,1,0
1497678787,HSIM7,26060,1,1,0
1497678787,HSIM7,26061,1,1,0
1497678787,HSIM7,26060,1,1,0
1497678788,HSIM7,26060,2,1,0
1497678788,HSIM7,26060,1,1,0
1497678789,HSIM7,26061,2,1,0
1497678789,HSIM7,26060,1,1,0
1497678789,HSIM7,26060,1,1,0
1497678790,HSIM7,26060,1,1,0
1497678790,HSIM7,26061,2,1,0
1497678791,HSIM7,26060,1,1,0
1497678791,HSIM7,26060,6,1,0
1497678792,HSIM7,26060,2,1,0
1497678794,HSIM7,26060,2,1,0
1497678796,HSIM7,26060,1,1,0
1497678796,HSIM7,26060,2,1,0
1497678797,HSIM7,26060,1,1,0
1497678798,HSIM7,26060,2,1,0
1497678804,HSIM7,26058,1,1,0
1497678807,HSIM7,26051,1,1,0
1497678808,HSIM7,26058,3,1,0
1497678808,HSIM7,26051,1,1,0
1497678809,HSIM7,26058,1,1,0
1497678809,HSIM7,26058,1,1,0
1497678809,HSIM7,26058,1,1,0
1497678810,HSIM7,26058,1,1,0
1497678810,HSIM7,26058,1,1,0
1497678811,HSIM7,26058,4,1,0
1497678811,HSIM7,26058,1,1,0
1497678812,HSIM7,26058,1,1,0
1497678812,HSIM7,26058,1,1,0
1497678813,HSIM7,26058,1,1,0
1497678813,HSIM7,26058,2,1,0
1497678813,HSIM7,26058,1,1,0
1497678814,HSIM7,26058,1,1,0
1497678814,HSIM7,26058,1,1,0
1497678815,HSIM7,26057,1,1,0
1497678815,HSIM7,26057,1,1,0
1497678815,HSIM7,26058,1,1,0
1497678815,HSIM7,26057,1,1,0
1497678816,HSIM7,26057,1,1,0
1497678816,HSIM7,26058,1,1,0
1497678816,HSIM7,26057,1,1,0
1497678817,HSIM7,26051,1,1,0
1497678817,HSIM7,26057,1,1,0
1497678817,HSIM7,26057,1,1,0
1497678817,HSIM7,26058,1,1,0
1497678819,HSIM7,26057,2,1,0
1497678819,HSIM7,26057,1,1,0
1497678820,HSIM7,26058,4,1,0
1497678822,HSIM7,26058,1,1,0
1497678822,HSIM7,26060,1,1,0
1497678824,HSIM7,26058,5,1,0
1497678825,HSIM7,26060,2,1,0
1497678825,HSIM7,26058,4,1,0
1497678826,HSIM7,26058,1,1,0
1497678826,HSIM7,26060,2,1,0
1497678827,HSIM7,26051,1,1,0
1497678829,HSIM7,26060,2,1,0
1497678834,HSIM7,26052,5,1,0
1497678836,HSIM7,26052,3,1,0
1497678836,HSIM7,26052,1,1,0
1497678837,HSIM7,26052,1,1,0
1497678838,HSIM7,26052,1,1,0
1497678839,HSIM7,26051,4,1,0
1497678839,HSIM7,26051,1,1,0
1497678840,HSIM7,26053,1,1,0
1497678841,HSIM7,26051,1,1,0
1497678842,HSIM7,26051,4,1,0
1497678842,HSIM7,26049,1,1,0
1497678845,HSIM7,26052,1,1,0
1497678845,HSIM7,26053,1,1,0
1497678847,HSIM7,26058,1,1,0
1497678848,HSIM7,26058,1,1,0
1497678851,HSIM7,26052,1,1,0
1497678853,HSIM7,26057,1,1,0
1497678855,HSIM7,26057,1,1,0
1497678856,HSIM7,26057,1,1,0
1497678857,HSIM7,26057,1,1,0
1497678857,HSIM7,26055,1,1,0
1497678858,HSIM7,26052,1,1,0
1497678859,HSIM7,26055,1,1,0
1497678860,HSIM7,26057,1,1,0
1497678861,HSIM7,26057,1,1,0
1497678861,HSIM7,26057,1,1,0
1497678861,HSIM7,26057,1,1,0
1497678863,HSIM7,26057,1,1,0
1497678863,HSIM7,26057,1,1,0
1497678864,HSIM7,26053,1,1,0
1497678864,HSIM7,26057,1,1,0
1497678865,HSIM7,26058,1,1,0
1497678866,HSIM7,26058,1,1,0
1497678866,HSIM7,26058,1,1,0
1497678867,HSIM7,26058,1,1,0
1497678868,HSIM7,26058,1,1,0
1497678869,HSIM7,26058,1,1,0
1497678869,HSIM7,26058,2,1,0
1497678870,HSIM7,26056,1,1,0
1497678871,HSIM7,26056,1,1,0
1497678876,HSIM7,26058,1,1,0
1497678877,HSIM7,26058,1,1,0
1497678877,HSIM7,26057,1,1,0
1497678878,HSIM7,26057,1,1,0
1497678879,HSIM7,26057,1,1,0
1497678879,HSIM7,26056,1,1,0
1497678879,HSIM7,26057,1,1,0
1497678881,HSIM7,26057,1,1,0
1497678885,HSIM7,26056,1,1,0
1497678899,HSIM7,26057,1,1,0
1497678900,HSIM7,26056,1,1,0
1497678901,HSIM7,26056,10,1,0
1497678902,HSIM7,26056,1,1,0
1497678903,HSIM7,26057,1,1,0
1497678904,HSIM7,26056,4,1,0
1497678904,HSIM7,26058,1,1,0
1497678904,HSIM7,26057,4,1,0
1497678904,HSIM7,26056,5,1,0
1497678905,HSIM7,26056,5,1,0
1497678906,HSIM7,26056,5,1,0
1497678907,HSIM7,26056,1,1,0
1497678908,HSIM7,26056,2,1,0
1497678909,HSIM7,26055,1,1,0
1497678912,HSIM7,26056,1,1,0
1497678912,HSIM7,26055,2,1,0
1497678912,HSIM7,26053,2,1,0
1497678912,HSIM7,26053,5,1,0
1497678912,HSIM7,26053,3,1,0
1497678913,HSIM7,26052,2,1,0
1497678913,HSIM7,26058,1,1,0
1497678913,HSIM7,26049,5,1,0
1497678914,HSIM7,26049,5,1,0
1497678914,HSIM7,26049,5,1,0
1497678914,HSIM7,26049,5,1,0
1497678915,HSIM7,26049,6,1,0
1497678915,HSIM7,26049,5,1,0
1497678915,HSIM7,26049,5,1,0
1497678916,HSIM7,26049,5,1,0
1497678916,HSIM7,26049,10,1,0
1497678916,HSIM7,26049,5,1,0
1497678917,HSIM7,26049,5,1,0
1497678917,HSIM7,26049,5,1,0
1497678917,HSIM7,26049,5,1,0
1497678918,HSIM7,26049,10,1,0
1497678918,HSIM7,26049,5,1,0
1497678918,HSIM7,26049,3,1,0
1497678918,HSIM7,26046,2,1,0
1497678919,HSIM7,26046,5,1,0
1497678919,HSIM7,26046,5,1,0
1497678919,HSIM7,26046,5,1,0
1497678920,HSIM7,26046,5,1,0
1497678920,HSIM7,26046,10,1,0
1497678920,HSIM7,26046,4,1,0
1497678921,HSIM7,26038,5,1,0
1497678921,HSIM7,26038,5,1,0
1497678922,HSIM7,26038,5,1,0
1497678922,HSIM7,26038,10,1,0
1497678922,HSIM7,26031,1,1,0
1497678923,HSIM7,26034,1,1,0
1497678924,HSIM7,26029,1,1,0
1497678925,HSIM7,26028,5,1,0
1497678925,HSIM7,26027,5,1,0
1497678925,HSIM7,26027,5,1,0
1497678925,HSIM7,26027,5,1,0
1497678926,HSIM7,26026,5,1,0
1497678926,HSIM7,26026,5,1,0
1497678927,HSIM7,26026,5,1,0
1497678927,HSIM7,26026,5,1,0
1497678927,HSIM7,26026,5,1,0
1497678928,HSIM7,26029,1,1,0
1497678928,HSIM7,26026,5,1,0
1497678928,HSIM7,26026,5,1,0
1497678928,HSIM7,26026,3,1,0
1497678929,HSIM7,26025,2,1,0
1497678929,HSIM7,26029,1,1,0
1497678929,HSIM7,26025,5,1,0
1497678929,HSIM7,26025,10,1,0
1497678929,HSIM7,26025,5,1,0
1497678929,HSIM7,26025,5,1,0
1497678930,HSIM7,26025,5,1,0
1497678930,HSIM7,26025,5,1,0
1497678930,HSIM7,26025,5,1,0
1497678930,HSIM7,26025,5,1,0
1497678931,HSIM7,26029,1,1,0
1497678931,HSIM7,26025,5,1,0
1497678931,HSIM7,26025,2,1,0
1497678931,HSIM7,26024,3,1,0
1497678932,HSIM7,26029,1,1,0
1497678932,HSIM7,26032,1,1,0
1497678933,HSIM7,26032,3,1,0
1497678933,HSIM7,26032,1,1,0
1497678934,HSIM7,26032,1,1,0
1497678936,HSIM7,26032,3,1,0
1497678936,HSIM7,26024,10,1,0
1497678936,HSIM7,26024,11,1,0
1497678936,HSIM7,26024,6,1,0
1497678937,HSIM7,26023,4,1,0
1497678937,HSIM7,26023,8,1,0
1497678937,HSIM7,26022,2,1,0
1497678937,HSIM7,26022,4,1,0
1497678938,HSIM7,26020,5,1,0
1497678938,HSIM7,26019,1,1,0
1497678938,HSIM7,26018,1,1,0
1497678938,HSIM7,26017,1,1,0
1497678939,HSIM7,26016,1,1,0
1497678940,HSIM7,26014,1,1,0
1497678940,HSIM7,26013,1,1,0
1497678940,HSIM7,26012,1,1,0
1497678941,HSIM7,26011,1,1,0
1497678942,HSIM7,26010,3,1,0
1497678943,HSIM7,26010,1,1,0
1497678943,HSIM7,26007,10,1,0
1497678943,HSIM7,26010,2,1,0
1497678943,HSIM7,26006,8,1,0
1497678944,HSIM7,26006,1,1,0
1497678944,HSIM7,26006,1,1,0
1497678944,HSIM7,26010,1,1,0
1497678944,HSIM7,26005,1,1,0
1497678945,HSIM7,26005,1,1,0
1497678945,HSIM7,26004,1,1,0
1497678946,HSIM7,26003,1,1,0
1497678946,HSIM7,26002,1,1,0
1497678946,HSIM7,26001,1,1,0
1497678946,HSIM7,26000,9,1,0
1497678946,HSIM7,26002,1,1,0
1497678946,HSIM7,26000,10,1,0
1497678947,HSIM7,26000,1,1,0
1497678947,HSIM7,26002,1,1,0
1497678948,HSIM7,26002,1,1,0
1497678949,HSIM7,26002,1,1,0
1497678950,HSIM7,26000,1,1,0
1497678953,HSIM7,26000,1,1,0
1497678958,HSIM7,26000,1,1,0
1497678960,HSIM7,26000,1,1,0
1497678960,HSIM7,26002,1,1,0
1497678963,HSIM7,26000,1,1,0
1497678964,HSIM7,26000,1,1,0
1497678968,HSIM7,25999,1,1,0
1497678970,HSIM7,26000,1,1,0
1497678972,HSIM7,26002,3,1,0
1497678972,HSIM7,26004,2,1,0
1497678975,HSIM7,25999,1,1,0
1497678983,HSIM7,26004,1,1,0
1497678984,HSIM7,26004,1,1,0
1497678985,HSIM7,26007,1,1,0
1497678987,HSIM7,26007,1,1,0
1497678990,HSIM7,26007,1,1,0
1497678991,HSIM7,26007,2,1,0
1497678991,HSIM7,26013,2,1,0
1497678991,HSIM7,26009,1,1,0
1497678991,HSIM7,26013,3,1,0
1497678996,HSIM7,25998,1,1,0
1497678998,HSIM7,25998,1,1,0
1497678998,HSIM7,25998,1,1,0
1497679006,HSIM7,25993,1,1,0
1497679009,HSIM7,25993,1,1,0
1497679010,HSIM7,26007,1,1,0
1497679012,HSIM7,25951,1,1,0
1497679016,HSIM7,25987,2,1,0
1497679020,HSIM7,25951,1,1,0
1497679020,HSIM7,25951,1,1,0
1497679023,HSIM7,25986,1,1,0
1497679030,HSIM7,25986,1,1,0
1497679031,HSIM7,25986,1,1,0
1497679034,HSIM7,25986,1,1,0
1497679035,HSIM7,25986,1,1,0
1497679036,HSIM7,25951,1,1,0
1497679041,HSIM7,25951,1,1,0
1497679042,HSIM7,25951,1,1,0
1497679043,HSIM7,25951,1,1,0
1497679044,HSIM7,25951,1,1,0
1497679044,HSIM7,25951,1,1,0
1497679045,HSIM7,25951,1,1,0
1497679045,HSIM7,25951,1,1,0
1497679046,HSIM7,25951,1,1,0
1497679047,HSIM7,25951,1,1,0
1497679047,HSIM7,25951,1,1,0
1497679050,HSIM7,25986,1,1,0
1497679050,HSIM7,25951,1,1,0
1497679051,HSIM7,25986,3,1,0
1497679062,HSIM7,25951,1,1,0
1497679065,HSIM7,25940,1,1,0
1497679069,HSIM7,25940,1,1,0
1497679071,HSIM7,25944,1,1,0
1497679073,HSIM7,25914,1,1,0
1497679075,HSIM7,25940,1,1,0
1497679079,HSIM7,25914,1,1,0
1497679079,HSIM7,25913,1,1,0
1497679080,HSIM7,25912,1,1,0
1497679081,HSIM7,25944,2,1,0
1497679082,HSIM7,25906,1,1,0
1497679084,HSIM7,25909,1,1,0
1497679086,HSIM7,25914,1,1,0
1497679087,HSIM7,25914,1,1,0
1497679089,HSIM7,25914,1,1,0
1497679090,HSIM7,25929,1,1,0
1497679092,HSIM7,25929,1,1,0
1497679095,HSIM7,25929,1,1,0
1497679098,HSIM7,25924,2,1,0
1497679098,HSIM7,25924,1,1,0
1497679099,HSIM7,25924,1,1,0
1497679108,HSIM7,25924,1,1,0
1497679115,HSIM7,25914,1,1,0
1497679116,HSIM7,25925,1,1,0
1497679118,HSIM7,25921,1,7,0
1497679124,HSIM7,25925,1,1,0
1497679127,HSIM7,25915,1,1,0
1497679136,HSIM7,25915,1,1,0
1497679137,HSIM7,25915,1,1,0
1497679138,HSIM7,25915,1,1,0
1497679138,HSIM7,25915,1,1,0
1497679139,HSIM7,25915,1,1,0
1497679139,HSIM7,25914,1,1,0
1497679140,HSIM7,25914,1,1,0
1497679140,HSIM7,25915,1,1,0
1497679140,HSIM7,25914,1,1,0
1497679147,HSIM7,25914,1,1,0
1497679147,HSIM7,25915,1,1,0
1497679149,HSIM7,25915,1,1,0
1497679149,HSIM7,25914,4,1,0
1497679161,HSIM7,25905,1,1,0
1497679161,HSIM7,25912,1,1,0
1497679162,HSIM7,25905,1,1,0
1497679169,HSIM7,25915,1,1,0
1497679174,HSIM7,25905,1,1,0
1497679182,HSIM7,25915,1,1,0
1497679183,HSIM7,25915,1,1,0
1497679191,HSIM7,25914,1,1,0
1497679196,HSIM7,25914,1,1,0
1497679198,HSIM7,25914,2,1,0
1497679200,HSIM7,25914,1,1,0
1497679202,HSIM7,25915,1,1,0
1497679207,HSIM7,25906,1,1,0
1497679210,HSIM7,25907,1,1,0
1497679217,HSIM7,25906,1,1,0
1497679218,HSIM7,25906,1,1,0
1497679220,HSIM7,25906,1,1,0
1497679222,HSIM7,25915,1,1,0
1497679223,HSIM7,25915,1,1,0
1497679227,HSIM7,25914,1,1,0
1497679228,HSIM7,25906,1,1,0
1497679230,HSIM7,25914,1,1,0
1497679231,HSIM7,25906,2,1,0
1497679233,HSIM7,25906,2,1,0
1497679235,HSIM7,25906,1,1,0
1497679242,HSIM7,25905,2,1,0
1497679244,HSIM7,25905,2,1,0
1497679246,HSIM7,25905,2,1,0
1497679249,HSIM7,25905,2,1,0
1497679249,HSIM7,25906,1,1,0
1497679254,HSIM7,25902,2,1,0
1497679256,HSIM7,25902,2,1,0
1497679258,HSIM7,25902,1,1,0
1497679259,HSIM7,25902,1,1,0
1497679260,HSIM7,25906,1,1,0
1497679260,HSIM7,25903,1,1,0
1497679263,HSIM7,25903,1,1,0
1497679266,HSIM7,25905,1,1,0
1497679267,HSIM7,25905,1,1,0
1497679268,HSIM7,25905,2,1,0
1497679269,HSIM7,25903,1,1,0
1497679270,HSIM7,25905,1,1,0
1497679271,HSIM7,25906,2,1,0
1497679275,HSIM7,25903,1,1,0
1497679279,HSIM7,25900,2,1,0
1497679283,HSIM7,25860,1,1,0
1497679287,HSIM7,25895,1,1,0
1497679292,HSIM7,25895,1,1,0
1497679292,HSIM7,25895,1,1,0
1497679292,HSIM7,25900,1,1,0
1497679293,HSIM7,25901,1,1,0
1497679297,HSIM7,25903,1,1,0
1497679297,HSIM7,25901,1,1,0
1497679298,HSIM7,25906,1,1,0
1497679305,HSIM7,25909,1,1,0
1497679308,HSIM7,25908,1,1,0
1497679312,HSIM7,25909,1,1,0
1497679314,HSIM7,25909,1,1,0
1497679315,HSIM7,25909,1,1,0
1497679316,HSIM7,25909,1,1,0
1497679319,HSIM7,25908,1,1,0
1497679320,HSIM7,25909,1,1,0
1497679320,HSIM7,25909,1,1,0
1497679321,HSIM7,25908,1,1,0
1497679326,HSIM7,25908,1,1,0
1497679327,HSIM7,25909,1,1,0
1497679330,HSIM7,25909,1,1,0
1497679337,HSIM7,25908,1,1,0
1497679338,HSIM7,25907,1,1,0
1497679339,HSIM7,25909,2,1,0
1497679339,HSIM7,25910,1,1,0
1497679340,HSIM7,25910,1,1,0
1497679341,HSIM7,25901,1,1,0
1497679342,HSIM7,25901,1,1,0
1497679345,HSIM7,25910,1,1,0
1497679348,HSIM7,25901,1,1,0
1497679352,HSIM7,25901,2,1,0
1497679354,HSIM7,25910,1,1,0
1497679361,HSIM7,25910,1,1,0
1497679364,HSIM7,25909,1,1,0
1497679371,HSIM7,25909,1,1,0
1497679379,HSIM7,25855,1,1,0
1497679380,HSIM7,25900,1,1,0
1497679380,HSIM7,25855,1,1,0
1497679384,HSIM7,25902,1,1,0
1497679385,HSIM7,25855,1,1,0
1497679386,HSIM7,25902,1,1,0
1497679387,HSIM7,25901,1,1,0
1497679390,HSIM7,25856,1,1,0
1497679391,HSIM7,25902,1,1,0
1497679394,HSIM7,25856,1,1,0
1497679397,HSIM7,25901,1,1,0
1497679403,HSIM7,25901,4,1,0
1497679420,HSIM7,25900,1,1,0
1497679430,HSIM7,25902,1,1,0
1497679438,HSIM7,25901,1,1,0
1497679440,HSIM7,25904,1,1,0
1497679441,HSIM7,25904,1,1,0
1497679443,HSIM7,25902,1,1,0
1497679446,HSIM7,25901,3,1,0
1497679449,HSIM7,25904,1,1,0
1497679452,HSIM7,25901,1,1,0
1497679456,HSIM7,25904,1,1,0
1497679459,HSIM7,25904,1,1,0
1497679459,HSIM7,25904,1,1,0
1497679463,HSIM7,25901,1,1,0
1497679465,HSIM7,25904,3,1,0
1497679466,HSIM7,25904,1,1,0
1497679470,HSIM7,25904,2,1,0
1497679477,HSIM7,25901,1,1,0
1497679485,HSIM7,25903,1,1,0
1497679492,HSIM7,25903,1,1,0
1497679493,HSIM7,25903,1,1,0
1497679495,HSIM7,25903,1,1,0
1497679500,HSIM7,25901,1,1,0
1497679500,HSIM7,25901,1,1,0
1497679500,HSIM7,25903,1,1,0
1497679501,HSIM7,25901,1,1,0
1497679508,HSIM7,25903,1,1,0
1497679510,HSIM7,25903,1,1,0
1497679513,HSIM7,25903,1,1,0
1497679514,HSIM7,25901,1,1,0
1497679514,HSIM7,25901,1,1,0
1497679515,HSIM7,25901,2,1,0
1497679515,HSIM7,25900,1,1,0
1497679517,HSIM7,25903,1,1,0
1497679526,HSIM7,25901,1,1,0
1497679529,HSIM7,25902,1,1,0
1497679529,HSIM7,25902,1,1,0
1497679529,HSIM7,25901,1,1,0
1497679535,HSIM7,25860,1,1,0
1497679536,HSIM7,25902,1,1,0
1497679537,HSIM7,25902,1,1,0
1497679538,HSIM7,25861,1,1,0
1497679544,HSIM7,25861,1,1,0
1497679547,HSIM7,25861,1,1,0
1497679552,HSIM7,25865,1,1,0
1497679553,HSIM7,25900,1,1,0
1497679557,HSIM7,25871,1,1,0
1497679557,HSIM7,25871,1,1,0
1497679560,HSIM7,25891,1,1,0
1497679562,HSIM7,25871,1,1,0
1497679563,HSIM7,25875,1,1,0
1497679563,HSIM7,25871,1,1,0
1497679564,HSIM7,25899,1,1,0
1497679567,HSIM7,25899,1,1,0
1497679568,HSIM7,25871,1,1,0
1497679574,HSIM7,25876,1,1,0
1497679575,HSIM7,25876,1,1,0
1497679576,HSIM7,25898,1,1,0
1497679577,HSIM7,25877,1,1,0
1497679588,HSIM7,25898,1,1,0
1497679588,HSIM7,25878,2,1,0
1497679590,HSIM7,25878,1,1,0
1497679590,HSIM7,25899,1,1,0
1497679595,HSIM7,25898,1,1,0
1497679596,HSIM7,25899,1,1,0
1497679599,HSIM7,25881,1,1,0
1497679601,HSIM7,25899,1,1,0
1497679604,HSIM7,25880,1,1,0
1497679608,HSIM7,25881,1,1,0
1497679609,HSIM7,25901,1,1,0
1497679613,HSIM7,25880,6,1,0
1497679618,HSIM7,25881,1,1,0
1497679620,HSIM7,25899,1,1,0
1497679622,HSIM7,25898,1,1,0
1497679623,HSIM7,25900,1,1,0
1497679624,HSIM7,25881,1,1,0
1497679625,HSIM7,25888,1,1,0
1497679632,HSIM7,25881,1,1,0
1497679632,HSIM7,25888,1,1,0
1497679635,HSIM7,25888,1,1,0
1497679636,HSIM7,25885,2,1,0
1497679637,HSIM7,25882,1,1,0
1497679637,HSIM7,25881,2,1,0
1497679642,HSIM7,25881,1,1,0
1497679642,HSIM7,25885,1,1,0
1497679645,HSIM7,25888,1,1,0
1497679648,HSIM7,25888,1,1,0
1497679649,HSIM7,25889,1,1,0
1497679649,HSIM7,25889,1,1,0
1497679649,HSIM7,25889,1,1,0
1497679649,HSIM7,25889,1,1,0
1497679650,HSIM7,25887,2,1,0
1497679650,HSIM7,25892,1,1,0
1497679650,HSIM7,25893,1,1,0
1497679652,HSIM7,25899,5,1,0
1497679652,HSIM7,25900,5,1,0
1497679653,HSIM7,25900,5,1,0
1497679653,HSIM7,25900,5,1,0
1497679653,HSIM7,25900,5,1,0
1497679654,HSIM7,25900,5,1,0
1497679654,HSIM7,25900,10,1,0
1497679654,HSIM7,25900,5,1,0
1497679655,HSIM7,25900,5,1,0
1497679655,HSIM7,25900,10,1,0
1497679655,HSIM7,25900,5,1,0
1497679655,HSIM7,25893,1,1,0
1497679656,HSIM7,25900,4,1,0
1497679656,HSIM7,25901,1,1,0
1497679656,HSIM7,25901,4,1,0
1497679656,HSIM7,25902,1,1,0
1497679656,HSIM7,25903,5,1,0
1497679658,HSIM7,25903,5,1,0
1497679658,HSIM7,25903,4,1,0
1497679658,HSIM7,25904,1,1,0
1497679659,HSIM7,25904,4,1,0
1497679659,HSIM7,25905,1,1,0
1497679661,HSIM7,25909,5,1,0
1497679662,HSIM7,25909,3,1,0
1497679662,HSIM7,25910,5,1,0
1497679663,HSIM7,25910,5,1,0
1497679663,HSIM7,25910,5,1,0
1497679664,HSIM7,25910,5,1,0
1497679664,HSIM7,25910,5,1,0
1497679664,HSIM7,25910,5,1,0
1497679664,HSIM7,25910,6,1,0
1497679665,HSIM7,25910,5,1,0
1497679665,HSIM7,25910,5,1,0
1497679665,HSIM7,25910,5,1,0
1497679665,HSIM7,25910,5,1,0
1497679666,HSIM7,25910,5,1,0
1497679666,HSIM7,25910,5,1,0
1497679666,HSIM7,25910,5,1,0
1497679667,HSIM7,25910,2,1,0
1497679668,HSIM7,25914,5,1,0
1497679668,HSIM7,25914,5,1,0
1497679669,HSIM7,25915,5,1,0
1497679670,HSIM7,25915,5,1,0
1497679670,HSIM7,25914,1,1,0
1497679671,HSIM7,25915,5,1,0
1497679671,HSIM7,25915,5,1,0
1497679672,HSIM7,25915,5,1,0
1497679672,HSIM7,25915,5,1,0
1497679672,HSIM7,25915,8,1,0
1497679675,HSIM7,25928,5,1,0
1497679676,HSIM7,25928,5,1,0
1497679676,HSIM7,25927,1,1,0
1497679677,HSIM7,25928,2,1,0
1497679680,HSIM7,25930,1,1,0
1497679681,HSIM7,25929,1,1,0
1497679683,HSIM7,25929,1,1,0
1497679685,HSIM7,25935,1,1,0
1497679686,HSIM7,25978,1,1,0
1497679687,HSIM7,25935,1,1,0
1497679691,HSIM7,25979,1,1,0
1497679691,HSIM7,25944,1,1,0
1497679692,HSIM7,25935,1,1,0
1497679694,HSIM7,25935,1,1,0
1497679694,HSIM7,25930,1,1,0
1497679700,HSIM7,25935,1,1,0
1497679707,HSIM7,25929,2,1,0
1497679707,HSIM7,25934,1,1,0
1497679718,HSIM7,25929,1,1,0
1497679731,HSIM7,25929,1,1,0
1497679736,HSIM7,25933,1,1,0
1497679739,HSIM7,25929,4,1,0
1497679740,HSIM7,25935,1,1,0
1497679740,HSIM7,25929,3,1,0
1497679742,HSIM7,25935,1,1,0
1497679743,HSIM7,25979,1,1,0
1497679745,HSIM7,25929,1,1,0
1497679746,HSIM7,25929,2,1,0
1497679747,HSIM7,25935,1,1,0
1497679749,HSIM7,25979,1,1,0
1497679753,HSIM7,25979,1,1,0
1497679757,HSIM7,25979,1,1,0
1497679759,HSIM7,25979,1,1,0
1497679766,HSIM7,25971,1,1,0
1497679783,HSIM7,25929,1,1,0
1497679788,HSIM7,25978,1,1,0
1497679790,HSIM7,25929,1,1,0
