1 00700 騰訊控股 1,044,939,600 764,623,871 1,809,563,471 
2 00005 匯豐控股 987,848,780 19,816,900 1,007,665,680 
3 01918 融創中國 335,743,700 145,923,650 481,667,350 
4 02018 瑞聲科技 97,912,500 229,184,000 327,096,500 
5 02318 中國平安 218,662,100 84,618,075 303,280,175 
6 00966 中國太平 135,344,600 113,497,920 248,842,520 
7 00981 中芯國際 160,566,910 83,327,960 243,894,870 
8 02601 中國太保 134,543,230 101,675,560 236,218,790 
9 03333 中國恒大 66,963,000 115,359,150 182,322,150 
10 00175 吉利汽車 75,615,650 105,367,100 180,982,750 

1 00700 騰訊控股 328,686,000 902,634,600 1,231,320,600 
2 00763 中興通訊 110,072,710 101,539,260 211,611,970 
3 01918 融創中國 158,155,100 33,064,650 191,219,750 
4 00981 中芯國際 96,175,200 69,841,620 166,016,820 
5 01115 西藏水資源 84,619,690 81,159,960 165,779,650 
6 02382 舜宇光學科技 83,288,000 74,142,000 157,430,000 
7 00799  18,987,540 90,465,610 109,453,150 
8 02202 萬科企業 90,528,845 16,683,810 107,212,655 
9 00966 中國太平 46,968,180 53,059,370 100,027,550 
10 02318 中國平安 58,777,475 39,648,400 98,425,875 
