1 00700 騰訊控股 613,396,400 743,397,800 1,356,794,200 
2 01398 工商銀行 418,340,700 422,215,792 840,556,492 
3 02318 中國平安 242,831,075 286,435,750 529,266,825 
4 00005 匯豐控股 5,774,540 315,439,616 321,214,156 
5 00966 中國太平 94,255,470 200,835,890 295,091,360 
6 02601 中國太保 188,566,680 98,527,870 287,094,550 
7 00981 中芯國際 144,670,340 136,032,850 280,703,190 
8 02628 中國人壽 17,734,700 222,751,400 240,486,100 
9 00175 吉利汽車 61,081,900 159,278,100 220,360,000 
10 03333 中國恒大 72,939,650 124,977,100 197,916,750 

1 00700 騰訊控股 303,109,560 204,378,720 507,488,280 
2 00763 中興通訊 94,552,920 114,625,770 209,178,690 
3 02318 中國平安 156,818,675 20,706,175 177,524,850 
4 00966 中國太平 126,426,190 19,388,400 145,814,590 
5 00981 中芯國際 64,205,540 64,441,130 128,646,670 
6 00175 吉利汽車 34,911,850 71,832,300 106,744,150 
7 01918 融創中國 82,365,600 18,589,950 100,955,550 
8 01336 新華保險 21,148,180 75,032,120 96,180,300 
9 01030 新城發展控股 22,063,380 63,507,560 85,570,940 
10 02202 萬科企業 63,183,140 9,487,285 72,670,425 
