1 01918 融創中國 515,153,850 359,692,800 874,846,650 
2 00700 騰訊控股 218,157,580 443,086,820 661,244,400 
3 01398 工商銀行 472,386,390 139,684,470 612,070,860 
4 00005 匯豐控股 24,932,740 410,969,840 435,902,580 
5 02318 中國平安 138,013,750 267,166,550 405,180,300 
6 00981 中芯國際 275,031,590 51,070,680 326,102,270 
7 00939 建設銀行 60,467,700 203,392,120 263,859,820 
8 03968 招商銀行 42,804,600 162,261,950 205,066,550 
9 00175 吉利汽車 36,977,450 137,573,450 174,550,900 
10 02238 廣汽集團 83,223,200 88,660,400 171,883,600 

1 00700 騰訊控股 63,723,460 280,091,040 343,814,500 
2 01918 融創中國 122,484,250 146,862,861 269,347,111 
3 01548 金斯瑞生物科技 108,388,440 71,517,960 179,906,400 
4 02208 金風科技 110,727,832 65,101,120 175,828,952 
5 00175 吉利汽車 7,296,600 153,935,450 161,232,050 
6 00998 中信銀行 40,556,760 69,929,430 110,486,190 
7 02318 中國平安 23,877,000 81,237,775 105,114,775 
8 00981 中芯國際 25,001,490 62,413,680 87,415,170 
9 00763 中興通訊 33,598,210 48,757,650 82,355,860 
10 01398 工商銀行 1,476,590 73,249,110 74,725,700 
