1 00700 騰訊控股 894,166,960 369,702,360 1,263,869,320 
2 02318 中國平安 958,291,250 84,667,600 1,042,958,850 
3 01398 工商銀行 428,123,670 218,779,863 646,903,533 
4 00981 中芯國際 283,964,160 144,714,662 428,678,822 
5 02601 中國太保 261,319,990 93,817,010 355,137,000 
6 01288 農業銀行 279,965,760 41,264,300 321,230,060 
7 02238 廣汽集團 131,241,520 187,293,420 318,534,940 
8 01336 新華保險 193,947,595 113,913,860 307,861,455 
9 00966 中國太平 166,904,850 105,532,680 272,437,530 
10 00939 建設銀行 107,145,420 74,829,980 181,975,400 

1 00700 騰訊控股 343,681,540 194,968,900 538,650,440 
2 00763 中興通訊 200,103,920 69,150,540 269,254,460 
3 02318 中國平安 134,597,125 10,259,175 144,856,300 
4 00981 中芯國際 77,992,210 64,812,860 142,805,070 
5 01918 融創中國 86,118,600 20,841,150 106,959,750 
6 02601 中國太保 82,120,850 19,312,940 101,433,790 
7 01398 工商銀行 85,098,380 1,325,110 86,423,490 
8 02202 萬科企業 61,379,835 21,317,605 82,697,440 
9 01211 比亞迪股份 47,914,500 33,148,725 81,063,225 
10 02238 廣汽集團 32,413,580 35,823,340 68,236,920 
