1 01398 工商銀行 418,242,230 795,845,443 1,214,087,673 
2 00700 騰訊控股 575,919,480 266,792,500 842,711,980 
3 01918 融創中國 307,758,150 355,357,700 663,115,850 
4 02318 中國平安 207,506,125 360,425,275 567,931,400 
5 00388 香港交易所 510,052,360 27,749,780 537,802,140 
6 00981 中芯國際 153,922,020 92,058,790 245,980,810 
7 00939 建設銀行 24,603,170 208,175,620 232,778,790 
8 02601 中國太保 65,001,230 135,258,780 200,260,010 
9 03799 達利食品 27,481,595 123,008,385 150,489,980 
10 02382 舜宇光學科技 76,623,850 73,256,450 149,880,300 

1 01918 融創中國 226,078,500 90,637,000 316,715,500 
2 00763 中興通訊 71,466,870 113,488,200 184,955,070 
3 00700 騰訊控股 58,945,580 77,406,200 136,351,780 
4 01548 金斯瑞生物科技 69,963,600 41,529,040 111,492,640 
5 02382 舜宇光學科技 16,723,350 86,088,900 102,812,250 
6 06869 長飛光纖光纜 40,989,975 55,476,300 96,466,275 
7 00607 豐盛控股 58,751,425 21,567,650 80,319,075 
8 00981 中芯國際 36,039,430 42,308,660 78,348,090 
9 00388 香港交易所 58,219,060 4,668,420 62,887,480 
10 00175 吉利汽車 29,559,350 31,520,850 61,080,200 
