1 00700 騰訊控股 756,858,820 513,745,560 1,270,604,380 
2 00005 匯豐控股 789,479,420 31,080 789,510,500 
3 02018 瑞聲科技 154,674,100 114,922,450 269,596,550 
4 02318 中國平安 200,582,900 43,073,400 243,656,300 
5 00981 中芯國際 107,149,650 132,494,540 239,644,190 
6 01398 工商銀行 175,194,120 31,991,490 207,185,610 
7 01336 新華保險 101,860,940 102,605,600 204,466,540 
8 01918 融創中國 82,507,650 103,968,650 186,476,300 
9 02382 舜宇光學科技 106,049,200 38,927,000 144,976,200 
10 00966 中國太平 74,300,410 48,672,460 122,972,870 

1 00700 騰訊控股 214,408,860 122,343,220 336,752,080 
2 00763 中興通訊 62,071,330 193,256,130 255,327,460 
3 02018 瑞聲科技 153,911,550 65,195,050 219,106,600 
4 01918 融創中國 138,620,000 35,990,400 174,610,400 
5 02382 舜宇光學科技 61,603,300 63,508,300 125,111,600 
6 00981 中芯國際 41,640,730 61,679,980 103,320,710 
7 00939 建設銀行 47,432,710 42,337,150 89,769,860 
8 00966 中國太平 60,996,910 16,853,060 77,849,970 
9 01030 新城發展控股 27,745,780 42,068,620 69,814,400 
10 00175 吉利汽車 18,236,100 51,552,600 69,788,700 
