1 00981 中芯國際 825,193,890 680,145,164 1,505,339,054 
2 00700 騰訊控股 295,482,080 482,826,858 778,308,938 
3 01918 融創中國 187,740,750 302,531,300 490,272,050 
4 01398 工商銀行 65,725,820 304,325,060 370,050,880 
5 01055 中國南方航空股份 223,930,980 104,269,280 328,200,260 
6 03968 招商銀行 243,149,975 78,999,750 322,149,725 
7 00939 建設銀行 252,855,720 22,016,020 274,871,740 
8 01336 新華保險 129,771,355 74,538,765 204,310,120 
9 02318 中國平安 136,653,575 62,804,475 199,458,050 
10 00175 吉利汽車 81,027,250 113,250,950 194,278,200 

1 00981 中芯國際 346,912,350 303,510,910 650,423,260 
2 01398 工商銀行 430,707,820 1,834,660 432,542,480 
3 00763 中興通訊 95,742,660 166,720,660 262,463,320 
4 01918 融創中國 132,347,100 73,047,100 205,394,200 
5 00700 騰訊控股 147,979,920 40,786,160 188,766,080 
6 02382 舜宇光學科技 25,234,600 94,432,300 119,666,900 
7 01055 中國南方航空股份 92,970,880 14,419,600 107,390,480 
8 00175 吉利汽車 67,651,550 27,574,700 95,226,250 
9 01336 新華保險 49,027,505 42,775,495 91,803,000 
10 02318 中國平安 76,180,650 7,968,625 84,149,275 
