1 00700 騰訊控股 314,754,940 225,787,876 540,542,816 
2 01398 工商銀行 282,183,130 214,542,040 496,725,170 
3 00658 中國高速傳動 216,036,920 250,724,220 466,761,140 
4 01918 融創中國 192,743,950 114,246,600 306,990,550 
5 02318 中國平安 50,451,900 215,461,525 265,913,425 
6 00607 豐盛控股 101,339,650 129,809,975 231,149,625 
7 03396 聯想控股 115,877,030 106,125,585 222,002,615 
8 00981 中芯國際 139,852,520 76,843,500 216,696,020 
9 00939 建設銀行 37,258,990 151,379,570 188,638,560 
10 01658 郵儲銀行 139,165,870 949,150 140,115,020 

1 01548 金斯瑞生物科技 210,206,800 193,187,900 403,394,700 
2 00658 中國高速傳動 292,764,920 84,044,060 376,808,980 
3 00700 騰訊控股 72,054,080 106,072,180 178,126,260 
4 01918 融創中國 63,574,650 96,673,650 160,248,300 
5 00763 中興通訊 65,524,560 43,036,990 108,561,550 
6 01513 麗珠醫藥 40,534,275 37,928,660 78,462,935 
7 02208 金風科技 40,030,060 33,228,260 73,258,320 
8 00175 吉利汽車 32,368,600 27,234,400 59,603,000 
9 00981 中芯國際 27,047,270 29,052,900 56,100,170 
10 01088 中國神華 50,891,370 487,460 51,378,830 
