1 00700 騰訊控股 364,848,760 1,048,047,760 1,412,896,520 
2 02318 中國平安 313,650,575 551,651,850 865,302,425 
3 00005 匯豐控股 783,172,060 5,595,188 788,767,248 
4 01398 工商銀行 406,806,730 303,416,860 710,223,590 
5 02601 中國太保 200,442,750 226,723,740 427,166,490 
6 01336 新華保險 99,409,740 161,806,215 261,215,955 
7 03333 中國恒大 103,043,000 110,454,150 213,497,150 
8 01918 融創中國 126,161,150 79,206,600 205,367,750 
9 03800 保利協鑫能源 62,751,950 136,680,650 199,432,600 
10 00966 中國太平 114,366,990 77,191,730 191,558,720 

1 00700 騰訊控股 241,953,240 364,646,920 606,600,160 
2 00763 中興通訊 94,244,600 225,463,060 319,707,660 
3 00981 中芯國際 58,270,720 106,694,223 164,964,943 
4 02318 中國平安 106,931,375 51,268,050 158,199,425 
5 01918 融創中國 106,602,450 41,872,350 148,474,800 
6 02382 舜宇光學科技 42,063,600 102,010,200 144,073,800 
7 00939 建設銀行 24,842,820 60,439,240 85,282,060 
8 03800 保利協鑫能源 35,304,700 48,470,010 83,774,710 
9 00799  40,951,980 40,151,790 81,103,770 
10 02601 中國太保 63,613,220 14,756,480 78,369,700 
