1 00981 中芯國際 781,727,210 243,723,072 1,025,450,282 
2 00700 騰訊控股 462,538,600 556,855,180 1,019,393,780 
3 00658 中國高速傳動 338,235,480 204,787,820 543,023,300 
4 01336 新華保險 241,839,205 115,381,970 357,221,175 
5 01398 工商銀行 59,368,860 220,068,680 279,437,540 
6 00992 聯想集團 6,433,640 263,677,320 270,110,960 
7 02899 紫金礦業 175,876,220 85,796,440 261,672,660 
8 00607 豐盛控股 178,039,625 65,127,975 243,167,600 
9 01766 中國中車 203,953,920 39,091,807 243,045,727 
10 00939 建設銀行 202,120,110 32,332,260 234,452,370 

1 00700 騰訊控股 280,547,440 270,834,820 551,382,260 
2 00658 中國高速傳動 389,850,600 84,975,280 474,825,880 
3 01548 金斯瑞生物科技 118,494,540 167,282,880 285,777,420 
4 00607 豐盛控股 184,395,850 17,703,350 202,099,200 
5 00981 中芯國際 82,836,850 103,289,160 186,126,010 
6 00819 天能動力 57,880,540 43,733,160 101,613,700 
7 00763 中興通訊 65,248,290 27,175,530 92,423,820 
8 00951 超威動力 49,656,010 41,835,090 91,491,100 
9 00939 建設銀行 73,600,690 3,526,670 77,127,360 
10 02208 金風科技 56,926,604 16,664,996 73,591,600 
