1 01398 工商銀行 958,690,210 319,300,440 1,277,990,650 
2 00700 騰訊控股 845,161,620 263,449,509 1,108,611,129 
3 02318 中國平安 442,400,950 124,782,000 567,182,950 
4 00966 中國太平 275,403,910 289,105,870 564,509,780 
5 00939 建設銀行 306,267,230 97,225,790 403,493,020 
6 01918 融創中國 280,621,400 83,633,350 364,254,750 
7 01336 新華保險 233,736,410 111,128,925 344,865,335 
8 00175 吉利汽車 54,739,800 159,509,850 214,249,650 
9 02601 中國太保 104,932,760 65,974,420 170,907,180 
10 01766 中國中車 6,928,520 161,844,722 168,773,242 

1 00700 騰訊控股 489,333,060 200,937,340 690,270,400 
2 00976 齊合環保 176,639,620 176,316,200 352,955,820 
3 01548 金斯瑞生物科技 150,964,080 112,568,000 263,532,080 
4 00763 中興通訊 135,613,040 94,738,170 230,351,210 
5 02382 舜宇光學科技 157,266,300 25,942,300 183,208,600 
6 01918 融創中國 101,377,200 31,126,950 132,504,150 
7 02318 中國平安 71,961,975 24,051,675 96,013,650 
8 00175 吉利汽車 41,015,800 32,604,950 73,620,750 
9 01398 工商銀行 34,333,760 33,239,930 67,573,690 
10 00981 中芯國際 36,792,080 28,804,910 65,596,990 
