1 02318 中國平安 671,432,800 370,409,800 1,041,842,600 
2 00700 騰訊控股 421,597,220 604,946,260 1,026,543,480 
3 00005 匯豐控股 31,039,020 647,427,215 678,466,235 
4 01398 工商銀行 301,380,030 251,162,100 552,542,130 
5 01988 民生銀行 158,590,895 262,347,920 420,938,815 
6 00981 中芯國際 194,453,580 199,241,178 393,694,758 
7 02601 中國太保 263,564,180 121,997,060 385,561,240 
8 01336 新華保險 111,368,885 89,459,150 200,828,035 
9 00175 吉利汽車 85,226,850 102,409,200 187,636,050 
10 00966 中國太平 135,673,220 51,476,560 187,149,780 

1 00700 騰訊控股 478,209,720 169,387,540 647,597,260 
2 00763 中興通訊 129,622,350 216,700,520 346,322,870 
3 01918 融創中國 263,728,800 50,369,250 314,098,050 
4 02318 中國平安 199,032,350 71,879,775 270,912,125 
5 00981 中芯國際 116,739,940 110,898,840 227,638,780 
6 02601 中國太保 75,597,160 82,129,570 157,726,730 
7 00175 吉利汽車 36,879,750 92,540,700 129,420,450 
8 01988 民生銀行 51,762,125 72,303,240 124,065,365 
9 00939 建設銀行 89,323,810 1,804,040 91,127,850 
10 00354 中國軟件國際 43,566,560 44,223,480 87,790,040 
