1 00700 騰訊控股 820,722,240 489,927,808 1,310,650,048 
2 00005 匯豐控股 735,687,280 19,127,640 754,814,920 
3 02318 中國平安 306,751,200 156,490,550 463,241,750 
4 01336 新華保險 200,952,670 113,089,235 314,041,905 
5 02601 中國太保 178,321,630 105,112,250 283,433,880 
6 01918 融創中國 80,323,500 197,520,300 277,843,800 
7 00175 吉利汽車 154,485,500 72,040,500 226,526,000 
8 01398 工商銀行 67,106,230 137,691,867 204,798,097 
9 02382 舜宇光學科技 108,801,500 95,297,400 204,098,900 
10 00966 中國太平 136,536,270 52,665,945 189,202,215 

1 00700 騰訊控股 314,805,000 123,387,160 438,192,160 
2 00763 中興通訊 162,859,910 115,757,540 278,617,450 
3 02018 瑞聲科技 150,347,900 4,195,150 154,543,050 
4 01918 融創中國 84,715,250 62,533,000 147,248,250 
5 02318 中國平安 53,043,125 86,705,525 139,748,650 
6 02208 金風科技 88,421,220 42,390,808 130,812,028 
7 00966 中國太平 112,774,300 9,714,660 122,488,960 
8 02382 舜宇光學科技 99,435,200 13,186,100 112,621,300 
9 01336 新華保險 60,249,340 20,972,620 81,221,960 
10 00175 吉利汽車 34,682,600 31,319,250 66,001,850 
