1 00005 匯豐控股 1,095,065,080 2,334,620 1,097,399,700 
2 00700 騰訊控股 663,190,160 264,084,720 927,274,880 
3 00175 吉利汽車 122,821,350 166,821,150 289,642,500 
4 00981 中芯國際 122,628,170 111,298,300 233,926,470 
5 02318 中國平安 181,120,650 52,640,425 233,761,075 
6 03323 中國建材 161,259,280 60,143,040 221,402,320 
7 01336 新華保險 160,349,135 51,688,150 212,037,285 
8 01918 融創中國 86,618,300 104,580,300 191,198,600 
9 00966 中國太平 42,850,960 107,072,730 149,923,690 
10 03988 中國銀行 118,738,740 463,380 119,202,120 

1 00700 騰訊控股 135,620,560 190,917,420 326,537,980 
2 02202 萬科企業 109,175,555 88,092,895 197,268,450 
3 00981 中芯國際 57,761,080 126,751,110 184,512,190 
4 00763 中興通訊 76,895,260 101,045,890 177,941,150 
5 01918 融創中國 81,875,350 37,836,000 119,711,350 
6 02382 舜宇光學科技 91,323,600 27,130,800 118,454,400 
7 01336 新華保險 23,674,150 43,281,245 66,955,395 
8 01030 新城發展控股 23,691,840 41,482,580 65,174,420 
9 06869 長飛光纖光纜 34,703,525 30,159,425 64,862,950 
10 02018 瑞聲科技 30,072,150 27,036,450 57,108,600 
