1 00700 騰訊控股 649,389,900 107,068,480 756,458,380 
2 01398 工商銀行 527,189,330 150,687,770 677,877,100 
3 00981 中芯國際 470,653,080 162,239,274 632,892,354 
4 02382 舜宇光學科技 176,835,700 290,956,000 467,791,700 
5 02018 瑞聲科技 152,756,450 218,113,650 370,870,100 
6 01918 融創中國 170,704,200 173,438,050 344,142,250 
7 01336 新華保險 244,730,650 55,094,690 299,825,340 
8 00762 中國聯通 262,101,400 8,195,920 270,297,320 
9 02318 中國平安 189,130,775 38,866,325 227,997,100 
10 02628 中國人壽 81,374,000 126,754,950 208,128,950 

1 00763 中興通訊 250,486,250 85,942,270 336,428,520 
2 00700 騰訊控股 221,875,980 21,201,020 243,077,000 
3 00981 中芯國際 100,061,080 67,713,730 167,774,810 
4 02318 中國平安 143,608,300 12,732,200 156,340,500 
5 00268 金蝶國際 47,230,380 80,211,260 127,441,640 
6 00656 復星國際 32,569,590 93,676,890 126,246,480 
7 01030 新城發展控股 56,382,760 63,959,340 120,342,100 
8 00939 建設銀行 117,571,040 553,290 118,124,330 
9 01288 農業銀行 114,142,130 0 114,142,130 
10 01336 新華保險 73,908,775 35,066,895 108,975,670 
