1 01398 工商銀行 981,840,300 152,127,192 1,133,967,492 
2 00700 騰訊控股 523,162,840 454,775,364 977,938,204 
3 00981 中芯國際 132,651,780 129,758,720 262,410,500 
4 02318 中國平安 108,264,475 135,271,625 243,536,100 
5 01336 新華保險 120,212,770 107,440,525 227,653,295 
6 03988 中國銀行 60,783,460 150,963,620 211,747,080 
7 00966 中國太平 117,190,810 78,146,690 195,337,500 
8 00939 建設銀行 175,018,490 2,520,370 177,538,860 
9 02382 舜宇光學科技 126,729,200 49,466,200 176,195,400 
10 02018 瑞聲科技 158,560,350 7,793,000 166,353,350 

1 00700 騰訊控股 351,710,960 341,627,240 693,338,200 
2 01548 金斯瑞生物科技 89,717,640 73,253,040 162,970,680 
3 02382 舜宇光學科技 62,818,600 89,210,900 152,029,500 
4 00763 中興通訊 107,362,540 33,418,130 140,780,670 
5 00981 中芯國際 66,877,200 37,625,660 104,502,860 
6 02318 中國平安 28,323,425 43,488,625 71,812,050 
7 02018 瑞聲科技 29,050,150 33,151,300 62,201,450 
8 01918 融創中國 40,975,800 19,723,800 60,699,600 
9 00799  34,974,920 22,399,557 57,374,477 
10 01398 工商銀行 4,824,720 47,199,650 52,024,370 
