1 00700 騰訊控股 682,308,100 418,961,960 1,101,270,060 
2 01398 工商銀行 306,941,970 113,145,210 420,087,180 
3 02018 瑞聲科技 325,855,250 5,801,150 331,656,400 
4 00902 華能國際電力股份 236,355,020 75,771,760 312,126,780 
5 00981 中芯國際 188,430,840 119,725,518 308,156,358 
6 02318 中國平安 204,135,700 77,396,075 281,531,775 
7 01918 融創中國 162,729,950 99,974,550 262,704,500 
8 02382 舜宇光學科技 134,789,900 108,728,100 243,518,000 
9 01088 中國神華 112,277,820 120,369,630 232,647,450 
10 00939 建設銀行 194,948,340 4,617,750 199,566,090 

1 00700 騰訊控股 206,278,020 100,208,000 306,486,020 
2 00763 中興通訊 202,526,200 78,737,480 281,263,680 
3 02382 舜宇光學科技 58,775,000 73,205,500 131,980,500 
4 00981 中芯國際 77,301,820 50,970,550 128,272,370 
5 01357 美圖公司 54,138,320 63,681,680 117,820,000 
6 00175 吉利汽車 65,231,050 44,722,800 109,953,850 
7 00607 豐盛控股 104,777,000 347,350 105,124,350 
8 01918 融創中國 47,091,850 23,937,400 71,029,250 
9 02799 中國華融 31,444,670 36,088,640 67,533,310 
10 00656 復星國際 19,690,440 47,440,970 67,131,410 
