1 00700 騰訊控股 733,104,700 392,748,998 1,125,853,698 
2 00981 中芯國際 583,865,640 413,235,924 997,101,564 
3 01398 工商銀行 365,571,810 268,688,280 634,260,090 
4 02318 中國平安 370,156,700 154,103,825 524,260,525 
5 01918 融創中國 256,956,100 199,474,600 456,430,700 
6 01336 新華保險 157,900,545 241,302,460 399,203,005 
7 03988 中國銀行 117,210,820 231,122,230 348,333,050 
8 02328 中國財險 86,869,120 243,336,680 330,205,800 
9 00966 中國太平 212,288,690 113,089,230 325,377,920 
10 01055 中國南方航空股份 219,334,660 93,411,960 312,746,620 

1 00700 騰訊控股 411,908,320 250,482,800 662,391,120 
2 00981 中芯國際 193,296,300 124,535,060 317,831,360 
3 00763 中興通訊 102,054,180 119,121,470 221,175,650 
4 02318 中國平安 170,955,425 17,835,500 188,790,925 
5 01918 融創中國 63,797,900 106,485,050 170,282,950 
6 01336 新華保險 107,447,235 41,765,920 149,213,155 
7 00386 中國石油化工股份 4,357,300 96,465,000 100,822,300 
8 02018 瑞聲科技 78,467,050 12,977,250 91,444,300 
9 00732 信利國際 58,600,260 32,102,300 90,702,560 
10 06869 長飛光纖光纜 53,202,025 32,496,050 85,698,075 
