1 01398 工商銀行 469,807,340 230,538,888 700,346,228 
2 00981 中芯國際 220,119,390 249,726,246 469,845,636 
3 00700 騰訊控股 222,789,120 192,853,920 415,643,040 
4 01918 融創中國 185,789,900 113,243,100 299,033,000 
5 02601 中國太保 234,385,250 41,309,480 275,694,730 
6 02318 中國平安 237,637,900 33,542,150 271,180,050 
7 01336 新華保險 170,605,615 82,266,630 252,872,245 
8 00175 吉利汽車 149,179,200 95,837,850 245,017,050 
9 02018 瑞聲科技 192,632,500 34,164,000 226,796,500 
10 00656 復星國際 103,554,820 111,868,432 215,423,252 

1 00763 中興通訊 249,430,140 76,854,760 326,284,900 
2 00981 中芯國際 193,109,470 115,728,360 308,837,830 
3 02318 中國平安 206,472,900 6,326,925 212,799,825 
4 00700 騰訊控股 195,868,320 13,635,760 209,504,080 
5 01336 新華保險 97,748,260 42,312,380 140,060,640 
6 02208 金風科技 82,993,836 55,702,886 138,696,722 
7 00656 復星國際 45,317,010 80,812,130 126,129,140 
8 02382 舜宇光學科技 59,142,000 42,040,000 101,182,000 
9 02018 瑞聲科技 94,688,200 6,162,650 100,850,850 
10 01918 融創中國 65,214,750 22,234,150 87,448,900 
