1 01398 工商銀行 448,398,850 278,267,770 726,666,620 
2 00700 騰訊控股 195,700,400 313,381,120 509,081,520 
3 01918 融創中國 255,647,250 222,209,600 477,856,850 
4 00981 中芯國際 238,619,580 224,224,064 462,843,644 
5 01336 新華保險 244,174,760 85,900,900 330,075,660 
6 00175 吉利汽車 119,357,950 169,482,800 288,840,750 
7 00386 中國石油化工股份 6,492,440 267,761,500 274,253,940 
8 02382 舜宇光學科技 128,728,600 141,398,500 270,127,100 
9 00670 中國東方航空股份 156,596,680 96,431,060 253,027,740 
10 02328 中國財險 62,677,680 173,863,760 236,541,440 

1 00700 騰訊控股 204,637,460 69,330,080 273,967,540 
2 01918 融創中國 99,210,650 107,903,850 207,114,500 
3 00981 中芯國際 108,590,600 86,273,250 194,863,850 
4 00763 中興通訊 96,462,910 40,993,010 137,455,920 
5 02208 金風科技 89,092,628 46,623,338 135,715,966 
6 00175 吉利汽車 61,925,000 58,801,150 120,726,150 
7 01250 北控清潔能源集團 108,890,100 11,380,700 120,270,800 
8 02382 舜宇光學科技 15,231,600 85,033,800 100,265,400 
9 03800 保利協鑫能源 73,272,730 26,356,180 99,628,910 
10 02202 萬科企業 70,688,690 13,856,230 84,544,920 
