1 00700 騰訊控股 778,656,800 651,026,760 1,429,683,560 
2 02018 瑞聲科技 464,207,500 133,786,850 597,994,350 
3 00981 中芯國際 203,450,790 230,062,556 433,513,346 
4 01398 工商銀行 380,452,420 31,406,520 411,858,940 
5 03988 中國銀行 374,497,220 20,276,590 394,773,810 
6 00857 中國石油股份 191,627,840 50,902,140 242,529,980 
7 02238 廣汽集團 136,693,940 104,238,020 240,931,960 
8 02007 碧桂園 216,551,760 15,147,380 231,699,140 
9 01918 融創中國 134,331,900 90,027,050 224,358,950 
10 00902 華能國際電力股份 149,930,140 68,613,700 218,543,840 

1 00700 騰訊控股 413,855,340 162,833,120 576,688,460 
2 00981 中芯國際 147,083,890 117,579,760 264,663,650 
3 01918 融創中國 121,571,400 94,262,100 215,833,500 
4 00763 中興通訊 83,468,800 118,644,040 202,112,840 
5 01339 中國人民保險集團 102,521,970 35,785,910 138,307,880 
6 01336 新華保險 124,241,915 8,287,525 132,529,440 
7 03968 招商銀行 117,628,625 3,324,800 120,953,425 
8 00857 中國石油股份 111,950,600 6,360,240 118,310,840 
9 02318 中國平安 103,027,500 12,253,325 115,280,825 
10 00175 吉利汽車 30,149,450 83,215,750 113,365,200 
