1 00700 騰訊控股 1,436,821,600 828,725,680 2,265,547,280 
2 01398 工商銀行 582,525,790 727,332,165 1,309,857,955 
3 02318 中國平安 850,504,025 133,576,881 984,080,906 
4 02601 中國太保 491,163,870 95,074,000 586,237,870 
5 00005 匯豐控股 1,718,720 411,728,015 413,446,735 
6 01918 融創中國 169,282,500 230,389,900 399,672,400 
7 00981 中芯國際 138,717,340 243,942,746 382,660,086 
8 01336 新華保險 250,568,205 110,246,270 360,814,475 
9 01099 國藥控股 5,304,000 318,436,120 323,740,120 
10 00966 中國太平 162,814,650 159,397,940 322,212,590 

1 00700 騰訊控股 817,433,520 353,886,540 1,171,320,060 
2 00763 中興通訊 541,778,360 252,563,580 794,341,940 
3 02202 萬科企業 171,690,630 60,353,700 232,044,330 
4 01918 融創中國 152,395,500 55,291,050 207,686,550 
5 01336 新華保險 192,982,100 10,935,060 203,917,160 
6 02318 中國平安 177,802,850 20,439,675 198,242,525 
7 02601 中國太保 189,936,820 7,640,720 197,577,540 
8 00388 香港交易所 82,028,920 53,551,580 135,580,500 
9 00175 吉利汽車 77,391,950 50,422,800 127,814,750 
10 01398 工商銀行 124,412,900 2,362,920 126,775,820 
