1 00700 騰訊控股 728,207,980 479,785,080 1,207,993,060 
2 00005 匯豐控股 772,203,100 1,888,347 774,091,447 
3 01398 工商銀行 395,797,840 146,803,100 542,600,940 
4 02318 中國平安 370,183,825 66,009,925 436,193,750 
5 00981 中芯國際 230,972,650 86,270,570 317,243,220 
6 01336 新華保險 84,651,810 164,717,490 249,369,300 
7 00966 中國太平 57,200,280 120,922,090 178,122,370 
8 03988 中國銀行 120,059,820 38,142,020 158,201,840 
9 01918 融創中國 90,669,200 52,214,200 142,883,400 
10 01093 石藥集團 49,330,640 82,008,960 131,339,600 

1 00700 騰訊控股 328,486,000 177,250,760 505,736,760 
2 00763 中興通訊 105,102,450 121,325,490 226,427,940 
3 00981 中芯國際 72,767,500 127,780,674 200,548,174 
4 03333 中國恒大 15,607,800 167,533,050 183,140,850 
5 01918 融創中國 122,917,800 46,878,150 169,795,950 
6 02382 舜宇光學科技 116,691,900 38,342,700 155,034,600 
7 02018 瑞聲科技 52,580,650 69,264,650 121,845,300 
8 00939 建設銀行 45,687,670 39,874,480 85,562,150 
9 02208 金風科技 44,465,140 30,871,936 75,337,076 
10 02601 中國太保 70,477,170 437,890 70,915,060 
