1 00700 騰訊控股 425,602,620 593,638,440 1,019,241,060 
2 01918 融創中國 520,262,250 218,466,150 738,728,400 
3 00981 中芯國際 519,052,990 148,054,578 667,107,568 
4 02318 中國平安 70,067,125 554,915,850 624,982,975 
5 00939 建設銀行 412,914,240 209,189,020 622,103,260 
6 01398 工商銀行 276,462,720 215,327,380 491,790,100 
7 02018 瑞聲科技 233,607,950 127,881,900 361,489,850 
8 01336 新華保險 203,088,080 101,149,405 304,237,485 
9 02007 碧桂園 58,629,740 175,792,360 234,422,100 
10 00753 中國國航 100,781,200 100,566,500 201,347,700 

1 01548 金斯瑞生物科技 290,303,880 171,417,660 461,721,540 
2 00700 騰訊控股 197,027,620 137,748,580 334,776,200 
3 01918 融創中國 66,878,250 114,316,400 181,194,650 
4 00939 建設銀行 139,005,690 8,689,290 147,694,980 
5 02318 中國平安 12,473,150 121,309,525 133,782,675 
6 00981 中芯國際 59,094,330 69,162,450 128,256,780 
7 02202 萬科企業 98,452,480 27,328,530 125,781,010 
8 01336 新華保險 56,772,110 55,641,675 112,413,785 
9 01528 紅星美凱龍 41,419,852 56,199,976 97,619,828 
10 00763 中興通訊 56,061,190 38,256,540 94,317,730 
