1 00981 中芯國際 875,041,910 293,663,752 1,168,705,662 
2 00700 騰訊控股 264,158,700 223,135,680 487,294,380 
3 02318 中國平安 33,260,725 430,782,400 464,043,125 
4 02007 碧桂園 257,632,940 179,038,440 436,671,380 
5 02899 紫金礦業 207,444,740 192,913,880 400,358,620 
6 01918 融創中國 263,981,050 90,050,750 354,031,800 
7 00939 建設銀行 196,646,840 19,307,620 215,954,460 
8 00992 聯想集團 3,464,300 203,906,340 207,370,640 
9 01336 新華保險 133,201,450 73,487,230 206,688,680 
10 02601 中國太保 85,483,650 89,355,500 174,839,150 

1 00700 騰訊控股 125,907,620 110,431,180 236,338,800 
2 00981 中芯國際 87,498,760 142,147,020 229,645,780 
3 01918 融創中國 103,385,950 66,094,800 169,480,750 
4 01548 金斯瑞生物科技 81,065,800 85,983,820 167,049,620 
5 00763 中興通訊 78,617,740 74,281,170 152,898,910 
6 02202 萬科企業 87,136,015 43,819,690 130,955,705 
7 02208 金風科技 82,304,832 34,023,129 116,327,961 
8 01115 西藏水資源 95,813,640 10,419,020 106,232,660 
9 02899 紫金礦業 49,125,280 40,842,600 89,967,880 
10 03333 中國恒大 17,815,900 62,757,350 80,573,250 
