1 00700 騰訊控股 1,543,443,660 292,878,140 1,836,321,800 
2 00005 匯豐控股 858,537,280 8,006,540 866,543,820 
3 01918 融創中國 354,195,100 261,685,196 615,880,296 
4 02318 中國平安 157,889,200 248,179,475 406,068,675 
5 00175 吉利汽車 127,635,200 139,989,100 267,624,300 
6 00939 建設銀行 196,566,030 12,396,100 208,962,130 
7 02382 舜宇光學科技 54,388,100 150,520,800 204,908,900 
8 01336 新華保險 96,828,680 95,795,920 192,624,600 
9 00388 香港交易所 183,652,020 4,818,509 188,470,529 
10 02018 瑞聲科技 148,724,450 36,251,050 184,975,500 

1 00700 騰訊控股 622,896,220 85,623,960 708,520,180 
2 00763 中興通訊 112,584,900 103,140,420 215,725,320 
3 00175 吉利汽車 35,138,950 124,513,600 159,652,550 
4 01918 融創中國 54,571,550 81,960,150 136,531,700 
5 02018 瑞聲科技 98,899,200 18,912,100 117,811,300 
6 02202 萬科企業 22,936,810 83,674,960 106,611,770 
7 01030 新城發展控股 54,025,680 50,188,600 104,214,280 
8 00656 復星國際 44,867,810 49,766,090 94,633,900 
9 00981 中芯國際 41,443,040 34,079,650 75,522,690 
10 01548 金斯瑞生物科技 29,551,720 39,251,760 68,803,480 
