1 00700 騰訊控股 500,462,520 430,574,620 931,037,140 
2 01398 工商銀行 369,409,070 439,387,229 808,796,299 
3 02318 中國平安 357,667,975 215,468,450 573,136,425 
4 00981 中芯國際 167,203,420 200,978,920 368,182,340 
5 00388 香港交易所 145,607,520 189,651,480 335,259,000 
6 01918 融創中國 172,838,050 161,710,850 334,548,900 
7 01988 民生銀行 127,042,695 176,234,440 303,277,135 
8 00998 中信銀行 132,336,310 158,814,180 291,150,490 
9 01055 中國南方航空股份 169,242,360 93,386,660 262,629,020 
10 03968 招商銀行 78,410,850 176,780,200 255,191,050 

1 00700 騰訊控股 322,467,160 149,435,520 471,902,680 
2 00763 中興通訊 174,205,970 96,458,580 270,664,550 
3 02202 萬科企業 171,680,735 62,657,715 234,338,450 
4 01918 融創中國 140,312,350 45,518,950 185,831,300 
5 00981 中芯國際 94,767,090 58,389,060 153,156,150 
6 02318 中國平安 76,359,275 54,974,600 131,333,875 
7 02601 中國太保 110,922,900 9,274,340 120,197,240 
8 03333 中國恒大 57,296,500 47,933,400 105,229,900 
9 01336 新華保險 60,305,155 39,810,075 100,115,230 
10 01055 中國南方航空股份 41,840,840 53,973,800 95,814,640 
