1 01918 融創中國 882,997,000 123,136,150 1,006,133,150 
2 01398 工商銀行 528,244,380 219,279,495 747,523,875 
3 00700 騰訊控股 396,135,600 274,195,038 670,330,638 
4 02318 中國平安 181,232,800 117,899,350 299,132,150 
5 00981 中芯國際 89,072,480 119,822,740 208,895,220 
6 02018 瑞聲科技 125,546,400 59,665,550 185,211,950 
7 01114  102,334,600 60,946,480 163,281,080 
8 00939 建設銀行 93,158,480 63,569,120 156,727,600 
9 00966 中國太平 112,922,630 18,217,880 131,140,510 
10 01336 新華保險 58,553,420 56,314,065 114,867,485 

1 01918 融創中國 356,247,500 63,703,700 419,951,200 
2 00700 騰訊控股 79,468,100 108,957,620 188,425,720 
3 00763 中興通訊 118,419,670 65,298,710 183,718,380 
4 01548 金斯瑞生物科技 94,916,080 52,789,200 147,705,280 
5 00981 中芯國際 102,297,940 42,095,970 144,393,910 
6 03301 融信中國 132,823,395 1,352,220 134,175,615 
7 00607 豐盛控股 83,437,100 20,576,950 104,014,050 
8 02382 舜宇光學科技 94,404,800 9,278,500 103,683,300 
9 02208 金風科技 51,909,784 38,400,500 90,310,284 
10 00027 銀河娛樂 78,840,000 2,026,250 80,866,250 
