1 01398 工商銀行 851,796,220 360,748,783 1,212,545,003 
2 00700 騰訊控股 596,318,200 592,184,600 1,188,502,800 
3 02318 中國平安 150,163,300 204,422,400 354,585,700 
4 00939 建設銀行 188,436,480 154,635,600 343,072,080 
5 02601 中國太保 121,836,400 194,475,790 316,312,190 
6 00966 中國太平 117,294,940 133,722,640 251,017,580 
7 03968 招商銀行 139,250,375 79,318,250 218,568,625 
8 02382 舜宇光學科技 115,107,400 97,458,900 212,566,300 
9 00027 銀河娛樂 189,901,850 5,418,500 195,320,350 
10 00981 中芯國際 83,577,740 87,141,982 170,719,722 

1 02208 金風科技 124,888,348 118,003,140 242,891,488 
2 00700 騰訊控股 141,947,540 58,349,580 200,297,120 
3 00763 中興通訊 67,999,580 56,335,600 124,335,180 
4 02018 瑞聲科技 27,633,300 85,466,888 113,100,188 
5 02382 舜宇光學科技 96,297,200 16,558,800 112,856,000 
6 00607 豐盛控股 72,922,975 31,895,150 104,818,125 
7 00981 中芯國際 68,588,940 31,278,890 99,867,830 
8 01288 農業銀行 37,027,240 49,172,410 86,199,650 
9 01548 金斯瑞生物科技 35,259,760 30,204,440 65,464,200 
10 00005 匯豐控股 60,074,540 2,356,860 62,431,400 
