1 01918 融創中國 545,424,050 322,866,150 868,290,200 
2 01398 工商銀行 273,390,140 331,889,090 605,279,230 
3 00700 騰訊控股 366,818,960 172,615,120 539,434,080 
4 02318 中國平安 281,933,075 87,242,600 369,175,675 
5 00981 中芯國際 226,237,240 89,390,746 315,627,986 
6 03396 聯想控股 212,409,340 91,238,875 303,648,215 
7 03968 招商銀行 223,924,825 66,128,200 290,053,025 
8 01336 新華保險 115,665,635 133,155,310 248,820,945 
9 00291 華潤啤酒 75,936,600 101,674,800 177,611,400 
10 02601 中國太保 148,000,190 16,227,890 164,228,080 

1 01918 融創中國 163,608,200 56,322,350 219,930,550 
2 02208 金風科技 149,824,408 67,755,640 217,580,048 
3 00763 中興通訊 159,615,460 56,585,340 216,200,800 
4 00700 騰訊控股 61,674,300 80,972,500 142,646,800 
5 01088 中國神華 33,103,420 80,703,530 113,806,950 
6 01548 金斯瑞生物科技 47,718,880 46,856,760 94,575,640 
7 01030 新城發展控股 38,629,820 53,157,300 91,787,120 
8 01288 農業銀行 5,195,340 64,531,520 69,726,860 
9 02202 萬科企業 58,532,610 10,243,390 68,776,000 
10 00656 復星國際 28,382,300 37,819,240 66,201,540 
