1 01398 工商銀行 816,450,920 328,644,180 1,145,095,100 
2 02018 瑞聲科技 126,586,050 327,275,950 453,862,000 
3 00700 騰訊控股 210,330,040 221,817,660 432,147,700 
4 01918 融創中國 144,203,750 133,936,050 278,139,800 
5 00939 建設銀行 102,284,290 162,679,980 264,964,270 
6 01336 新華保險 106,752,965 140,673,835 247,426,800 
7 02601 中國太保 168,150,720 64,409,820 232,560,540 
8 00880 澳博控股 88,673,240 135,986,990 224,660,230 
9 00981 中芯國際 131,795,930 92,149,066 223,944,996 
10 00966 中國太平 98,897,180 101,024,240 199,921,420 

1 00700 騰訊控股 203,304,580 257,745,240 461,049,820 
2 02318 中國平安 8,523,500 334,933,700 343,457,200 
3 00976 齊合環保 170,407,660 171,016,000 341,423,660 
4 01548 金斯瑞生物科技 96,927,880 96,850,400 193,778,280 
5 01398 工商銀行 152,455,630 885,240 153,340,870 
6 02208 金風科技 112,536,420 37,888,252 150,424,672 
7 00607 豐盛控股 90,847,025 38,926,600 129,773,625 
8 00763 中興通訊 88,038,820 34,285,790 122,324,610 
9 00981 中芯國際 81,734,160 37,121,330 118,855,490 
10 01088 中國神華 79,060,360 8,794,960 87,855,320 
