1 01398 工商銀行 895,426,800 458,177,343 1,353,604,143 
2 00700 騰訊控股 999,048,420 325,986,340 1,325,034,760 
3 00981 中芯國際 252,570,800 376,791,588 629,362,388 
4 01336 新華保險 340,649,010 162,889,305 503,538,315 
5 02318 中國平安 270,482,500 227,533,850 498,016,350 
6 00966 中國太平 289,128,610 204,887,410 494,016,020 
7 00939 建設銀行 366,116,480 20,627,870 386,744,350 
8 02601 中國太保 246,227,080 82,649,430 328,876,510 
9 01299 友邦保險 3,854,000 264,136,420 267,990,420 
10 03968 招商銀行 187,760,025 55,349,250 243,109,275 

1 00700 騰訊控股 397,473,640 85,542,380 483,016,020 
2 00981 中芯國際 184,814,640 156,413,160 341,227,800 
3 00763 中興通訊 95,351,470 114,004,380 209,355,850 
4 02202 萬科企業 135,530,110 7,326,225 142,856,335 
5 02318 中國平安 94,695,600 38,986,125 133,681,725 
6 03968 招商銀行 60,274,225 52,316,750 112,590,975 
7 01336 新華保險 78,137,835 29,563,625 107,701,460 
8 00354 中國軟件國際 52,006,360 42,729,900 94,736,260 
9 06869 長飛光纖光纜 34,535,100 59,478,000 94,013,100 
10 01918 融創中國 45,122,250 38,800,400 83,922,650 
