1 00700 騰訊控股 334,959,240 615,749,040 950,708,280 
2 02318 中國平安 301,408,625 238,752,625 540,161,250 
3 01918 融創中國 324,626,400 168,536,100 493,162,500 
4 01398 工商銀行 43,497,040 379,339,130 422,836,170 
5 00939 建設銀行 41,592,050 302,157,780 343,749,830 
6 02601 中國太保 150,592,190 178,829,350 329,421,540 
7 02628 中國人壽 52,296,050 239,707,450 292,003,500 
8 00981 中芯國際 206,052,280 65,699,080 271,751,360 
9 03968 招商銀行 163,121,675 105,136,150 268,257,825 
10 01336 新華保險 79,466,485 186,679,460 266,145,945 

1 00700 騰訊控股 155,652,260 373,394,000 529,046,260 
2 01918 融創中國 159,450,350 136,004,500 295,454,850 
3 01548 金斯瑞生物科技 128,726,400 92,724,000 221,450,400 
4 00763 中興通訊 91,857,380 47,100,270 138,957,650 
5 00175 吉利汽車 36,416,250 60,556,050 96,972,300 
6 02318 中國平安 22,993,300 63,390,100 86,383,400 
7 01336 新華保險 55,588,275 23,723,270 79,311,545 
8 02601 中國太保 59,718,980 16,997,200 76,716,180 
9 00981 中芯國際 47,478,190 24,000,780 71,478,970 
10 03968 招商銀行 16,793,575 35,326,850 52,120,425 
