1 00700 騰訊控股 964,460,340 763,148,300 1,727,608,640 
2 00005 匯豐控股 709,156,440 1,430,840 710,587,280 
3 01918 融創中國 227,187,700 279,653,700 506,841,400 
4 02318 中國平安 115,669,025 317,485,750 433,154,775 
5 02601 中國太保 77,996,350 316,857,150 394,853,500 
6 00981 中芯國際 139,331,630 178,700,560 318,032,190 
7 02007 碧桂園 140,930,620 130,397,680 271,328,300 
8 03968 招商銀行 55,772,825 186,628,925 242,401,750 
9 01336 新華保險 106,861,120 115,174,860 222,035,980 
10 00175 吉利汽車 52,416,850 123,524,800 175,941,650 

1 00700 騰訊控股 373,627,760 303,730,920 677,358,680 
2 01918 融創中國 129,367,200 150,416,400 279,783,600 
3 00763 中興通訊 139,557,670 128,696,650 268,254,320 
4 02202 萬科企業 137,613,100 27,484,305 165,097,405 
5 03333 中國恒大 8,448,600 156,050,550 164,499,150 
6 00981 中芯國際 107,672,080 48,092,740 155,764,820 
7 00966 中國太平 11,137,150 85,049,250 96,186,400 
8 02601 中國太保 42,461,980 48,403,830 90,865,810 
9 01548 金斯瑞生物科技 51,143,160 26,902,900 78,046,060 
10 02018 瑞聲科技 61,309,000 9,530,050 70,839,050 
