1 00981 中芯國際 658,807,350 1,193,850,054 1,852,657,404 
2 00700 騰訊控股 76,847,520 429,047,540 505,895,060 
3 00939 建設銀行 55,734,680 379,562,106 435,296,786 
4 01093 石藥集團 241,759,300 48,701,900 290,461,200 
5 01918 融創中國 95,641,500 184,350,570 279,992,070 
6 01398 工商銀行 67,576,360 134,381,750 201,958,110 
7 00291 華潤啤酒 183,799,200 17,819,200 201,618,400 
8 06808 高鑫零售 167,139,810 17,827,370 184,967,180 
9 00586 海螺創業 118,324,675 60,769,600 179,094,275 
10 03333 中國恒大 141,445,400 19,020,650 160,466,050 

1 00763 中興通訊 561,524,480 888,838,233 1,450,362,713 
2 00981 中芯國際 248,097,740 95,785,450 343,883,190 
3 01548 金斯瑞生物科技 137,366,700 92,727,800 230,094,500 
4 00700 騰訊控股 123,154,660 45,419,360 168,574,020 
5 01918 融創中國 107,691,600 58,156,150 165,847,750 
6 02338 濰柴動力 113,325,120 6,463,900 119,789,020 
7 01313 華潤水泥控股 82,583,220 6,601,180 89,184,400 
8 01530 三生製藥 53,508,960 26,366,830 79,875,790 
9 02331 李寧 53,281,920 25,677,540 78,959,460 
10 01317 楓葉教育 48,707,600 29,881,240 78,588,840 
