1 00586 海螺創業 138,308,400 132,326,500 270,634,900 
2 00700 騰訊控股 155,201,920 82,768,160 237,970,080 
3 01918 融創中國 90,539,900 100,942,250 191,482,150 
4 00175 吉利汽車 66,247,960 124,871,720 191,119,680 
5 00386 中國石油化工股份 8,828,260 113,261,020 122,089,280 
6 02607 上海醫藥 62,760,172 47,225,922 109,986,094 
7 00883 中國海洋石油 22,675,340 73,683,520 96,358,860 
8 01177 中國生物製藥 8,550,510 83,337,490 91,888,000 
9 03333 中國恒大 40,516,960 49,098,480 89,615,440 
10 01336 新華保險 5,307,935 75,782,510 81,090,445 

1 00700 騰訊控股 164,311,060 51,114,920 215,425,980 
2 00763 中興通訊 74,100,244 43,224,528 117,324,772 
3 01055 中國南方航空股份 36,813,640 74,803,649 111,617,289 
4 01918 融創中國 41,230,600 52,202,800 93,433,400 
5 01211 比亞迪股份 52,085,175 20,617,700 72,702,875 
6 01548 金斯瑞生物科技 40,559,560 28,210,480 68,770,040 
7 01177 中國生物製藥 18,045,820 36,601,760 54,647,580 
8 00670 中國東方航空股份 9,285,360 39,364,680 48,650,040 
9 03883 中國奧園 31,804,240 12,579,440 44,383,680 
10 02313 申洲國際 36,528,950 6,021,550 42,550,500 
