1 01398 工商銀行 149,210,350 111,445,160 260,655,510 
2 00700 騰訊控股 112,616,960 136,186,520 248,803,480 
3 00688 中國海外發展 813,700 110,919,553 111,733,253 
4 01093 石藥集團 95,208,920 15,682,440 110,891,360 
5 02318 中國平安 45,779,475 57,573,675 103,353,150 
6 01918 融創中國 48,301,950 51,311,250 99,613,200 
7 02238 廣汽集團 57,863,740 39,424,805 97,288,545 
8 03968 招商銀行 29,572,350 47,104,525 76,676,875 
9 02196 復星醫藥 49,919,650 21,354,775 71,274,425 
10 00981 中芯國際 43,333,555 23,401,392 66,734,947 

1 00700 騰訊控股 40,109,420 193,261,220 233,370,640 
2 01177 中國生物製藥 24,974,940 98,224,950 123,199,890 
3 03968 招商銀行 74,957,250 28,884,250 103,841,500 
4 00268 金蝶國際 15,609,560 73,599,860 89,209,420 
5 01109 華潤置地 59,500 82,606,800 82,666,300 
6 01093 石藥集團 12,887,680 63,888,080 76,775,760 
7 00960 龍湖集團 159,375 63,316,450 63,475,825 
8 01918 融創中國 26,396,600 36,971,150 63,367,750 
9 00914 海螺水泥 184,350 61,680,650 61,865,000 
10 01088 中國神華 56,331,310 1,537,160 57,868,470 
