1 00005 匯豐控股 323,149,960 10,057,480 333,207,440 
2 00700 騰訊控股 123,235,180 203,860,580 327,095,760 
3 01918 融創中國 143,803,450 142,593,050 286,396,500 
4 03968 招商銀行 117,906,875 127,631,775 245,538,650 
5 00586 海螺創業 13,231,325 197,926,275 211,157,600 
6 02328 中國財險 53,124,800 144,744,820 197,869,620 
7 01288 農業銀行 124,453,700 43,799,020 168,252,720 
8 02382 舜宇光學科技 115,726,310 35,198,985 150,925,295 
9 01398 工商銀行 65,215,080 69,283,890 134,498,970 
10 01093 石藥集團 61,200,640 67,819,640 129,020,280 

1 00700 騰訊控股 190,084,220 87,638,440 277,722,660 
2 02382 舜宇光學科技 63,476,170 28,900,845 92,377,015 
3 00763 中興通訊 20,668,304 58,440,004 79,108,308 
4 01093 石藥集團 18,861,480 59,063,680 77,925,160 
5 00288 萬洲國際 2,414,275 61,644,355 64,058,630 
6 00268 金蝶國際（一千） 28,187,820 32,996,080 61,183,900 
7 02328 中國財險 11,496,380 46,151,320 57,647,700 
8 00857 中國石油股份 51,975,340 5,568,400 57,543,740 
9 01558 東陽光藥 22,965,600 26,343,980 49,309,580 
10 01776 廣發証券 34,054,416 14,062,234 48,116,650 
