1 00700 騰訊控股 405,317,880 521,266,040 926,583,920 
2 00939 建設銀行 73,560,510 404,731,450 478,291,960 
3 01398 工商銀行 20,212,020 375,941,610 396,153,630 
4 03988 中國銀行 17,541,180 371,631,820 389,173,000 
5 00998 中信銀行 58,113,630 308,778,750 366,892,380 
6 01288 農業銀行 30,298,150 325,399,680 355,697,830 
7 00607 豐盛控股 109,540,750 220,729,650 330,270,400 
8 00175 吉利汽車 178,849,350 100,468,150 279,317,500 
9 01918 融創中國 94,982,300 113,781,700 208,764,000 
10 02689 玖龍紙業 131,917,600 70,086,520 202,004,120 

1 00700 騰訊控股 228,645,960 189,891,660 418,537,620 
2 00607 豐盛控股 264,290,750 29,374,450 293,665,200 
3 00658 中國高速傳動 81,457,660 132,565,920 214,023,580 
4 00939 建設銀行 98,707,800 68,101,700 166,809,500 
5 01548 金斯瑞生物科技 69,827,500 66,170,000 135,997,500 
6 02208 金風科技 71,777,488 39,833,334 111,610,822 
7 00763 中興通訊 63,999,230 32,387,990 96,387,220 
8 00268 金蝶國際 61,928,540 31,393,480 93,322,020 
9 00639 首鋼資源 42,628,000 42,903,000 85,531,000 
10 00175 吉利汽車 55,471,850 23,848,200 79,320,050 
