1 02318 中國平安 172,610,825 1,176,503,500 1,349,114,325 
2 01398 工商銀行 802,175,640 85,496,720 887,672,360 
3 01288 農業銀行 633,104,960 151,086,440 784,191,400 
4 00939 建設銀行 590,080,930 152,111,990 742,192,920 
5 00998 中信銀行 455,309,140 279,747,920 735,057,060 
6 00700 騰訊控股 506,802,040 225,410,680 732,212,720 
7 01918 融創中國 277,448,200 350,937,400 628,385,600 
8 03988 中國銀行 395,017,390 216,968,950 611,986,340 
9 01336 新華保險 376,517,735 173,339,473 549,857,208 
10 00175 吉利汽車 147,028,350 314,600,300 461,628,650 

1 02601 中國太保 332,040,750 38,351,670 370,392,420 
2 00700 騰訊控股 283,414,460 79,445,420 362,859,880 
3 00939 建設銀行 311,012,530 34,741,730 345,754,260 
4 01336 新華保險 145,495,610 171,611,270 317,106,880 
5 01398 工商銀行 205,988,550 109,237,140 315,225,690 
6 01918 融創中國 145,924,350 108,747,750 254,672,100 
7 01030 新城發展控股 163,531,940 58,442,040 221,973,980 
8 02628 中國人壽 168,209,700 25,786,350 193,996,050 
9 00175 吉利汽車 110,519,700 71,859,400 182,379,100 
10 02318 中國平安 65,784,050 114,953,925 180,737,975 
