1 00700 騰訊控股 301,040,340 147,502,778 448,543,118 
2 01918 融創中國 231,630,850 95,288,100 326,918,950 
3 03968 招商銀行 170,077,925 146,627,625 316,705,550 
4 06808 高鑫零售 233,163,550 10,591,190 243,754,740 
5 01398 工商銀行 124,691,790 95,868,830 220,560,620 
6 00874 白雲山 44,328,900 154,130,700 198,459,600 
7 02318 中國平安 2,352,075 154,862,500 157,214,575 
8 02319 蒙牛乳業 13,044,450 142,283,700 155,328,150 
9 01093 石藥集團 77,632,000 77,299,900 154,931,900 
10 02333 長城汽車 25,792,315 125,194,320 150,986,635 

1 00700 騰訊控股 71,986,440 203,157,060 275,143,500 
2 01918 融創中國 130,389,400 105,112,150 235,501,550 
3 01548 金斯瑞生物科技 91,368,000 38,330,600 129,698,600 
4 00175 吉利汽車 64,954,210 63,811,040 128,765,250 
5 00268 金蝶國際 20,057,860 98,635,100 118,692,960 
6 01093 石藥集團 67,697,700 46,933,400 114,631,100 
7 00787 利標品牌 43,771,270 69,749,100 113,520,370 
8 00981 中芯國際 31,995,305 71,519,510 103,514,815 
9 02319 蒙牛乳業 68,458,700 24,389,900 92,848,600 
10 01055 中國南方航空股份 53,829,360 29,174,940 83,004,300 
