1 00700 騰訊控股 58,973,580 1,535,477,860 1,594,451,440 
2 02018 瑞聲科技 66,564,250 344,121,450 410,685,700 
3 01093 石藥集團 185,474,900 168,413,500 353,888,400 
4 03968 招商銀行 12,398,625 270,883,100 283,281,725 
5 00883 中國海洋石油 1,584,080 281,259,680 282,843,760 
6 00857 中國石油股份 20,496,200 216,659,060 237,155,260 
7 00939 建設銀行 6,558,770 189,818,970 196,377,740 
8 02382 舜宇光學科技 130,744,640 57,996,520 188,741,160 
9 00175 吉利汽車 112,095,900 56,511,750 168,607,650 
10 01060 阿里影業 65,889,900 72,284,900 138,174,800 

1 02208 金風科技 101,476,648 106,904,424 208,381,072 
2 00279 民眾金融科技 72,920,980 95,946,700 168,867,680 
3 01093 石藥集團 111,132,700 34,959,200 146,091,900 
4 02338 濰柴動力 112,382,120 26,060,160 138,442,280 
5 00753 中國國航 9,374,880 88,187,200 97,562,080 
6 00939 建設銀行 1,263,020 94,547,990 95,811,010 
7 01177 中國生物製藥 81,523,000 9,980,580 91,503,580 
8 01548 金斯瑞生物科技 36,768,900 52,877,500 89,646,400 
9 01398 工商銀行 178,880 82,999,268 83,178,148 
10 00241 阿里健康 47,755,940 35,190,520 82,946,460 
