1 00700 騰訊控股 153,014,760 450,878,140 603,892,900 
2 01918 融創中國 142,220,000 146,268,750 288,488,750 
3 00175 吉利汽車 47,084,440 201,967,966 249,052,406 
4 01177 中國生物製藥 112,218,130 80,930,935 193,149,065 
5 00388 香港交易所 82,348,960 91,755,170 174,104,130 
6 00939 建設銀行 7,779,240 165,655,650 173,434,890 
7 02628 中國人壽 2,220,880 166,298,660 168,519,540 
8 01093 石藥集團 96,676,080 53,883,880 150,559,960 
9 06886 - 85,023,800 56,322,264 141,346,064 
10 03968 招商銀行 4,139,175 135,325,800 139,464,975 

1 00763 中興通訊 130,419,404 242,232,240 372,651,644 
2 00700 騰訊控股 130,625,880 159,871,240 290,497,120 
3 01211 比亞迪股份 84,954,150 97,333,675 182,287,825 
4 01918 融創中國 49,798,400 126,764,450 176,562,850 
5 02382 舜宇光學科技 28,193,250 64,013,645 92,206,895 
6 00914 海螺水泥 228,925 87,114,850 87,343,775 
7 01088 中國神華 1,443,030 84,440,070 85,883,100 
8 03968 招商銀行 149,325 82,834,878 82,984,203 
9 00175 吉利汽車 17,742,080 64,396,080 82,138,160 
10 01776 廣發証券 40,693,524 33,588,936 74,282,460 
