1 00700 騰訊控股 137,400,500 280,978,620 418,379,120 
2 00857 中國石油股份 14,704,200 259,720,560 274,424,760 
3 00981 中芯國際 169,176,450 94,532,434 263,708,884 
4 03968 招商銀行 94,775,125 161,117,050 255,892,175 
5 00883 中國海洋石油 1,359,040 204,880,020 206,239,060 
6 02382 舜宇光學科技 111,432,090 25,769,550 137,201,640 
7 01918 融創中國 71,391,400 58,173,200 129,564,600 
8 00586 海螺創業 102,016,650 919,375 102,936,025 
9 00175 吉利汽車 76,437,550 14,625,500 91,063,050 
10 06030 中信証券 6,362,800 82,212,080 88,574,880 

1 00700 騰訊控股 183,449,620 122,599,920 306,049,540 
2 00981 中芯國際 60,627,670 40,735,790 101,363,460 
3 01548 金斯瑞生物科技 49,095,000 45,366,000 94,461,000 
4 00857 中國石油股份 5,707,300 88,586,000 94,293,300 
5 00763 中興通訊 47,204,864 44,371,744 91,576,608 
6 00939 建設銀行 39,292,720 46,097,760 85,390,480 
7 01918 融創中國 36,008,900 40,478,050 76,486,950 
8 01336 新華保險 65,608,770 6,017,925 71,626,695 
9 02869 綠城服務 34,948,660 34,404,420 69,353,080 
10 02202 萬科企業 47,897,040 21,164,780 69,061,820 
