1 00700 騰訊控股 304,334,820 837,074,340 1,141,409,160 
2 01398 工商銀行 264,076,200 2,906,558 266,982,758 
3 02382 舜宇光學科技 86,797,760 178,981,240 265,779,000 
4 02328 中國財險 146,179,240 28,911,680 175,090,920 
5 00388 香港交易所 7,715,260 165,862,520 173,577,780 
6 01918 融創中國 61,413,100 86,635,300 148,048,400 
7 00939 建設銀行 110,795,950 6,978,060 117,774,010 
8 02628 中國人壽 4,464,600 108,662,620 113,127,220 
9 02601 中國太保 67,987,160 26,265,890 94,253,050 
10 00902 華能國際電力股份 15,207,220 77,675,520 92,882,740 

1 00700 騰訊控股 199,001,140 244,918,980 443,920,120 
2 00268 金蝶國際 56,728,520 194,121,740 250,850,260 
3 02382 舜宇光學科技 25,072,830 204,993,180 230,066,010 
4 00354 中國軟件國際 46,794,740 40,684,240 87,478,980 
5 00763 中興通訊 47,415,440 28,615,300 76,030,740 
6 01918 融創中國 27,894,600 39,444,050 67,338,650 
7 02331 李寧 40,908,940 25,355,395 66,264,335 
8 00939 建設銀行 26,963,250 37,596,150 64,559,400 
9 01317 楓葉教育（新） 30,038,020 33,706,960 63,744,980 
10 01448 福壽園 26,449,980 30,443,790 56,893,770 
