1 00586 海螺創業 208,636,350 210,492,650 419,129,000 
2 01299 友邦保險 349,985,110 26,373,150 376,358,260 
3 01398 工商銀行 343,962,160 12,892,250 356,854,410 
4 00700 騰訊控股 210,346,900 88,640,080 298,986,980 
5 03988 中國銀行 29,459,300 213,748,520 243,207,820 
6 00883 中國海洋石油 165,878,360 5,210,520 171,088,880 
7 03968 招商銀行 110,346,800 44,544,525 154,891,325 
8 01288 農業銀行 92,788,550 44,582,330 137,370,880 
9 00939 建設銀行 102,283,820 34,334,540 136,618,360 
10 00241 阿里健康 90,197,680 28,985,000 119,182,680 

1 01093 石藥集團 73,205,160 16,908,300 90,113,460 
2 00700 騰訊控股 18,384,760 70,764,300 89,149,060 
3 02869 綠城服務 31,836,840 43,194,160 75,031,000 
4 01548 金斯瑞生物科技 36,172,000 33,527,440 69,699,440 
5 01800 中國交通建設 590,650 68,276,530 68,867,180 
6 00763 中興通訊 39,216,184 17,377,532 56,593,716 
7 01030 新城發展控股 4,446,900 50,635,600 55,082,500 
8 00241 阿里健康 23,605,760 29,832,660 53,438,420 
9 03333 中國恒大 43,856,150 8,629,550 52,485,700 
10 01299 友邦保險 9,509,390 40,216,240 49,725,630 
