1 00700 騰訊控股 16,984,600 333,438,320 350,422,920 
2 03333 中國恒大 114,555,300 175,057,100 289,612,400 
3 01398 工商銀行 129,883,790 67,099,060 196,982,850 
4 01918 融創中國 79,110,500 106,941,550 186,052,050 
5 00175 吉利汽車 86,270,620 49,229,980 135,500,600 
6 01109 華潤置地 32,554,600 100,350,600 132,905,200 
7 00939 建設銀行 16,319,110 115,830,160 132,149,270 
8 02601 中國太保 23,422,900 103,710,220 127,133,120 
9 00902 華能國際電力股份 39,940,860 51,529,800 91,470,660 
10 01066 威高股份 28,122,320 56,371,560 84,493,880 

1 00700 騰訊控股 11,056,860 131,338,700 142,395,560 
2 01066 威高股份 87,940,800 46,425,040 134,365,840 
3 00386 中國石油化工股份 104,076,540 13,023,620 117,100,160 
4 01918 融創中國 43,794,450 68,256,700 112,051,150 
5 01088 中國神華 49,152,540 60,357,840 109,510,380 
6 02382 舜宇光學科技 23,272,780 78,991,760 102,264,540 
7 01548 金斯瑞生物科技 56,396,840 45,529,640 101,926,480 
8 00763 中興通訊 43,814,396 32,995,892 76,810,288 
9 03333 中國恒大 32,670,900 43,153,600 75,824,500 
10 00268 金蝶國際 26,475,020 43,948,960 70,423,980 
