1 00700 騰訊控股 674,960,140 195,635,371 870,595,511 
2 00175 吉利汽車 496,163,400 165,662,400 661,825,800 
3 02382 舜宇光學科技 130,983,610 456,368,960 587,352,570 
4 01093 石藥集團 114,838,400 257,848,800 372,687,200 
5 02007 碧桂園 145,758,500 204,857,120 350,615,620 
6 01918 融創中國 90,810,800 131,523,700 222,334,500 
7 01336 新華保險 60,592,975 153,583,865 214,176,840 
8 02018 瑞聲科技 99,768,700 89,180,350 188,949,050 
9 02318 中國平安 90,102,300 97,716,725 187,819,025 
10 02601 中國太保 72,951,440 102,195,980 175,147,420 

1 00700 騰訊控股 354,601,000 99,461,050 454,062,050 
2 01548 金斯瑞生物科技 206,175,200 188,984,200 395,159,400 
3 00268 金蝶國際 153,084,200 116,033,240 269,117,440 
4 02202 萬科企業 32,109,285 195,616,005 227,725,290 
5 02382 舜宇光學科技 70,465,730 122,354,820 192,820,550 
6 02318 中國平安 81,485,100 81,866,815 163,351,915 
7 01211 比亞迪股份 4,520,125 147,548,050 152,068,175 
8 01093 石藥集團 85,337,700 50,757,244 136,094,944 
9 02601 中國太保 96,204,300 36,436,740 132,641,040 
10 00939 建設銀行 1,440,090 114,323,849 115,763,939 
