1 00700 騰訊控股 278,704,780 177,548,580 456,253,360 
2 02318 中國平安 180,631,350 94,440,750 275,072,100 
3 01336 新華保險 56,880,665 172,578,235 229,458,900 
4 00939 建設銀行 42,316,700 174,318,072 216,634,772 
5 01918 融創中國 78,232,050 126,853,250 205,085,300 
6 00175 吉利汽車 53,108,000 137,399,950 190,507,950 
7 01055 中國南方航空股份 89,177,460 94,983,600 184,161,060 
8 01171 兗州煤業股份 21,987,280 128,929,840 150,917,120 
9 02382 舜宇光學科技 61,056,610 88,483,480 149,540,090 
10 01088 中國神華 36,397,775 103,908,450 140,306,225 

1 00700 騰訊控股 179,455,260 209,226,440 388,681,700 
2 02601 中國太保 230,614,320 5,728,320 236,342,640 
3 01548 金斯瑞生物科技 98,900,400 128,491,000 227,391,400 
4 00268 金蝶國際 107,838,100 60,510,040 168,348,140 
5 02202 萬科企業 4,886,345 119,383,675 124,270,020 
6 00388 香港交易所 36,103,680 69,575,400 105,679,080 
7 00763 中興通訊 62,679,160 33,376,770 96,055,930 
8 01918 融創中國 40,169,600 54,003,500 94,173,100 
9 02689 玖龍紙業 67,654,480 20,054,140 87,708,620 
10 02208 金風科技 43,423,776 43,498,904 86,922,680 
