1 00700 騰訊控股 304,074,280 269,310,780 573,385,060 
2 01093 石藥集團 121,366,900 336,578,800 457,945,700 
3 02628 中國人壽 280,444,850 1,715,300 282,160,150 
4 00939 建設銀行 20,326,940 224,884,260 245,211,200 
5 02319 蒙牛乳業 37,150,400 195,226,100 232,376,500 
6 00175 吉利汽車 30,219,350 192,835,850 223,055,200 
7 01918 融創中國 139,679,500 53,881,450 193,560,950 
8 01088 中國神華 142,587,770 42,346,950 184,934,720 
9 02318 中國平安 30,529,300 137,938,225 168,467,525 
10 00874 白雲山 62,592,800 89,613,700 152,206,500 

1 01548 金斯瑞生物科技 265,597,700 217,982,800 483,580,500 
2 02601 中國太保 7,940,500 348,206,870 356,147,370 
3 00880 澳博控股 179,663,000 19,061,080 198,724,080 
4 02319 蒙牛乳業 158,503,900 12,638,050 171,141,950 
5 00700 騰訊控股 137,831,760 33,224,960 171,056,720 
6 00027 銀河娛樂 754,950 152,012,350 152,767,300 
7 01317 楓葉教育 76,127,440 53,538,680 129,666,120 
8 01093 石藥集團 34,186,000 87,551,900 121,737,900 
9 00291 華潤啤酒 101,963,600 14,181,500 116,145,100 
10 01681 康臣葯業 103,489,640 2,319,940 105,809,580 
