1 00700 騰訊控股 518,064,540 509,083,894 1,027,148,434 
2 00005 匯豐控股 770,019,440 3,497,440 773,516,880 
3 00175 吉利汽車 360,433,140 73,598,081 434,031,221 
4 01398 工商銀行 262,463,360 12,178,100 274,641,460 
5 01918 融創中國 67,278,050 194,847,950 262,126,000 
6 00939 建設銀行 196,564,140 26,437,270 223,001,410 
7 00388 香港交易所 30,662,890 129,726,950 160,389,840 
8 00386 中國石油化工股份 135,326,780 10,139,280 145,466,060 
9 01088 中國神華 100,427,420 35,588,460 136,015,880 
10 02601 中國太保 85,027,160 49,705,160 134,732,320 

1 00700 騰訊控股 163,726,320 227,875,200 391,601,520 
2 00175 吉利汽車 177,569,480 43,169,280 220,738,760 
3 01918 融創中國 38,032,800 114,602,600 152,635,400 
4 02382 舜宇光學科技 102,316,395 37,525,120 139,841,515 
5 00857 中國石油股份 87,940,180 6,711,380 94,651,560 
6 00268 金蝶國際（一千） 42,182,130 45,327,380 87,509,510 
7 02208 金風科技 32,762,316 53,071,154 85,833,470 
8 00763 中興通訊 43,519,240 31,738,960 75,258,200 
9 00939 建設銀行 32,170,120 34,305,400 66,475,520 
10 01093 石藥集團 35,314,720 19,591,960 54,906,680 
