1 00700 騰訊控股 111,792,220 767,217,080 879,009,300 
2 01918 融創中國 236,871,600 174,044,050 410,915,650 
3 00175 吉利汽車 123,264,140 206,618,340 329,882,480 
4 01288 農業銀行 202,904,970 74,666,250 277,571,220 
5 02007 碧桂園 120,533,880 154,652,100 275,185,980 
6 03968 招商銀行 196,637,350 75,967,425 272,604,775 
7 03333 中國恒大 49,961,050 150,671,000 200,632,050 
8 01093 石藥集團 69,092,440 77,552,880 146,645,320 
9 03988 中國銀行 42,915,170 87,215,070 130,130,240 
10 02382 舜宇光學科技 32,399,080 97,131,055 129,530,135 

1 01918 融創中國 108,845,100 49,437,350 158,282,450 
2 01317 楓葉教育 73,997,740 69,464,080 143,461,820 
3 00700 騰訊控股 75,036,580 56,541,160 131,577,740 
4 03333 中國恒大 28,710,200 94,113,450 122,823,650 
5 01548 金斯瑞生物科技 33,536,040 87,096,760 120,632,800 
6 02318 中國平安 110,242,400 4,172,975 114,415,375 
7 00763 中興通訊 35,712,260 75,007,784 110,720,044 
8 01109 華潤置地 71,093,000 31,259,400 102,352,400 
9 01177 中國生物製藥 44,665,080 52,309,170 96,974,250 
10 01030 新城發展控股 4,959,900 91,839,940 96,799,840 
