1 01398 工商銀行 1,383,886,360 60,403,010 1,444,289,370 
2 00939 建設銀行 798,317,060 88,477,300 886,794,360 
3 01918 融創中國 272,366,350 236,688,850 509,055,200 
4 00700 騰訊控股 141,069,600 325,190,360 466,259,960 
5 00175 吉利汽車 81,668,860 323,024,440 404,693,300 
6 02382 舜宇光學科技 68,557,550 238,604,530 307,162,080 
7 01336 新華保險 141,216,600 91,994,735 233,211,335 
8 03988 中國銀行 190,368,610 39,221,207 229,589,817 
9 00902 華能國際電力股份 118,649,060 103,727,954 222,377,014 
10 02318 中國平安 180,385,075 10,615,500 191,000,575 

1 01918 融創中國 170,830,500 174,969,550 345,800,050 
2 00939 建設銀行 214,235,090 38,264,420 252,499,510 
3 02382 舜宇光學科技 79,724,210 172,612,070 252,336,280 
4 02318 中國平安 234,584,025 6,739,150 241,323,175 
5 00388 香港交易所 208,987,340 15,069,340 224,056,680 
6 00700 騰訊控股 70,025,140 126,373,060 196,398,200 
7 01288 農業銀行 156,466,020 3,202,840 159,668,860 
8 01398 工商銀行 64,270,960 85,655,030 149,925,990 
9 03968 招商銀行 124,949,425 8,570,850 133,520,275 
10 00763 中興通訊 69,666,320 60,515,244 130,181,564 
