1 00700 騰訊控股 553,855,680 388,811,300 942,666,980 
2 00939 建設銀行 182,243,930 408,486,808 590,730,738 
3 00175 吉利汽車 287,503,700 107,832,000 395,335,700 
4 02318 中國平安 88,213,925 303,069,525 391,283,450 
5 01398 工商銀行 24,978,150 323,275,160 348,253,310 
6 02382 舜宇光學科技 266,396,220 52,315,810 318,712,030 
7 00966 中國太平 115,137,530 172,142,330 287,279,860 
8 01918 融創中國 127,356,550 145,250,850 272,607,400 
9 03968 招商銀行 42,076,650 229,445,375 271,522,025 
10 01099 國藥控股 140,727,500 98,132,500 238,860,000 

1 00700 騰訊控股 586,729,920 198,530,902 785,260,822 
2 02208 金風科技 115,430,740 155,717,348 271,148,088 
3 00268 金蝶國際 155,356,620 106,541,040 261,897,660 
4 00175 吉利汽車 201,750,500 32,459,150 234,209,650 
5 02666 環球醫療 149,404,090 67,734,880 217,138,970 
6 00839 中教控股 134,432,920 23,321,000 157,753,920 
7 02382 舜宇光學科技 113,278,920 37,691,480 150,970,400 
8 01918 融創中國 75,136,400 70,859,050 145,995,450 
9 01093 石藥集團 93,856,000 35,856,500 129,712,500 
10 01548 金斯瑞生物科技 53,210,600 75,574,300 128,784,900 
