1 00175 吉利汽車 63,158,440 396,662,109 459,820,549 
2 00700 騰訊控股 66,233,160 336,415,420 402,648,580 
3 01918 融創中國 74,693,800 89,165,200 163,859,000 
4 01093 石藥集團 131,340,400 31,012,900 162,353,300 
5 03333 中國恒大 88,170,110 69,993,570 158,163,680 
6 01398 工商銀行 12,672,260 132,416,870 145,089,130 
7 00939 建設銀行 88,227,230 50,774,070 139,001,300 
8 03328 交通銀行 2,953,340 133,354,160 136,307,500 
9 00607 豐盛控股 41,042,525 86,403,800 127,446,325 
10 02601 中國太保 7,400,760 119,380,640 126,781,400 

1 00763 中興通訊 122,886,316 137,100,084 259,986,400 
2 00700 騰訊控股 22,861,900 148,545,140 171,407,040 
3 01548 金斯瑞生物科技 48,103,800 62,426,040 110,529,840 
4 00175 吉利汽車 62,377,640 42,366,580 104,744,220 
5 01093 石藥集團 34,882,400 69,422,500 104,304,900 
6 00268 金蝶國際 72,192,280 23,505,520 95,697,800 
7 01398 工商銀行 39,772,630 49,051,960 88,824,590 
8 01918 融創中國 38,902,400 37,262,050 76,164,450 
9 02202 萬科企業 69,846,565 5,509,955 75,356,520 
10 00981 中芯國際 17,366,250 56,092,655 73,458,905 
