1 00700 騰訊控股 333,901,120 364,446,500 698,347,620 
2 00998 中信銀行 330,758,010 362,887,730 693,645,740 
3 01288 農業銀行 577,616,730 73,663,130 651,279,860 
4 01918 融創中國 331,968,250 288,664,500 620,632,750 
5 00939 建設銀行 202,036,330 304,295,030 506,331,360 
6 01398 工商銀行 211,199,830 278,918,530 490,118,360 
7 00817 中國金茂 447,991,760 3,713,320 451,705,080 
8 02318 中國平安 223,982,225 196,652,800 420,635,025 
9 02601 中國太保 208,304,400 211,842,530 420,146,930 
10 03988 中國銀行 49,318,400 260,329,360 309,647,760 

1 00700 騰訊控股 127,582,840 244,128,680 371,711,520 
2 01357 美圖公司 104,731,210 109,173,800 213,905,010 
3 01918 融創中國 121,649,700 75,422,250 197,071,950 
4 00763 中興通訊 114,847,630 70,310,260 185,157,890 
5 02208 金風科技 80,798,004 80,330,184 161,128,188 
6 02318 中國平安 103,963,950 49,463,550 153,427,500 
7 01548 金斯瑞生物科技 61,255,000 73,893,400 135,148,400 
8 00998 中信銀行 112,260,180 14,226,840 126,487,020 
9 00981 中芯國際 43,994,560 82,142,240 126,136,800 
10 01317 楓葉教育 89,257,420 13,862,340 103,119,760 
