1 00700 騰訊控股 180,360,580 465,059,040 645,419,620 
2 00939 建設銀行 253,626,890 372,037,978 625,664,868 
3 03333 中國恒大 45,573,950 277,529,400 323,103,350 
4 03988 中國銀行 180,495,120 103,599,577 284,094,697 
5 01299 友邦保險 270,643,370 4,966,660 275,610,030 
6 02018 瑞聲科技 80,761,600 180,597,350 261,358,950 
7 01918 融創中國 81,450,350 164,166,650 245,617,000 
8 01336 新華保險 192,734,255 30,199,984 222,934,239 
9 00386 中國石油化工股份 151,884,580 68,080,460 219,965,040 
10 01099 國藥控股 123,840,940 92,140,680 215,981,620 

1 00700 騰訊控股 396,474,480 79,706,800 476,181,280 
2 02007 碧桂園 261,935,960 23,977,220 285,913,180 
3 00763 中興通訊 111,925,210 126,351,580 238,276,790 
4 01918 融創中國 141,606,450 88,947,450 230,553,900 
5 00388 香港交易所 172,655,460 12,991,340 185,646,800 
6 01299 友邦保險 131,242,790 23,191,630 154,434,420 
7 00268 金蝶國際 64,882,020 89,202,920 154,084,940 
8 00005 匯豐控股 144,306,040 1,716,840 146,022,880 
9 00939 建設銀行 102,469,730 34,193,010 136,662,740 
10 03968 招商銀行 105,155,850 31,374,250 136,530,100 
