1 00700 騰訊控股 337,160,820 421,248,920 758,409,740 
2 01398 工商銀行 279,119,680 36,136,280 315,255,960 
3 01918 融創中國 103,124,050 178,652,100 281,776,150 
4 00005 匯豐控股 143,588,720 62,978,340 206,567,060 
5 01288 農業銀行 80,224,010 57,025,970 137,249,980 
6 00939 建設銀行 107,360,480 28,965,900 136,326,380 
7 03988 中國銀行 5,393,660 126,532,700 131,926,360 
8 03333 中國恒大 35,453,400 73,960,950 109,414,350 
9 02007 碧桂園 23,748,980 83,328,900 107,077,880 
10 03908 中金公司 88,047,752 1,164,736 89,212,488 

1 00700 騰訊控股 72,513,100 174,926,400 247,439,500 
2 00763 中興通訊 86,152,160 61,581,116 147,733,276 
3 01918 融創中國 63,128,650 68,364,250 131,492,900 
4 00175 吉利汽車 21,147,260 72,389,000 93,536,260 
5 00268 金蝶國際 39,955,660 29,730,360 69,686,020 
6 02869 綠城服務 23,496,860 37,110,620 60,607,480 
7 03333 中國恒大 34,800,050 13,885,300 48,685,350 
8 02196 復星醫藥 20,879,850 26,609,675 47,489,525 
9 00347 鞍鋼股份 898,580 46,120,640 47,019,220 
10 01030 新城發展控股 43,075,860 1,513,340 44,589,200 
