1 00700 騰訊控股 830,217,700 689,217,980 1,519,435,680 
2 03333 中國恒大 261,248,050 225,246,000 486,494,050 
3 00939 建設銀行 288,800,920 83,014,460 371,815,380 
4 02318 中國平安 321,062,575 31,469,500 352,532,075 
5 01398 工商銀行 326,634,490 8,982,350 335,616,840 
6 02328 中國財險 23,438,120 163,472,950 186,911,070 
7 01918 融創中國 50,092,550 127,878,950 177,971,500 
8 01093 石藥集團 129,914,420 29,212,000 159,126,420 
9 02382 舜宇光學科技 12,861,530 135,704,810 148,566,340 
10 01347 華虹半導體 41,624,250 58,449,400 100,073,650 

1 00763 中興通訊 175,152,592 141,047,064 316,199,656 
2 00700 騰訊控股 104,461,300 136,733,800 241,195,100 
3 01918 融創中國 177,139,350 33,302,400 210,441,750 
4 00268 金蝶國際 76,678,920 128,121,760 204,800,680 
5 02318 中國平安 124,370,675 5,198,200 129,568,875 
6 03333 中國恒大 84,603,750 31,390,900 115,994,650 
7 00799 - 73,793,160 29,187,094 102,980,254 
8 01299 友邦保險 72,989,340 4,225,120 77,214,460 
9 02388 中銀香港 67,510,700 0 67,510,700 
10 02382 舜宇光學科技 50,581,110 14,860,450 65,441,560 
