1 00700 騰訊控股 252,452,660 96,743,100 349,195,760 
2 00586 海螺創業 98,441,850 97,955,050 196,396,900 
3 01918 融創中國 107,900,250 43,761,550 151,661,800 
4 00175 吉利汽車 35,010,040 116,123,640 151,133,680 
5 00939 建設銀行 133,605,460 5,719,710 139,325,170 
6 03968 招商銀行 85,397,625 14,809,775 100,207,400 
7 02601 中國太保 47,083,630 41,651,000 88,734,630 
8 00968 信義光能 76,852,360 5,174,611 82,026,971 
9 01339 中國人民保險集團 14,924,490 61,794,480 76,718,970 
10 01336 新華保險 7,940,425 67,840,970 75,781,395 

1 00700 騰訊控股 113,649,820 49,771,340 163,421,160 
2 00763 中興通訊 76,636,300 66,135,088 142,771,388 
3 02601 中國太保 3,104,890 65,832,050 68,936,940 
4 00836 華潤電力 43,885,080 18,051,560 61,936,640 
5 00175 吉利汽車 13,916,520 44,582,980 58,499,500 
6 01088 中國神華 928,510 46,432,750 47,361,260 
7 02208 金風科技 23,702,516 18,000,492 41,703,008 
8 01966 中駿集團控股 36,786,400 1,086,270 37,872,670 
9 02039 中集集團 35,228,867 2,179,503 37,408,370 
10 01918 融創中國 14,381,750 15,494,800 29,876,550 
