1 00700 騰訊控股 1,557,463,440 759,517,690 2,316,981,130 
2 00939 建設銀行 115,959,890 716,096,916 832,056,806 
3 02318 中國平安 271,248,950 513,706,625 784,955,575 
4 03968 招商銀行 47,247,700 344,165,175 391,412,875 
5 01088 中國神華 116,543,900 240,682,065 357,225,965 
6 00966 中國太平 41,275,340 296,070,440 337,345,780 
7 03988 中國銀行 31,962,430 289,619,460 321,581,890 
8 00386 中國石油化工股份 108,033,740 207,874,020 315,907,760 
9 01336 新華保險 68,394,780 205,958,695 274,353,475 
10 02018 瑞聲科技 45,368,000 206,996,250 252,364,250 

1 00700 騰訊控股 451,626,960 468,411,420 920,038,380 
2 02208 金風科技 165,005,012 211,992,847 376,997,859 
3 01548 金斯瑞生物科技 142,274,800 152,904,800 295,179,600 
4 01918 融創中國 98,471,250 115,096,100 213,567,350 
5 00268 金蝶國際 113,737,480 62,602,800 176,340,280 
6 02318 中國平安 67,352,450 96,107,482 163,459,932 
7 01030 新城發展控股 27,923,000 118,863,980 146,786,980 
8 02007 碧桂園 105,645,940 25,230,080 130,876,020 
9 03883 中國奧園 74,861,460 55,609,310 130,470,770 
10 00386 中國石油化工股份 64,158,720 60,788,498 124,947,218 
