1 00700 騰訊控股 406,443,660 83,584,120 490,027,780 
2 01918 融創中國 218,142,650 226,893,600 445,036,250 
3 00175 吉利汽車 93,140,620 90,379,320 183,519,940 
4 00688 中國海外發展 61,570,500 50,808,800 112,379,300 
5 01030 新城發展控股 39,093,680 65,855,960 104,949,640 
6 03333 中國恒大 48,026,920 51,285,610 99,312,530 
7 00981 中芯國際 46,469,460 41,793,525 88,262,985 
8 02382 舜宇光學科技 27,609,925 52,090,430 79,700,355 
9 02601 中國太保 28,172,070 48,344,230 76,516,300 
10 01055 中國南方航空股份 9,976,600 66,184,500 76,161,100 

1 00700 騰訊控股 141,200,000 53,108,380 194,308,380 
2 01918 融創中國 79,898,850 84,364,700 164,263,550 
3 00853 微創醫療 75,904,070 37,725,780 113,629,850 
4 02007 碧桂園 68,884,660 29,202,640 98,087,300 
5 02318 中國平安 2,008,975 84,931,125 86,940,100 
6 00763 中興通訊 46,368,264 39,641,028 86,009,292 
7 06098 碧桂園服務 68,556,940 6,769,081 75,326,021 
8 00981 中芯國際 44,770,995 15,864,975 60,635,970 
9 02202 萬科企業 17,579,115 39,428,970 57,008,085 
10 03333 中國恒大 29,056,250 26,369,090 55,425,340 
