1 00700 騰訊控股 112,623,900 231,711,820 344,335,720 
2 01288 農業銀行 162,417,530 84,085,620 246,503,150 
3 00902 華能國際電力股份 146,354,780 46,465,995 192,820,775 
4 02601 中國太保 150,896,080 16,641,070 167,537,150 
5 00914 海螺水泥 2,115,025 139,674,875 141,789,900 
6 01918 融創中國 73,253,790 54,220,600 127,474,390 
7 00981 中芯國際 51,389,490 65,513,055 116,902,545 
8 02328 中國財險 18,549,380 93,480,620 112,030,000 
9 01398 工商銀行 92,432,280 7,748,390 100,180,670 
10 01088 中國神華 45,825,790 53,825,610 99,651,400 

1 02382 舜宇光學科技 62,421,355 132,060,645 194,482,000 
2 01299 友邦保險 451,040 126,579,600 127,030,640 
3 03311 中國建築國際 370,860 105,040,840 105,411,700 
4 00902 華能國際電力股份 6,201,960 92,833,300 99,035,260 
5 03323 中國建材 36,578,700 62,137,400 98,716,100 
6 00700 騰訊控股 43,789,060 52,103,560 95,892,620 
7 01918 融創中國 32,502,510 61,749,470 94,251,980 
8 00914 海螺水泥 5,296,825 57,752,725 63,049,550 
9 00939 建設銀行 31,438,640 27,614,420 59,053,060 
10 00998 中信銀行 16,850,250 29,752,170 46,602,420 
