1 00998 中信銀行 293,010,540 358,275,590 651,286,130 
2 00700 騰訊控股 238,632,500 278,913,880 517,546,380 
3 02601 中國太保 298,749,890 159,666,810 458,416,700 
4 03988 中國銀行 185,996,520 160,549,890 346,546,410 
5 00939 建設銀行 151,333,940 158,255,590 309,589,530 
6 01918 融創中國 174,959,150 108,366,200 283,325,350 
7 01336 新華保險 124,365,890 135,313,725 259,679,615 
8 02318 中國平安 164,538,275 92,031,625 256,569,900 
9 03968 招商銀行 198,436,500 21,356,025 219,792,525 
10 01088 中國神華 64,985,375 124,664,325 189,649,700 

1 01728 正通汽車 90,813,075 266,125,610 356,938,685 
2 00700 騰訊控股 223,275,340 79,535,420 302,810,760 
3 01317 楓葉教育 224,247,320 15,849,580 240,096,900 
4 01918 融創中國 89,020,000 120,971,000 209,991,000 
5 02318 中國平安 138,915,475 61,466,450 200,381,925 
6 00763 中興通訊 67,546,600 114,679,270 182,225,870 
7 01548 金斯瑞生物科技 83,041,100 77,868,000 160,909,100 
8 02202 萬科企業 56,174,640 90,662,835 146,837,475 
9 00998 中信銀行 118,378,480 15,876,220 134,254,700 
10 01030 新城發展控股 56,933,220 70,414,500 127,347,720 
