1 00700 騰訊控股 133,838,340 716,819,200 850,657,540 
2 02601 中國太保 13,453,960 208,575,900 222,029,860 
3 01918 融創中國 122,579,250 77,348,300 199,927,550 
4 03333 中國恒大 25,066,750 92,629,350 117,696,100 
5 01398 工商銀行 89,405,760 22,061,820 111,467,580 
6 00981 中芯國際 59,037,055 45,145,535 104,182,590 
7 00688 中國海外發展 53,300 102,446,400 102,499,700 
8 03968 招商銀行 11,111,650 86,081,175 97,192,825 
9 02196 復星醫藥 33,490,000 53,684,050 87,174,050 
10 00960 龍湖集團 343,800 85,893,325 86,237,125 

1 00763 中興通訊 139,339,812 150,571,328 289,911,140 
2 00700 騰訊控股 51,828,960 174,492,400 226,321,360 
3 01211 比亞迪股份 70,171,050 14,604,550 84,775,600 
4 01177 中國生物製藥 58,227,560 16,493,030 74,720,590 
5 00268 金蝶國際 10,621,840 56,686,680 67,308,520 
6 01558 東陽光藥 62,109,570 2,059,800 64,169,370 
7 01918 融創中國 19,103,550 43,658,350 62,761,900 
8 01776 廣發証券 41,752,924 13,504,508 55,257,432 
9 01357 美圖公司 8,918,740 45,229,040 54,147,780 
10 03333 中國恒大 22,912,400 31,121,150 54,033,550 
