1 01918 融創中國 75,507,400 215,776,750 291,284,150 
2 01093 石藥集團 99,791,360 108,731,280 208,522,640 
3 00700 騰訊控股 134,752,800 39,029,020 173,781,820 
4 01088 中國神華 54,896,820 96,831,190 151,728,010 
5 06886 - 35,676,432 36,720,832 72,397,264 
6 03328 交通銀行 1,207,530 63,073,940 64,281,470 
7 00291 華潤啤酒 54,482,500 6,925,400 61,407,900 
8 00788 中國鐵塔 50,753,660 3,419,920 54,173,580 
9 02357 中航科工 45,373,320 8,716,020 54,089,340 
10 00688 中國海外發展 54,300 50,415,000 50,469,300 

1 00788 中國鐵塔 107,421,680 4,132,140 111,553,820 
2 00700 騰訊控股 50,520,100 51,142,600 101,662,700 
3 02202 萬科企業 46,643,570 28,648,485 75,292,055 
4 01093 石藥集團 25,821,480 42,551,100 68,372,580 
5 00607 豐盛控股 49,030,975 12,915,500 61,946,475 
6 00763 中興通訊 12,995,172 42,776,260 55,771,432 
7 00966 中國太平 2,167,680 46,476,490 48,644,170 
8 01211 比亞迪股份 23,168,800 23,259,000 46,427,800 
9 01918 融創中國 24,183,600 20,847,450 45,031,050 
10 00005 匯豐控股 1,106,660 39,624,100 40,730,760 
