1 00700 騰訊控股 602,100,340 302,176,000 904,276,340 
2 00939 建設銀行 183,604,060 254,847,640 438,451,700 
3 02318 中國平安 227,490,875 157,022,250 384,513,125 
4 01398 工商銀行 136,295,260 228,914,760 365,210,020 
5 01918 融創中國 146,018,800 171,997,150 318,015,950 
6 01288 農業銀行 80,612,940 228,540,450 309,153,390 
7 02018 瑞聲科技 182,833,500 98,666,850 281,500,350 
8 00388 香港交易所 73,980,780 195,880,820 269,861,600 
9 00005 匯豐控股 5,211,620 199,412,540 204,624,160 
10 00175 吉利汽車 147,799,350 54,692,800 202,492,150 

1 00700 騰訊控股 691,117,540 207,990,640 899,108,180 
2 01211 比亞迪股份 174,656,975 21,795,450 196,452,425 
3 01548 金斯瑞生物科技 104,914,900 80,754,100 185,669,000 
4 01398 工商銀行 116,354,480 67,019,560 183,374,040 
5 02601 中國太保 137,691,710 7,512,960 145,204,670 
6 00763 中興通訊 85,285,490 58,694,080 143,979,570 
7 02007 碧桂園 108,647,980 9,646,180 118,294,160 
8 01918 融創中國 69,944,800 46,358,950 116,303,750 
9 02318 中國平安 68,281,775 46,427,250 114,709,025 
10 00939 建設銀行 59,440,150 36,609,590 96,049,740 
