1 02318 中國平安 52,758,650 517,642,725 570,401,375 
2 01918 融創中國 337,892,300 97,484,000 435,376,300 
3 00939 建設銀行 209,293,780 154,579,510 363,873,290 
4 00700 騰訊控股 236,117,360 104,969,460 341,086,820 
5 02601 中國太保 165,578,720 119,413,024 284,991,744 
6 06030 中信証券 153,327,650 14,750,010 168,077,660 
7 00998 中信銀行 26,012,380 131,259,350 157,271,730 
8 00175 吉利汽車 29,663,440 110,362,540 140,025,980 
9 01398 工商銀行 81,922,180 55,397,260 137,319,440 
10 01088 中國神華 51,992,850 83,857,770 135,850,620 

1 00700 騰訊控股 66,852,820 67,279,580 134,132,400 
2 01918 融創中國 74,467,850 55,581,850 130,049,700 
3 00175 吉利汽車 50,328,740 65,685,240 116,013,980 
4 00268 金蝶國際（一千） 11,167,740 90,286,340 101,454,080 
5 00763 中興通訊 56,950,464 35,725,016 92,675,480 
6 01558 東陽光藥 80,852,250 7,728,440 88,580,690 
7 02318 中國平安 18,558,975 68,189,825 86,748,800 
8 01776 廣發証券 66,713,192 16,514,170 83,227,362 
9 01313 華潤水泥控股 4,271,140 63,394,200 67,665,340 
10 01171 兗州煤業股份 12,880,280 52,512,260 65,392,540 
