1 01918 融創中國 94,204,550 305,978,100 400,182,650 
2 00700 騰訊控股 53,810,140 187,968,320 241,778,460 
3 00291 華潤啤酒 31,632,100 150,457,400 182,089,500 
4 01093 石藥集團 15,878,720 127,354,800 143,233,520 
5 00688 中國海外發展 22,425,600 106,793,600 129,219,200 
6 03988 中國銀行 104,979,430 11,285,730 116,265,160 
7 01044 恒安國際 25,236,625 86,440,325 111,676,950 
8 01766 中國中車 68,448,660 42,662,915 111,111,575 
9 03968 招商銀行 25,059,100 67,206,200 92,265,300 
10 01030 新城發展控股 17,058,720 68,105,520 85,164,240 

1 01918 融創中國 51,195,450 111,091,300 162,286,750 
2 00700 騰訊控股 59,747,000 75,121,840 134,868,840 
3 01044 恒安國際 128,769,950 4,058,000 132,827,950 
4 03968 招商銀行 99,019,200 1,669,650 100,688,850 
5 00763 中興通訊 47,634,312 45,889,276 93,523,588 
6 00788 中國鐵塔 78,634,300 589,400 79,223,700 
7 00607 豐盛控股 68,366,000 4,271,700 72,637,700 
8 01109 華潤置地 66,742,400 2,635,500 69,377,900 
9 01030 新城發展控股 55,340,180 13,814,060 69,154,240 
10 00813 世茂房地產 60,094,475 7,815,100 67,909,575 
