1 00700 騰訊控股 332,890,920 332,002,212 664,893,132 
2 01347 華虹半導體 154,372,760 102,464,140 256,836,900 
3 00981 中芯國際 120,676,520 124,319,570 244,996,090 
4 01093 石藥集團 36,317,480 203,705,420 240,022,900 
5 01398 工商銀行 12,016,650 208,139,670 220,156,320 
6 02382 舜宇光學科技 94,330,490 98,443,170 192,773,660 
7 02018 瑞聲科技 9,518,150 175,827,550 185,345,700 
8 00939 建設銀行 14,948,770 153,670,060 168,618,830 
9 00386 中國石油化工股份 25,677,680 133,577,700 159,255,380 
10 02799 中國華融 126,616,400 32,089,860 158,706,260 

1 00700 騰訊控股 143,018,800 322,284,435 465,303,235 
2 00981 中芯國際 77,213,660 147,382,880 224,596,540 
3 02382 舜宇光學科技 21,010,680 168,295,490 189,306,170 
4 02799 中國華融 58,170,780 59,241,930 117,412,710 
5 00175 吉利汽車 11,712,050 53,770,750 65,482,800 
6 00268 金蝶國際 29,906,460 32,316,740 62,223,200 
7 02208 金風科技 11,972,112 50,000,992 61,973,104 
8 02269 藥明生物 11,882,525 47,489,725 59,372,250 
9 02001 新高教集團 15,564,090 39,621,120 55,185,210 
10 00839 中教控股 32,075,800 19,085,840 51,161,640 
