1 00700 騰訊控股 289,494,020 507,980,060 797,474,080 
2 00005 匯豐控股 455,329,740 628,220 455,957,960 
3 00175 吉利汽車 133,608,820 70,061,880 203,670,700 
4 01093 石藥集團 172,781,480 30,618,440 203,399,920 
5 00857 中國石油股份 150,692,440 42,064,460 192,756,900 
6 00981 中芯國際 86,912,420 98,365,720 185,278,140 
7 00941 中國移動 173,169,950 10,157,725 183,327,675 
8 00386 中國石油化工股份 120,158,560 48,894,340 169,052,900 
9 01088 中國神華 76,838,290 71,340,150 148,178,440 
10 00939 建設銀行 88,684,380 54,167,930 142,852,310 

1 00700 騰訊控股 157,471,780 126,195,460 283,667,240 
2 01918 融創中國 38,894,000 56,187,500 95,081,500 
3 00279 民眾金融科技 54,785,580 27,736,680 82,522,260 
4 00763 中興通訊 39,330,552 36,515,636 75,846,188 
5 00388 香港交易所 6,661,840 58,625,620 65,287,460 
6 01177 中國生物製藥 32,748,010 28,917,840 61,665,850 
7 02318 中國平安 33,147,650 24,458,550 57,606,200 
8 02331 李寧 418,715 45,673,110 46,091,825 
9 01558 東陽光藥 42,634,110 191,360 42,825,470 
10 03883 中國奧園 18,482,860 23,906,870 42,389,730 
