1 00700 騰訊控股 753,534,300 516,257,840 1,269,792,140 
2 02319 蒙牛乳業 372,872,600 317,366,650 690,239,250 
3 02318 中國平安 257,241,425 377,778,875 635,020,300 
4 00939 建設銀行 304,500,370 201,500,580 506,000,950 
5 00966 中國太平 160,787,280 298,406,720 459,194,000 
6 01918 融創中國 200,486,450 219,753,800 420,240,250 
7 03968 招商銀行 278,579,250 67,326,375 345,905,625 
8 01398 工商銀行 235,206,660 67,256,760 302,463,420 
9 02601 中國太保 53,817,650 210,725,320 264,542,970 
10 00753 中國國航 179,296,860 74,812,120 254,108,980 

1 00700 騰訊控股 524,525,340 416,874,100 941,399,440 
2 01114  126,628,720 68,775,040 195,403,760 
3 02382 舜宇光學科技 154,218,500 35,453,980 189,672,480 
4 02208 金風科技 75,328,636 105,555,086 180,883,722 
5 02007 碧桂園 38,658,560 129,948,860 168,607,420 
6 01548 金斯瑞生物科技 59,552,700 88,488,300 148,041,000 
7 01918 融創中國 79,688,100 56,103,700 135,791,800 
8 00268 金蝶國際 58,920,240 54,231,000 113,151,240 
9 02318 中國平安 50,633,800 54,641,925 105,275,725 
10 02202 萬科企業 82,886,630 22,380,310 105,266,940 
