1 00700 騰訊控股 328,658,540 96,800,460 425,459,000 
2 00005 匯豐控股 279,972,260 1,913,260 281,885,520 
3 01066 威高股份 175,334,080 36,867,520 212,201,600 
4 01918 融創中國 54,263,650 145,091,150 199,354,800 
5 00175 吉利汽車 150,806,640 41,793,360 192,600,000 
6 01093 石藥集團 77,796,880 91,152,680 168,949,560 
7 02318 中國平安 88,441,225 63,978,450 152,419,675 
8 02607 上海醫藥 14,174,972 137,510,520 151,685,492 
9 01398 工商銀行 97,965,250 36,086,890 134,052,140 
10 00388 香港交易所 107,892,140 8,449,300 116,341,440 

1 00700 騰訊控股 79,879,640 64,980,080 144,859,720 
2 01060 阿里影業 91,565,900 5,303,100 96,869,000 
3 01918 融創中國 66,894,550 24,439,350 91,333,900 
4 00175 吉利汽車 79,345,640 11,286,980 90,632,620 
5 00268 金蝶國際 57,924,420 22,054,300 79,978,720 
6 01548 金斯瑞生物科技 37,785,000 32,976,320 70,761,320 
7 01093 石藥集團 29,473,400 20,246,000 49,719,400 
8 01055 中國南方航空股份 5,322,840 37,897,080 43,219,920 
9 01177 中國生物製藥 17,737,000 23,413,700 41,150,700 
10 00338 上海石油化工股份 5,079,680 35,299,220 40,378,900 
