1 00700 騰訊控股 123,664,840 131,896,740 255,561,580 
2 02601 中國太保 41,356,350 209,273,650 250,630,000 
3 01918 融創中國 113,894,250 65,721,600 179,615,850 
4 00175 吉利汽車 21,808,700 116,433,540 138,242,240 
5 00981 中芯國際 82,871,665 52,714,862 135,586,527 
6 01088 中國神華 18,726,660 96,286,600 115,013,260 
7 01336 新華保險 28,241,890 79,861,430 108,103,320 
8 00388 香港交易所 23,212,320 84,628,100 107,840,420 
9 01093 石藥集團 11,928,320 93,013,160 104,941,480 
10 01398 工商銀行 50,413,850 51,944,840 102,358,690 

1 00700 騰訊控股 94,436,340 69,385,580 163,821,920 
2 01918 融創中國 45,650,500 62,075,600 107,726,100 
3 00005 匯豐控股 56,683,380 1,161,020 57,844,400 
4 00981 中芯國際 18,188,860 39,168,770 57,357,630 
5 01299 友邦保險 56,706,620 140,180 56,846,800 
6 00175 吉利汽車 9,808,820 44,748,460 54,557,280 
7 00989 廣澤國際發展 47,399,250 5,499,250 52,898,500 
8 00607 豐盛控股 28,046,450 23,975,550 52,022,000 
9 00763 中興通訊 39,198,840 12,011,092 51,209,932 
10 01378 中國宏橋 72,050 43,692,990 43,765,040 
