1 00700 騰訊控股 727,376,220 908,906,120 1,636,282,340 
2 01398 工商銀行 731,384,000 69,833,190 801,217,190 
3 01088 中國神華 417,537,125 19,742,750 437,279,875 
4 03968 招商銀行 189,411,725 215,614,850 405,026,575 
5 00939 建設銀行 324,865,550 72,429,760 397,295,310 
6 02318 中國平安 199,189,575 149,124,575 348,314,150 
7 00981 中芯國際 190,800,375 154,211,260 345,011,635 
8 01055 中國南方航空股份 154,801,160 166,190,260 320,991,420 
9 03993 洛陽鉬業 120,763,320 189,310,340 310,073,660 
10 02018 瑞聲科技 224,892,450 63,859,613 288,752,063 

1 00700 騰訊控股 378,441,280 215,153,850 593,595,130 
2 01548 金斯瑞生物科技 193,146,200 173,246,000 366,392,200 
3 00981 中芯國際 130,613,460 94,780,600 225,394,060 
4 02899 紫金礦業 110,316,880 39,886,920 150,203,800 
5 02318 中國平安 122,980,100 19,022,900 142,003,000 
6 00939 建設銀行 96,664,790 43,929,950 140,594,740 
7 02601 中國太保 129,112,460 8,952,740 138,065,200 
8 00966 中國太平 107,295,710 7,105,520 114,401,230 
9 01336 新華保險 104,537,595 9,112,275 113,649,870 
10 03993 洛陽鉬業 74,366,340 37,789,350 112,155,690 
