1 00700 騰訊控股 92,342,600 334,912,140 427,254,740 
2 00939 建設銀行 1,160,240 239,725,080 240,885,320 
3 00241 阿里健康 121,668,540 57,434,460 179,103,000 
4 00175 吉利汽車 83,067,700 68,543,800 151,611,500 
5 02007 碧桂園 104,011,860 30,458,120 134,469,980 
6 02601 中國太保 108,106,870 14,691,240 122,798,110 
7 01093 石藥集團 21,681,000 77,463,500 99,144,500 
8 00981 中芯國際 67,319,490 30,732,080 98,051,570 
9 06808 高鑫零售 60,734,640 36,035,060 96,769,700 
10 01171 兗州煤業股份 27,108,120 62,796,680 89,904,800 

1 02382 舜宇光學科技 12,491,150 283,739,820 296,230,970 
2 00700 騰訊控股 69,885,040 168,836,800 238,721,840 
3 02007 碧桂園 26,121,440 145,113,040 171,234,480 
4 00241 阿里健康 76,679,800 49,671,460 126,351,260 
5 02318 中國平安 83,202,775 35,703,000 118,905,775 
6 02208 金風科技 40,652,248 74,858,952 115,511,200 
7 03301 融信中國 30,434,190 81,836,430 112,270,620 
8 01548 金斯瑞生物科技 47,231,100 56,555,000 103,786,100 
9 00175 吉利汽車 70,329,250 29,535,500 99,864,750 
10 01055 中國南方航空股份 84,118,980 14,058,840 98,177,820 
