1 00700 騰訊控股 505,630,020 239,655,980 745,286,000 
2 01336 新華保險 344,831,480 298,986,190 643,817,670 
3 00939 建設銀行 252,267,430 131,471,720 383,739,150 
4 02601 中國太保 138,667,550 242,084,540 380,752,090 
5 00981 中芯國際 166,376,040 199,198,804 365,574,844 
6 00386 中國石油化工股份 259,995,180 60,023,000 320,018,180 
7 01398 工商銀行 217,248,290 57,521,250 274,769,540 
8 02318 中國平安 70,485,700 191,276,125 261,761,825 
9 00388 香港交易所 257,543,980 2,165,440 259,709,420 
10 00966 中國太平 163,273,920 47,344,780 210,618,700 

1 00700 騰訊控股 210,726,360 191,341,720 402,068,080 
2 01548 金斯瑞生物科技 221,007,500 103,363,800 324,371,300 
3 00981 中芯國際 84,222,740 61,038,300 145,261,040 
4 02208 金風科技 70,602,848 67,433,185 138,036,033 
5 00763 中興通訊 45,386,020 72,694,250 118,080,270 
6 00386 中國石油化工股份 96,253,580 12,002,800 108,256,380 
7 03888 金山軟件 85,211,100 18,245,300 103,456,400 
8 01918 融創中國 44,349,100 58,196,050 102,545,150 
9 02202 萬科企業 62,384,910 39,725,735 102,110,645 
10 01336 新華保險 47,827,595 44,926,495 92,754,090 
