1 00700 騰訊控股 419,833,640 195,464,080 615,297,720 
2 02018 瑞聲科技 92,531,200 144,247,610 236,778,810 
3 00874 白雲山 104,142,900 109,845,800 213,988,700 
4 02382 舜宇光學科技 153,839,770 57,577,770 211,417,540 
5 00939 建設銀行 6,839,360 157,832,430 164,671,790 
6 01918 融創中國 59,504,150 80,514,500 140,018,650 
7 00175 吉利汽車 111,638,800 26,660,550 138,299,350 
8 02196 復星醫藥 119,150,300 17,221,525 136,371,825 
9 00386 中國石油化工股份 97,268,660 35,411,080 132,679,740 
10 01359 中國信達 108,684,770 16,864,720 125,549,490 

1 00700 騰訊控股 346,523,960 95,885,920 442,409,880 
2 00268 金蝶國際 152,714,520 43,203,020 195,917,540 
3 01548 金斯瑞生物科技 89,161,300 96,829,400 185,990,700 
4 02007 碧桂園 151,505,900 10,506,680 162,012,580 
5 02382 舜宇光學科技 120,179,800 11,997,220 132,177,020 
6 00279 民眾金融科技 76,306,820 54,841,500 131,148,320 
7 00291 華潤啤酒 114,939,400 4,971,900 119,911,300 
8 02018 瑞聲科技 12,394,250 105,400,550 117,794,800 
9 00670 中國東方航空股份 112,614,400 3,339,180 115,953,580 
10 00914 海螺水泥 106,061,125 3,203,675 109,264,800 
