1 01398 工商銀行 543,161,740 5,248,100 548,409,840 
2 03333 中國恒大 392,472,650 122,358,700 514,831,350 
3 00939 建設銀行 304,743,680 82,139,710 386,883,390 
4 00700 騰訊控股 117,390,520 165,546,040 282,936,560 
5 01288 農業銀行 200,541,210 60,127,160 260,668,370 
6 01918 融創中國 112,835,200 86,091,400 198,926,600 
7 02601 中國太保 7,052,430 145,368,124 152,420,554 
8 00981 中芯國際 86,225,820 28,783,285 115,009,105 
9 00586 海螺創業 77,849,300 34,607,500 112,456,800 
10 01177 中國生物製藥 8,716,180 96,328,370 105,044,550 

1 01317 楓葉教育 275,329,900 312,909,640 588,239,540 
2 06169 宇華教育 232,767,160 170,485,020 403,252,180 
3 02001 新高教集團 125,831,740 122,788,630 248,620,370 
4 00839 中教控股 130,536,680 107,210,780 237,747,460 
5 01918 融創中國 68,133,850 169,608,200 237,742,050 
6 00763 中興通訊 119,089,924 105,564,100 224,654,024 
7 00700 騰訊控股 23,425,020 120,815,840 144,240,860 
8 02328 中國財險 10,546,040 99,199,040 109,745,080 
9 06068 睿見教育 46,530,020 59,599,160 106,129,180 
10 00981 中芯國際 49,984,375 55,873,720 105,858,095 
