1 01398 工商銀行 969,964,860 174,605,790 1,144,570,650 
2 00700 騰訊控股 513,188,720 451,108,800 964,297,520 
3 00939 建設銀行 540,906,170 196,488,430 737,394,600 
4 00175 吉利汽車 201,126,180 176,731,520 377,857,700 
5 02328 中國財險 185,445,860 130,698,300 316,144,160 
6 00291 華潤啤酒 198,462,800 106,807,600 305,270,400 
7 01918 融創中國 113,527,200 84,635,350 198,162,550 
8 02238 廣汽集團 76,110,020 98,101,860 174,211,880 
9 01288 農業銀行 98,857,710 48,153,710 147,011,420 
10 03888 金山軟件 13,122,440 132,246,380 145,368,820 

1 00700 騰訊控股 126,015,200 113,740,740 239,755,940 
2 00175 吉利汽車 27,122,400 119,419,800 146,542,200 
3 00291 華潤啤酒 61,026,400 53,480,600 114,507,000 
4 00386 中國石油化工股份 277,780 85,237,740 85,515,520 
5 00902 華能國際電力股份 48,464,840 29,111,240 77,576,080 
6 01548 金斯瑞生物科技 35,200,360 35,287,280 70,487,640 
7 01918 融創中國 43,951,800 25,096,700 69,048,500 
8 00763 中興通訊 30,902,528 31,861,632 62,764,160 
9 00268 金蝶國際 8,182,180 51,865,120 60,047,300 
10 01093 石藥集團 10,028,840 44,413,860 54,442,700 
