1 00700 騰訊控股 167,258,900 921,849,994 1,089,108,894 
2 00939 建設銀行 145,981,000 284,104,090 430,085,090 
3 02238 廣汽集團 64,686,340 348,096,619 412,782,959 
4 00175 吉利汽車 95,017,540 214,717,180 309,734,720 
5 02196 復星醫藥 112,478,225 158,642,000 271,120,225 
6 06808 高鑫零售 200,231,895 38,151,310 238,383,205 
7 02601 中國太保 15,450,530 214,930,050 230,380,580 
8 01055 中國南方航空股份 90,339,620 136,818,660 227,158,280 
9 01918 融創中國 107,121,200 103,126,800 210,248,000 
10 00316 東方海外國際 503,225 165,826,625 166,329,850 

1 00700 騰訊控股 90,101,720 409,990,260 500,091,980 
2 00763 中興通訊 77,395,832 136,829,208 214,225,040 
3 01918 融創中國 96,523,300 104,225,550 200,748,850 
4 00268 金蝶國際 118,839,200 67,314,060 186,153,260 
5 01088 中國神華 61,466,820 98,869,390 160,336,210 
6 01548 金斯瑞生物科技 80,977,840 44,978,880 125,956,720 
7 00175 吉利汽車 19,270,810 93,244,230 112,515,040 
8 02202 萬科企業 93,781,485 15,736,375 109,517,860 
9 00966 中國太平 16,503,030 91,614,390 108,117,420 
10 00939 建設銀行 59,244,280 43,955,130 103,199,410 
