1 01088 中國神華 115,788,260 405,892,560 521,680,820 
2 00700 騰訊控股 191,803,620 206,027,540 397,831,160 
3 01398 工商銀行 113,854,120 140,083,600 253,937,720 
4 01299 友邦保險 13,405,540 236,187,680 249,593,220 
5 00939 建設銀行 21,513,990 152,743,790 174,257,780 
6 00241 阿里健康 95,093,700 67,582,440 162,676,140 
7 02382 舜宇光學科技 59,353,460 96,036,880 155,390,340 
8 00175 吉利汽車 109,957,950 39,440,200 149,398,150 
9 01093 石藥集團 70,398,900 70,213,800 140,612,700 
10 03988 中國銀行 5,188,280 121,568,740 126,757,020 

1 00763 中興通訊 104,155,804 73,238,640 177,394,444 
2 00268 金蝶國際 78,909,760 71,146,800 150,056,560 
3 00729 五龍電動車 58,026,585 36,782,875 94,809,460 
4 00700 騰訊控股 44,227,160 49,968,280 94,195,440 
5 01579 頤海國際 72,808,200 12,414,140 85,222,340 
6 03888 金山軟件 65,928,100 9,806,900 75,735,000 
7 00241 阿里健康 35,118,960 28,004,260 63,123,220 
8 06869 長飛光纖光纜 48,401,025 10,873,025 59,274,050 
9 01918 融創中國 19,252,300 39,631,350 58,883,650 
10 02331 李寧 15,473,400 35,621,560 51,094,960 
