1 00700 騰訊控股 175,768,160 336,069,520 511,837,680 
2 00291 華潤啤酒 104,208,900 349,310,000 453,518,900 
3 00005 匯豐控股 365,350,000 1,896,080 367,246,080 
4 01918 融創中國 181,008,550 86,913,650 267,922,200 
5 01398 工商銀行 135,527,580 51,215,310 186,742,890 
6 02318 中國平安 32,888,450 138,584,950 171,473,400 
7 00939 建設銀行 46,012,840 81,432,730 127,445,570 
8 00175 吉利汽車 51,037,840 63,332,114 114,369,954 
9 00607 豐盛控股 46,138,825 67,899,325 114,038,150 
10 01093 石藥集團 29,591,880 79,092,080 108,683,960 

1 00700 騰訊控股 68,169,700 89,305,570 157,475,270 
2 00883 中國海洋石油 98,140,220 44,315,900 142,456,120 
3 01093 石藥集團 49,575,600 58,036,520 107,612,120 
4 01211 比亞迪股份 61,719,025 37,045,325 98,764,350 
5 00175 吉利汽車 59,993,680 9,227,740 69,221,420 
6 00902 華能國際電力股份 20,117,300 44,230,620 64,347,920 
7 01918 融創中國 14,333,050 43,185,050 57,518,100 
8 01177 中國生物製藥 24,620,790 32,475,510 57,096,300 
9 00939 建設銀行 1,754,180 50,436,430 52,190,610 
10 01378 中國宏橋 24,154,000 26,732,405 50,886,405 
