1 00700 騰訊控股 1,060,251,460 383,654,440 1,443,905,900 
2 00939 建設銀行 79,489,660 588,927,010 668,416,670 
3 03988 中國銀行 27,245,150 270,665,440 297,910,590 
4 01171 兗州煤業股份 110,653,920 93,038,160 203,692,080 
5 03968 招商銀行 160,650,650 40,109,725 200,760,375 
6 01918 融創中國 65,498,500 102,500,300 167,998,800 
7 02318 中國平安 48,342,625 108,399,700 156,742,325 
8 00291 華潤啤酒 140,680,900 10,198,400 150,879,300 
9 03888 金山軟件 106,187,900 41,616,000 147,803,900 
10 02601 中國太保 78,939,450 63,980,560 142,920,010 

1 00700 騰訊控股 178,730,640 131,138,940 309,869,580 
2 01548 金斯瑞生物科技 78,798,100 46,307,000 125,105,100 
3 02318 中國平安 89,749,475 20,585,450 110,334,925 
4 00998 中信銀行 42,673,790 59,285,430 101,959,220 
5 00868 信義玻璃 55,863,440 40,262,800 96,126,240 
6 00939 建設銀行 38,626,800 50,477,120 89,103,920 
7 01171 兗州煤業股份 50,250,960 33,667,040 83,918,000 
8 03888 金山軟件 73,097,650 6,971,200 80,068,850 
9 02202 萬科企業 43,357,760 34,994,645 78,352,405 
10 01918 融創中國 42,636,550 25,548,950 68,185,500 
