1 00700 騰訊控股 67,898,440 1,187,008,840 1,254,907,280 
2 01398 工商銀行 752,349,150 15,028,140 767,377,290 
3 00939 建設銀行 364,484,630 53,190,400 417,675,030 
4 02328 中國財險 113,358,320 172,683,323 286,041,643 
5 00175 吉利汽車 139,129,660 138,934,760 278,064,420 
6 01093 石藥集團 45,568,440 174,213,233 219,781,673 
7 02196 復星醫藥 148,018,700 43,547,275 191,565,975 
8 01339 中國人民保險集團 64,171,850 57,657,390 121,829,240 
9 01177 中國生物製藥 35,949,570 84,695,415 120,644,985 
10 01288 農業銀行 825,780 118,124,830 118,950,610 

1 02601 中國太保 1,627,140 304,683,670 306,310,810 
2 00700 騰訊控股 28,723,940 224,780,940 253,504,880 
3 01548 金斯瑞生物科技 94,892,960 93,024,600 187,917,560 
4 01317 楓葉教育（新） 38,566,600 69,658,080 108,224,680 
5 02382 舜宇光學科技 37,630,130 58,538,010 96,168,140 
6 02328 中國財險 17,924,200 69,654,650 87,578,850 
7 01093 石藥集團 4,952,500 61,658,720 66,611,220 
8 00268 金蝶國際 8,726,260 55,598,620 64,324,880 
9 01918 融創中國 42,289,900 19,775,050 62,064,950 
10 00027 銀河娛樂 392,500 55,507,900 55,900,400 
