1 02318 中國平安 487,383,050 138,191,225 625,574,275 
2 00700 騰訊控股 223,484,300 264,266,920 487,751,220 
3 01288 農業銀行 87,364,170 228,776,569 316,140,739 
4 00388 香港交易所 93,959,640 139,588,600 233,548,240 
5 00966 中國太平 83,819,930 142,458,370 226,278,300 
6 02601 中國太保 57,991,710 128,684,850 186,676,560 
7 02007 碧桂園 98,495,380 78,967,140 177,462,520 
8 02328 中國財險 103,904,480 45,813,880 149,718,360 
9 00939 建設銀行 38,852,130 101,967,060 140,819,190 
10 01918 融創中國 63,216,000 73,814,750 137,030,750 

1 00700 騰訊控股 256,996,680 238,350,520 495,347,200 
2 01548 金斯瑞生物科技 122,279,400 138,433,300 260,712,700 
3 02601 中國太保 245,491,750 5,842,400 251,334,150 
4 00763 中興通訊 138,588,590 34,355,870 172,944,460 
5 01966 中駿置業 101,464,630 59,639,930 161,104,560 
6 00268 金蝶國際 96,745,980 32,535,740 129,281,720 
7 00388 香港交易所 36,442,520 86,399,440 122,841,960 
8 02208 金風科技 83,440,100 32,728,020 116,168,120 
9 01030 新城發展控股 35,586,260 78,128,540 113,714,800 
10 03883 中國奧園 67,539,840 41,517,860 109,057,700 
