1 01398 工商銀行 479,205,090 230,407,740 709,612,830 
2 00700 騰訊控股 252,348,300 180,855,366 433,203,666 
3 00939 建設銀行 303,746,530 23,914,040 327,660,570 
4 03988 中國銀行 184,674,930 131,826,038 316,500,968 
5 00175 吉利汽車 162,475,960 128,558,860 291,034,820 
6 01288 農業銀行 213,537,830 39,419,058 252,956,888 
7 02601 中國太保 169,312,050 30,166,730 199,478,780 
8 00874 白雲山 86,694,500 86,325,900 173,020,400 
9 03968 招商銀行 70,572,225 81,328,300 151,900,525 
10 03328 交通銀行 27,653,060 116,624,362 144,277,422 

1 00700 騰訊控股 109,332,660 132,153,800 241,486,460 
2 00175 吉利汽車 135,406,580 21,914,880 157,321,460 
3 00268 金蝶國際 80,152,920 65,132,040 145,284,960 
4 01918 融創中國 40,298,100 56,944,950 97,243,050 
5 01548 金斯瑞生物科技 50,831,780 35,640,680 86,472,460 
6 02382 舜宇光學科技 73,857,800 11,680,840 85,538,640 
7 02007 碧桂園 81,284,280 3,719,000 85,003,280 
8 02208 金風科技 43,101,546 37,572,538 80,674,084 
9 00763 中興通訊 56,692,104 22,242,608 78,934,712 
10 00168 青島啤酒股份 24,762,500 48,503,300 73,265,800 
