1 00700 騰訊控股 349,750,700 705,751,100 1,055,501,800 
2 03968 招商銀行 120,996,450 511,102,075 632,098,525 
3 02018 瑞聲科技 258,461,200 330,665,400 589,126,600 
4 00939 建設銀行 53,528,510 449,794,840 503,323,350 
5 01288 農業銀行 114,883,970 317,908,100 432,792,070 
6 01398 工商銀行 111,213,910 256,361,830 367,575,740 
7 00175 吉利汽車 227,388,900 127,125,900 354,514,800 
8 02007 碧桂園 15,890,400 232,029,500 247,919,900 
9 02382 舜宇光學科技 23,469,810 185,131,880 208,601,690 
10 00966 中國太平 142,277,000 60,113,980 202,390,980 

1 00700 騰訊控股 191,332,820 179,570,380 370,903,200 
2 00175 吉利汽車 208,937,500 24,062,300 232,999,800 
3 02018 瑞聲科技 60,378,500 139,748,900 200,127,400 
4 03968 招商銀行 129,432,950 34,236,250 163,669,200 
5 01548 金斯瑞生物科技 50,540,200 63,515,900 114,056,100 
6 02196 復星醫藥 13,165,025 88,947,825 102,112,850 
7 01918 融創中國 46,279,550 53,658,550 99,938,100 
8 00939 建設銀行 78,701,230 20,851,350 99,552,580 
9 00354 中國軟件國際 40,352,620 57,376,960 97,729,580 
10 01299 友邦保險 93,743,850 726,490 94,470,340 
