1 01918 融創中國 89,227,350 187,424,350 276,651,700 
2 00700 騰訊控股 58,997,380 191,360,540 250,357,920 
3 00291 華潤啤酒 59,656,300 140,105,200 199,761,500 
4 00586 海螺創業 92,106,800 92,363,550 184,470,350 
5 00688 中國海外發展 27,387,500 133,551,400 160,938,900 
6 01093 石藥集團 22,506,960 126,073,120 148,580,080 
7 00607 豐盛控股 76,674,100 41,483,550 118,157,650 
8 02328 中國財險 72,716,060 9,119,380 81,835,440 
9 01288 農業銀行 34,573,580 39,816,600 74,390,180 
10 02238 廣汽集團 14,063,900 59,532,140 73,596,040 

1 02628 中國人壽 162,180,680 3,477,700 165,658,380 
2 00607 豐盛控股 128,548,100 4,310,475 132,858,575 
3 00700 騰訊控股 66,497,440 41,156,300 107,653,740 
4 01918 融創中國 30,940,800 49,455,500 80,396,300 
5 01211 比亞迪股份 66,617,725 10,418,125 77,035,850 
6 00763 中興通訊 43,541,992 28,510,112 72,052,104 
7 02318 中國平安 46,176,250 6,361,050 52,537,300 
8 00839 中教控股 25,804,840 24,811,010 50,615,850 
9 01093 石藥集團 22,545,400 26,031,800 48,577,200 
10 01177 中國生物製藥 30,975,010 16,828,020 47,803,030 
