1 01398 工商銀行 592,472,450 50,785,590 643,258,040 
2 00939 建設銀行 539,480,930 38,387,340 577,868,270 
3 03988 中國銀行 496,511,170 41,617,690 538,128,860 
4 00700 騰訊控股 160,431,000 118,434,380 278,865,380 
5 01288 農業銀行 237,661,340 38,945,860 276,607,200 
6 00586 海螺創業 91,401,950 88,516,725 179,918,675 
7 01928 金沙中國有限公司 1,525,120 95,706,780 97,231,900 
8 01918 融創中國 61,584,500 26,243,750 87,828,250 
9 02238 廣汽集團 65,289,600 16,354,780 81,644,380 
10 01088 中國神華 59,993,630 8,048,450 68,042,080 

1 00700 騰訊控股 160,575,080 26,378,120 186,953,200 
2 03968 招商銀行 103,230,700 26,667,525 129,898,225 
3 00939 建設銀行 334,490 77,802,380 78,136,870 
4 00763 中興通訊 28,092,048 31,665,068 59,757,116 
5 00607 豐盛控股 35,709,575 9,070,450 44,780,025 
6 01288 農業銀行 21,180,340 22,020,930 43,201,270 
7 01299 友邦保險 41,122,310 204,080 41,326,390 
8 01093 石藥集團 30,568,680 2,683,960 33,252,640 
9 00027 銀河娛樂 710,500 31,446,100 32,156,600 
10 00788 中國鐵塔 11,712,700 16,651,340 28,364,040 
