1 00700 騰訊控股 714,999,340 186,344,160 901,343,500 
2 01398 工商銀行 830,855,840 45,969,910 876,825,750 
3 00939 建設銀行 489,754,380 136,607,040 626,361,420 
4 02318 中國平安 367,192,200 182,297,325 549,489,525 
5 01918 融創中國 320,185,050 197,293,200 517,478,250 
6 01336 新華保險 285,085,355 223,109,945 508,195,300 
7 03333 中國恒大 439,438,900 26,952,100 466,391,000 
8 00388 香港交易所 267,286,020 191,815,780 459,101,800 
9 00998 中信銀行 159,056,770 151,463,660 310,520,430 
10 00857 中國石油股份 254,519,800 54,616,760 309,136,560 

1 00700 騰訊控股 227,467,200 304,455,000 531,922,200 
2 00939 建設銀行 185,795,560 294,375,980 480,171,540 
3 01398 工商銀行 178,091,750 162,877,770 340,969,520 
4 00658 中國高速傳動 137,439,460 139,880,680 277,320,140 
5 01030 新城發展控股 119,338,300 104,508,700 223,847,000 
6 01548 金斯瑞生物科技 126,984,300 84,963,800 211,948,100 
7 03333 中國恒大 195,037,250 15,606,450 210,643,700 
8 02899 紫金礦業 112,587,760 74,914,500 187,502,260 
9 00763 中興通訊 85,942,420 59,355,900 145,298,320 
10 01171 兗州煤業股份 70,791,720 73,620,600 144,412,320 
