1 00700 騰訊控股 223,192,980 2,066,089,248 2,289,282,228 
2 01398 工商銀行 685,550,370 401,933,910 1,087,484,280 
3 00939 建設銀行 353,079,410 137,176,040 490,255,450 
4 02382 舜宇光學科技 70,175,410 182,997,292 253,172,702 
5 01918 融創中國 165,366,200 84,088,150 249,454,350 
6 02328 中國財險 40,964,000 186,908,370 227,872,370 
7 03988 中國銀行 14,788,720 180,363,250 195,151,970 
8 02020 安踏體育 28,215,400 153,228,517 181,443,917 
9 03968 招商銀行 6,148,625 155,783,975 161,932,600 
10 00902 華能國際電力股份 73,134,940 78,659,140 151,794,080 

1 00700 騰訊控股 255,073,660 394,773,460 649,847,120 
2 00268 金蝶國際 55,575,540 97,201,001 152,776,541 
3 00939 建設銀行 6,639,630 108,730,550 115,370,180 
4 02382 舜宇光學科技 51,110,630 58,877,280 109,987,910 
5 02328 中國財險 75,309,920 31,115,860 106,425,780 
6 00895 東江環保 57,197,648 48,646,736 105,844,384 
7 01918 融創中國 64,966,050 28,507,650 93,473,700 
8 00763 中興通訊 42,314,940 41,179,364 83,494,304 
9 03968 招商銀行 4,663,200 76,611,825 81,275,025 
10 00902 華能國際電力股份 53,395,900 26,426,940 79,822,840 
