1 00700 騰訊控股 46,564,300 398,480,400 445,044,700 
2 06886 - 126,546,632 32,239,560 158,786,192 
3 01918 融創中國 101,505,350 55,994,000 157,499,350 
4 00981 中芯國際 89,342,145 57,541,785 146,883,930 
5 02601 中國太保 29,779,500 81,595,784 111,375,284 
6 00135 昆侖能源 64,647,780 19,230,800 83,878,580 
7 02382 舜宇光學科技 75,407,160 6,520,065 81,927,225 
8 00688 中國海外發展 1,410,600 76,649,100 78,059,700 
9 03968 招商銀行 40,887,000 36,800,125 77,687,125 
10 01177 中國生物製藥 39,856,220 37,576,565 77,432,785 

1 00700 騰訊控股 19,314,060 135,523,620 154,837,680 
2 00763 中興通訊 66,257,812 73,152,636 139,410,448 
3 01918 融創中國 40,262,800 34,356,150 74,618,950 
4 01299 友邦保險 56,751,700 38,180 56,789,880 
5 00005 匯豐控股 56,247,620 158,200 56,405,820 
6 01211 比亞迪股份 5,273,750 41,018,975 46,292,725 
7 00175 吉利汽車 4,962,900 38,512,760 43,475,660 
8 01818 招金礦業 28,881,285 10,927,765 39,809,050 
9 00388 香港交易所 158,240 38,221,860 38,380,100 
10 02202 萬科企業 6,894,445 20,610,020 27,504,465 
