1 00700 騰訊控股 715,572,100 122,498,180 838,070,280 
2 00939 建設銀行 133,182,090 204,881,409 338,063,499 
3 02319 蒙牛乳業 280,641,250 41,492,400 322,133,650 
4 01918 融創中國 88,539,000 189,802,500 278,341,500 
5 02799 中國華融 210,018,060 28,533,250 238,551,310 
6 01088 中國神華 93,590,105 133,277,400 226,867,505 
7 00607 豐盛控股 91,075,750 107,565,875 198,641,625 
8 00981 中芯國際 84,930,350 105,448,860 190,379,210 
9 00386 中國石油化工股份 45,420,320 115,584,500 161,004,820 
10 03993 洛陽鉬業 29,587,500 128,648,490 158,235,990 

1 00700 騰訊控股 193,327,540 56,882,840 250,210,380 
2 02018 瑞聲科技 100,655,200 58,170,700 158,825,900 
3 02007 碧桂園 120,120,260 23,304,860 143,425,120 
4 01918 融創中國 95,891,850 44,398,000 140,289,850 
5 00839 中教控股 111,555,500 23,173,520 134,729,020 
6 01548 金斯瑞生物科技 51,375,700 67,677,900 119,053,600 
7 02318 中國平安 36,052,025 74,247,200 110,299,225 
8 00981 中芯國際 58,781,450 45,560,000 104,341,450 
9 01093 石藥集團 91,812,080 11,944,080 103,756,160 
10 00939 建設銀行 29,464,570 65,296,890 94,761,460 
