1 01088 中國神華 586,646,275 97,765,225 684,411,500 
2 00700 騰訊控股 356,922,080 242,870,280 599,792,360 
3 01171 兗州煤業股份 336,291,840 203,898,120 540,189,960 
4 00005 匯豐控股 442,257,220 51,696,780 493,954,000 
5 02318 中國平安 327,050,850 89,183,750 416,234,600 
6 02018 瑞聲科技 349,527,200 51,658,600 401,185,800 
7 01398 工商銀行 336,356,540 62,585,000 398,941,540 
8 00939 建設銀行 268,240,890 129,031,490 397,272,380 
9 02899 紫金礦業 211,655,860 171,932,020 383,587,880 
10 00857 中國石油股份 223,646,140 110,400,560 334,046,700 

1 00939 建設銀行 307,599,220 286,857,710 594,456,930 
2 00700 騰訊控股 179,303,060 154,709,500 334,012,560 
3 00763 中興通訊 150,766,730 121,810,240 272,576,970 
4 01548 金斯瑞生物科技 157,490,500 91,797,200 249,287,700 
5 01171 兗州煤業股份 181,616,640 50,183,240 231,799,880 
6 00607 豐盛控股 37,455,950 124,405,325 161,861,275 
7 01918 融創中國 88,755,550 68,283,100 157,038,650 
8 01398 工商銀行 79,724,690 64,839,500 144,564,190 
9 01030 新城發展控股 31,131,440 93,905,660 125,037,100 
10 02208 金風科技 37,474,696 74,966,720 112,441,416 
