1 01918 融創中國 481,533,200 225,295,050 706,828,250 
2 02318 中國平安 208,193,700 355,855,700 564,049,400 
3 01336 新華保險 195,639,255 301,780,295 497,419,550 
4 00700 騰訊控股 172,466,040 259,333,460 431,799,500 
5 00939 建設銀行 66,821,330 324,911,700 391,733,030 
6 00291 華潤啤酒 186,426,400 181,421,300 367,847,700 
7 00966 中國太平 227,181,270 105,084,880 332,266,150 
8 00386 中國石油化工股份 247,684,140 74,992,620 322,676,760 
9 01357 美圖公司 195,457,450 117,033,740 312,491,190 
10 00175 吉利汽車 192,047,900 107,771,450 299,819,350 

1 00700 騰訊控股 119,751,500 276,854,100 396,605,600 
2 01548 金斯瑞生物科技 175,879,300 183,132,900 359,012,200 
3 01918 融創中國 146,928,400 144,694,700 291,623,100 
4 01357 美圖公司 146,396,410 57,552,220 203,948,630 
5 02202 萬科企業 71,853,820 96,790,805 168,644,625 
6 00763 中興通訊 39,074,100 84,162,170 123,236,270 
7 00981 中芯國際 43,978,290 68,957,630 112,935,920 
8 01088 中國神華 99,019,400 4,674,475 103,693,875 
9 00688 中國海外發展 57,288,400 41,573,300 98,861,700 
10 01171 兗州煤業股份 84,371,660 6,469,280 90,840,940 
