1 00700 騰訊控股 115,918,820 194,643,395 310,562,215 
2 02601 中國太保 58,429,840 216,192,900 274,622,740 
3 00322 康師傅控股 153,899,120 6,055,960 159,955,080 
4 00291 華潤啤酒 22,748,200 134,770,200 157,518,400 
5 01398 工商銀行 72,568,690 62,778,938 135,347,628 
6 02238 廣汽集團 66,522,320 40,349,887 106,872,207 
7 00941 中國移動 997,850 104,617,450 105,615,300 
8 00960 龍湖集團 193,350 103,597,125 103,790,475 
9 00688 中國海外發展 1,409,200 100,215,700 101,624,900 
10 00388 香港交易所 25,980,280 53,821,540 79,801,820 

1 00700 騰訊控股 88,746,300 82,349,360 171,095,660 
2 00763 中興通訊 77,637,736 52,396,904 130,034,640 
3 00914 海螺水泥 99,950 96,298,700 96,398,650 
4 01211 比亞迪股份 49,785,050 22,722,700 72,507,750 
5 01398 工商銀行 1,848,770 44,266,840 46,115,610 
6 00582 藍鼎國際 28,966,572 15,693,036 44,659,608 
7 01918 融創中國 12,850,150 27,322,150 40,172,300 
8 02318 中國平安 11,573,700 23,666,775 35,240,475 
9 03333 中國恒大 12,304,350 22,193,500 34,497,850 
10 06030 中信証券 29,294,970 4,916,220 34,211,190 
