1 00700 騰訊控股 1,119,646,040 2,586,152,020 3,705,798,060 
2 00005 匯豐控股 2,355,444,560 21,232,880 2,376,677,440 
3 00998 中信銀行 239,383,790 588,014,090 827,397,880 
4 00939 建設銀行 308,836,360 474,059,640 782,896,000 
5 01171 兗州煤業股份 353,084,920 364,957,240 718,042,160 
6 01918 融創中國 349,126,100 341,756,350 690,882,450 
7 01398 工商銀行 268,964,060 406,543,930 675,507,990 
8 03988 中國銀行 369,834,240 299,109,250 668,943,490 
9 02318 中國平安 251,919,875 403,789,784 655,709,659 
10 01336 新華保險 138,247,360 310,146,570 448,393,930 

1 00700 騰訊控股 471,080,260 564,625,360 1,035,705,620 
2 01918 融創中國 218,276,850 208,808,550 427,085,400 
3 00998 中信銀行 175,523,530 237,759,340 413,282,870 
4 01030 新城發展控股 143,388,540 219,270,860 362,659,400 
5 01548 金斯瑞生物科技 132,466,400 214,625,000 347,091,400 
6 01398 工商銀行 81,582,230 216,180,680 297,762,910 
7 01171 兗州煤業股份 71,017,960 197,909,880 268,927,840 
8 00535 金地商置 95,792,100 80,807,440 176,599,540 
9 02007 碧桂園 130,834,580 39,316,520 170,151,100 
10 02899 紫金礦業 92,295,480 69,775,100 162,070,580 
