1 00700 騰訊控股 77,688,200 404,782,860 482,471,060 
2 00586 海螺創業 167,269,525 218,826,875 386,096,400 
3 00005 匯豐控股 375,940,240 2,400,660 378,340,900 
4 01398 工商銀行 283,889,010 684,478 284,573,488 
5 03968 招商銀行 5,295,400 246,033,100 251,328,500 
6 00939 建設銀行 146,053,340 102,057,790 248,111,130 
7 00688 中國海外發展 3,532,800 149,751,000 153,283,800 
8 00175 吉利汽車 88,341,580 51,390,940 139,732,520 
9 01288 農業銀行 69,974,780 25,799,710 95,774,490 
10 06030 中信証券 75,314,740 12,600,680 87,915,420 

1 00700 騰訊控股 34,620,240 193,996,240 228,616,480 
2 00763 中興通訊 108,511,016 61,967,952 170,478,968 
3 00175 吉利汽車 24,517,780 53,551,020 78,068,800 
4 01918 融創中國 47,526,100 16,907,700 64,433,800 
5 01966 中駿集團控股 45,651,450 3,642,970 49,294,420 
6 01093 石藥集團 24,218,040 19,532,880 43,750,920 
7 02208 金風科技 21,744,496 15,173,819 36,918,315 
8 03968 招商銀行 702,150 31,511,425 32,213,575 
9 00958 華能新能源 29,700,280 1,444,120 31,144,400 
10 01317 楓葉教育 24,980,280 4,036,080 29,016,360 
