1 01398 工商銀行 411,345,350 86,345,600 497,690,950 
2 00700 騰訊控股 118,676,880 255,097,860 373,774,740 
3 00939 建設銀行 258,119,050 98,855,240 356,974,290 
4 03988 中國銀行 244,449,340 6,511,410 250,960,750 
5 01093 石藥集團 38,246,960 139,191,800 177,438,760 
6 01918 融創中國 71,217,550 65,057,350 136,274,900 
7 01288 農業銀行 74,216,490 4,051,690 78,268,180 
8 00788 中國鐵塔 66,999,740 9,143,120 76,142,860 
9 00981 中芯國際 30,386,020 39,930,610 70,316,630 
10 02382 舜宇光學科技 16,740,665 50,037,575 66,778,240 

1 00700 騰訊控股 151,635,120 102,353,160 253,988,280 
2 01558 東陽光藥 63,049,230 38,074,510 101,123,740 
3 01918 融創中國 46,891,800 49,650,600 96,542,400 
4 01579 頤海國際 11,664,240 51,255,047 62,919,287 
5 01398 工商銀行 1,162,450 44,402,870 45,565,320 
6 00607 豐盛控股 33,209,100 12,289,325 45,498,425 
7 01093 石藥集團 15,171,880 29,931,400 45,103,280 
8 00763 中興通訊 13,547,324 25,833,828 39,381,152 
9 00686 熊貓綠能 18,649,180 19,954,810 38,603,990 
10 00175 吉利汽車 30,381,840 6,749,960 37,131,800 
