1 00998 中信銀行 381,562,020 827,798,580 1,209,360,600 
2 00939 建設銀行 587,452,120 478,841,690 1,066,293,810 
3 01398 工商銀行 356,098,230 336,624,420 692,722,650 
4 03988 中國銀行 454,049,380 237,037,310 691,086,690 
5 01918 融創中國 275,389,750 232,462,000 507,851,750 
6 00700 騰訊控股 330,772,600 173,136,140 503,908,740 
7 03968 招商銀行 377,561,325 120,203,350 497,764,675 
8 00981 中芯國際 127,371,030 319,719,990 447,091,020 
9 02318 中國平安 236,909,675 172,237,650 409,147,325 
10 01288 農業銀行 366,104,540 37,273,770 403,378,310 

1 00763 中興通訊 181,462,480 127,047,920 308,510,400 
2 02018 瑞聲科技 40,874,750 230,937,900 271,812,650 
3 00700 騰訊控股 169,609,220 90,139,740 259,748,960 
4 01030 新城發展控股 114,117,320 126,222,620 240,339,940 
5 02202 萬科企業 28,568,430 200,901,985 229,470,415 
6 01918 融創中國 150,911,900 73,207,050 224,118,950 
7 01548 金斯瑞生物科技 83,544,100 70,755,900 154,300,000 
8 00607 豐盛控股 524,000 108,003,550 108,527,550 
9 01171 兗州煤業股份 15,958,040 87,649,360 103,607,400 
10 02318 中國平安 59,635,175 31,379,950 91,015,125 
