1 01088 中國神華 243,251,045 214,728,955 457,980,000 
2 01171 兗州煤業股份 145,358,640 295,739,520 441,098,160 
3 00700 騰訊控股 89,348,400 286,524,100 375,872,500 
4 00939 建設銀行 4,191,760 281,486,875 285,678,635 
5 00902 華能國際電力股份 158,030,000 68,215,920 226,245,920 
6 00241 阿里健康 116,125,680 94,717,300 210,842,980 
7 00386 中國石油化工股份 156,909,440 26,842,660 183,752,100 
8 01398 工商銀行 68,963,510 114,616,600 183,580,110 
9 02318 中國平安 7,027,600 162,730,875 169,758,475 
10 02007 碧桂園 8,956,240 158,808,400 167,764,640 

1 00700 騰訊控股 78,796,080 222,570,200 301,366,280 
2 01055 中國南方航空股份 55,551,680 157,616,840 213,168,520 
3 00753 中國國航 94,536,040 80,756,700 175,292,740 
4 00268 金蝶國際 105,852,120 58,647,400 164,499,520 
5 02007 碧桂園 4,889,300 156,538,520 161,427,820 
6 01171 兗州煤業股份 65,524,600 83,778,040 149,302,640 
7 00902 華能國際電力股份 139,883,260 6,065,820 145,949,080 
8 01548 金斯瑞生物科技 72,198,300 69,107,500 141,305,800 
9 01317 楓葉教育 51,721,720 78,454,720 130,176,440 
10 00241 阿里健康 67,159,320 52,363,900 119,523,220 
