1 00700 騰訊控股 861,845,060 356,249,320 1,218,094,380 
2 00175 吉利汽車 375,114,060 231,967,990 607,082,050 
3 01398 工商銀行 305,172,260 83,544,030 388,716,290 
4 03968 招商銀行 290,093,625 74,778,725 364,872,350 
5 02318 中國平安 328,510,625 22,022,275 350,532,900 
6 01918 融創中國 176,896,350 161,544,750 338,441,100 
7 00939 建設銀行 306,428,910 19,883,940 326,312,850 
8 02601 中國太保 228,842,790 73,223,360 302,066,150 
9 01288 農業銀行 251,823,160 19,806,760 271,629,920 
10 01088 中國神華 133,983,870 110,110,280 244,094,150 

1 00700 騰訊控股 350,996,540 153,211,360 504,207,900 
2 01918 融創中國 75,803,700 98,045,750 173,849,450 
3 01336 新華保險 125,595,005 20,600,160 146,195,165 
4 02318 中國平安 125,433,550 19,911,675 145,345,225 
5 00966 中國太平 136,375,420 7,674,600 144,050,020 
6 00763 中興通訊 74,708,740 57,076,912 131,785,652 
7 01299 友邦保險 1,602,380 113,385,530 114,987,910 
8 01093 石藥集團 31,779,360 73,657,360 105,436,720 
9 00268 金蝶國際（一千） 85,921,210 18,988,730 104,909,940 
10 00175 吉利汽車 27,683,380 72,249,220 99,932,600 
