1 01918 融創中國 78,663,850 179,993,650 258,657,500 
2 00175 吉利汽車 138,627,520 92,870,400 231,497,920 
3 00700 騰訊控股 67,016,480 68,832,120 135,848,600 
4 00586 海螺創業 69,161,875 59,099,650 128,261,525 
5 02382 舜宇光學科技 52,747,110 68,066,390 120,813,500 
6 01093 石藥集團 34,671,000 80,135,800 114,806,800 
7 03968 招商銀行 6,054,775 104,846,550 110,901,325 
8 01299 友邦保險 37,936,390 72,361,310 110,297,700 
9 02601 中國太保 28,133,970 69,713,130 97,847,100 
10 01336 新華保險 63,262,645 32,709,485 95,972,130 

1 01918 融創中國 165,037,750 84,400,250 249,438,000 
2 00700 騰訊控股 90,625,960 54,059,160 144,685,120 
3 00763 中興通訊 100,294,356 37,036,128 137,330,484 
4 01398 工商銀行 9,487,450 121,703,340 131,190,790 
5 02319 蒙牛乳業 4,161,750 122,826,550 126,988,300 
6 00998 中信銀行 92,820,380 9,712,540 102,532,920 
7 06169 宇華教育 24,622,080 73,621,840 98,243,920 
8 01211 比亞迪股份 50,459,000 30,636,750 81,095,750 
9 00966 中國太平 7,040,240 64,667,072 71,707,312 
10 02196 復星醫藥 34,443,300 27,462,250 61,905,550 
