1 00700 騰訊控股 527,657,560 281,521,460 809,179,020 
2 00607 豐盛控股 367,776,425 290,331,850 658,108,275 
3 01398 工商銀行 529,846,260 89,670,950 619,517,210 
4 00175 吉利汽車 151,009,180 313,485,730 464,494,910 
5 01918 融創中國 162,192,300 254,723,000 416,915,300 
6 03968 招商銀行 132,174,625 112,219,450 244,394,075 
7 00836 華潤電力 4,779,080 211,932,440 216,711,520 
8 02319 蒙牛乳業 44,850,750 163,979,100 208,829,850 
9 00939 建設銀行 51,836,040 149,725,900 201,561,940 
10 02238 廣汽集團 124,830,060 57,398,220 182,228,280 

1 00700 騰訊控股 393,399,920 102,985,540 496,385,460 
2 01177 中國生物製藥 207,662,980 8,082,140 215,745,120 
3 00939 建設銀行 177,085,330 17,934,370 195,019,700 
4 01918 融創中國 92,935,050 96,089,450 189,024,500 
5 01093 石藥集團 167,608,500 12,736,600 180,345,100 
6 00607 豐盛控股 121,299,175 37,425,775 158,724,950 
7 01055 中國南方航空股份 65,982,740 57,788,520 123,771,260 
8 00839 中教控股 24,236,600 87,122,940 111,359,540 
9 00268 金蝶國際 74,867,620 35,900,820 110,768,440 
10 00388 香港交易所 94,488,120 11,469,888 105,958,008 
