1 00700 騰訊控股 145,618,200 65,963,392 211,581,592 
2 01398 工商銀行 185,235,010 14,218,090 199,453,100 
3 00005 匯豐控股 190,301,700 2,247,060 192,548,760 
4 01918 融創中國 88,360,350 84,927,950 173,288,300 
5 03968 招商銀行 129,346,275 5,199,475 134,545,750 
6 02186 綠葉製藥 111,165,905 9,040,495 120,206,400 
7 03988 中國銀行 4,769,750 112,913,570 117,683,320 
8 01336 新華保險 33,589,620 72,324,495 105,914,115 
9 01347 華虹半導體 7,408,560 96,887,470 104,296,030 
10 00966 中國太平 61,146,320 40,311,740 101,458,060 

1 00700 騰訊控股 68,289,460 39,322,800 107,612,260 
2 01918 融創中國 51,997,250 38,585,200 90,582,450 
3 00763 中興通訊 52,052,736 37,175,152 89,227,888 
4 00658 中國高速傳動 10,381,870 70,305,670 80,687,540 
5 02186 綠葉製藥 47,203,495 13,659,135 60,862,630 
6 02318 中國平安 55,634,625 3,280,275 58,914,900 
7 01317 楓葉教育 9,838,420 46,568,880 56,407,300 
8 00268 金蝶國際 43,798,780 9,166,680 52,965,460 
9 00853 微創醫療 17,299,830 31,279,470 48,579,300 
10 00762 中國聯通 18,504,440 26,000,800 44,505,240 
