1 00291 華潤啤酒 173,586,500 180,641,510 354,228,010 
2 00700 騰訊控股 38,868,560 312,123,500 350,992,060 
3 01093 石藥集團 91,582,900 146,983,200 238,566,100 
4 01918 融創中國 60,671,250 116,408,900 177,080,150 
5 00902 華能國際電力股份 36,053,720 114,962,680 151,016,400 
6 03328 交通銀行 448,170 144,864,440 145,312,610 
7 00981 中芯國際 81,012,275 53,489,695 134,501,970 
8 01359 中國信達 22,001,140 108,913,720 130,914,860 
9 03333 中國恒大 57,490,860 65,964,650 123,455,510 
10 00027 銀河娛樂 662,850 118,599,600 119,262,450 

1 00700 騰訊控股 25,125,480 282,357,041 307,482,521 
2 02382 舜宇光學科技 4,291,410 294,295,440 298,586,850 
3 00386 中國石油化工股份 2,331,580 114,942,880 117,274,460 
4 01548 金斯瑞生物科技 41,318,880 67,665,920 108,984,800 
5 00268 金蝶國際 39,122,240 67,219,160 106,341,400 
6 02208 金風科技 35,694,846 69,562,272 105,257,118 
7 00763 中興通訊 16,822,736 80,272,844 97,095,580 
8 00966 中國太平 1,176,710 92,649,460 93,826,170 
9 00291 華潤啤酒 19,200,400 70,996,500 90,196,900 
10 01918 融創中國 47,436,900 39,539,200 86,976,100 
