1 00700 騰訊控股 670,692,640 1,081,133,460 1,751,826,100 
2 01398 工商銀行 463,476,990 9,799,370 473,276,360 
3 01918 融創中國 171,901,800 204,263,750 376,165,550 
4 01177 中國生物製藥 220,605,130 112,386,692 332,991,822 
5 01093 石藥集團 74,263,480 133,087,077 207,350,557 
6 02007 碧桂園 71,943,720 88,946,800 160,890,520 
7 02628 中國人壽 425,540 144,131,960 144,557,500 
8 02318 中國平安 56,914,750 55,431,250 112,346,000 
9 00291 華潤啤酒 40,597,700 59,773,900 100,371,600 
10 03333 中國恒大 36,580,500 46,163,850 82,744,350 

1 00268 金蝶國際 99,856,340 97,342,040 197,198,380 
2 01317 楓葉教育 52,121,840 144,426,740 196,548,580 
3 01177 中國生物製藥 76,133,930 105,993,630 182,127,560 
4 00700 騰訊控股 107,683,340 69,765,500 177,448,840 
5 01548 金斯瑞生物科技 76,360,600 57,059,160 133,419,760 
6 00763 中興通訊 45,125,688 59,802,372 104,928,060 
7 01093 石藥集團 38,166,160 54,597,320 92,763,480 
8 01918 融創中國 35,100,500 57,322,000 92,422,500 
9 02382 舜宇光學科技 8,718,595 79,351,625 88,070,220 
10 01530 三生製藥 19,409,490 58,684,420 78,093,910 
