1 00700 騰訊控股 150,057,860 382,473,200 532,531,060 
2 01918 融創中國 328,623,300 124,978,350 453,601,650 
3 02018 瑞聲科技 15,922,700 263,351,900 279,274,600 
4 00175 吉利汽車 94,267,500 160,500,190 254,767,690 
5 01093 石藥集團 135,133,000 94,154,700 229,287,700 
6 00981 中芯國際 105,450,290 101,613,560 207,063,850 
7 03988 中國銀行 193,491,190 11,286,580 204,777,770 
8 01055 中國南方航空股份 58,206,220 128,929,200 187,135,420 
9 02319 蒙牛乳業 1,570,150 176,228,100 177,798,250 
10 02318 中國平安 5,395,000 151,804,450 157,199,450 

1 01918 融創中國 225,418,050 151,988,200 377,406,250 
2 02007 碧桂園 23,642,160 194,040,080 217,682,240 
3 00700 騰訊控股 97,783,480 99,465,640 197,249,120 
4 00175 吉利汽車 97,346,940 73,412,100 170,759,040 
5 00981 中芯國際 53,759,800 116,276,620 170,036,420 
6 03883 中國奧園 40,129,600 53,019,580 93,149,180 
7 01030 新城發展控股 22,675,620 66,739,080 89,414,700 
8 01055 中國南方航空股份 46,507,180 42,291,280 88,798,460 
9 02018 瑞聲科技 11,843,850 73,540,350 85,384,200 
10 01548 金斯瑞生物科技 41,807,600 38,502,200 80,309,800 
