1 00700 騰訊控股 538,687,820 157,948,600 696,636,420 
2 01398 工商銀行 405,647,960 35,477,330 441,125,290 
3 00005 匯豐控股 323,194,860 64,243,600 387,438,460 
4 02318 中國平安 138,788,200 107,939,000 246,727,200 
5 00939 建設銀行 148,474,760 10,035,740 158,510,500 
6 01088 中國神華 83,295,680 62,978,270 146,273,950 
7 01288 農業銀行 111,056,210 31,821,480 142,877,690 
8 02186 綠葉製藥 92,199,455 37,861,500 130,060,955 
9 00175 吉利汽車 35,513,080 78,425,280 113,938,360 
10 00607 豐盛控股 6,964,625 85,026,875 91,991,500 

1 00700 騰訊控股 142,255,280 77,938,920 220,194,200 
2 00027 銀河娛樂 1,426,800 158,505,300 159,932,100 
3 00607 豐盛控股 96,114,025 298,125 96,412,150 
4 00268 金蝶國際 55,328,740 39,244,700 94,573,440 
5 00763 中興通訊 37,844,536 36,091,420 73,935,956 
6 01918 融創中國 50,388,400 19,683,750 70,072,150 
7 03333 中國恒大 45,406,000 23,988,250 69,394,250 
8 00880 澳博控股 6,444,560 57,600,920 64,045,480 
9 02318 中國平安 47,812,050 2,366,900 50,178,950 
10 01928 金沙中國有限公司 4,236,200 40,634,800 44,871,000 
