1 00700 騰訊控股 317,131,260 323,970,820 641,102,080 
2 01398 工商銀行 506,530,010 49,101,980 555,631,990 
3 00005 匯豐控股 288,025,840 8,713,720 296,739,560 
4 01288 農業銀行 101,090,250 50,965,504 152,055,754 
5 02318 中國平安 20,775,850 128,332,450 149,108,300 
6 00175 吉利汽車 92,233,200 56,764,580 148,997,780 
7 00607 豐盛控股 26,553,425 119,932,375 146,485,800 
8 01918 融創中國 82,352,200 43,069,450 125,421,650 
9 01093 石藥集團 12,509,960 103,600,120 116,110,080 
10 01299 友邦保險 96,390,320 15,762,480 112,152,800 

1 00700 騰訊控股 224,339,480 123,616,780 347,956,260 
2 00607 豐盛控股 178,969,050 3,524,450 182,493,500 
3 00268 金蝶國際 92,884,460 34,310,500 127,194,960 
4 00966 中國太平 7,895,400 108,672,610 116,568,010 
5 00368 中外運航運 44,407,315 49,114,245 93,521,560 
6 01918 融創中國 37,974,450 51,028,000 89,002,450 
7 02343 太平洋航運 32,590,870 39,045,580 71,636,450 
8 00354 中國軟件國際 21,233,000 35,733,260 56,966,260 
9 00763 中興通訊 31,161,708 23,597,172 54,758,880 
10 01317 楓葉教育 19,717,620 31,702,600 51,420,220 
