1 00700 騰訊控股 4,062,472,120 2,072,160,901 6,134,633,021 
2 02318 中國平安 649,618,650 1,164,865,075 1,814,483,725 
3 00939 建設銀行 83,872,260 660,105,660 743,977,920 
4 02018 瑞聲科技 122,707,800 310,191,000 432,898,800 
5 01398 工商銀行 6,934,460 413,317,875 420,252,335 
6 01918 融創中國 180,712,400 239,022,050 419,734,450 
7 00175 吉利汽車 236,373,350 181,467,400 417,840,750 
8 02601 中國太保 107,493,360 286,528,090 394,021,450 
9 03988 中國銀行 58,404,050 307,790,730 366,194,780 
10 03968 招商銀行 47,538,375 303,976,275 351,514,650 

1 00700 騰訊控股 1,621,038,940 586,974,160 2,208,013,100 
2 01548 金斯瑞生物科技 139,994,200 197,104,100 337,098,300 
3 00763 中興通訊 43,510,470 268,407,080 311,917,550 
4 00268 金蝶國際 154,002,680 156,318,660 310,321,340 
5 02007 碧桂園 45,380,800 199,676,940 245,057,740 
6 02208 金風科技 117,711,660 121,833,620 239,545,280 
7 00388 香港交易所 107,895,280 109,515,860 217,411,140 
8 01918 融創中國 150,974,050 64,085,350 215,059,400 
9 02318 中國平安 112,791,500 95,653,600 208,445,100 
10 01055 中國南方航空股份 53,548,040 119,985,260 173,533,300 
