1 00700 騰訊控股 443,418,860 711,515,960 1,154,934,820 
2 01918 融創中國 297,863,500 174,247,600 472,111,100 
3 02318 中國平安 12,176,375 379,708,450 391,884,825 
4 00005 匯豐控股 380,098,060 2,839,720 382,937,780 
5 00939 建設銀行 198,214,050 173,036,220 371,250,270 
6 03968 招商銀行 98,124,650 179,552,525 277,677,175 
7 00966 中國太平 55,247,860 193,145,710 248,393,570 
8 00175 吉利汽車 161,622,320 29,136,540 190,758,860 
9 01336 新華保險 83,609,485 89,434,960 173,044,445 
10 01398 工商銀行 148,975,880 4,934,000 153,909,880 

1 00700 騰訊控股 225,534,520 108,410,760 333,945,280 
2 00857 中國石油股份 180,212,580 49,432,980 229,645,560 
3 01918 融創中國 121,628,400 66,055,700 187,684,100 
4 00268 金蝶國際 99,207,140 37,937,760 137,144,900 
5 00607 豐盛控股 59,244,650 59,745,400 118,990,050 
6 00658 中國高速傳動 87,634,940 29,064,040 116,698,980 
7 01088 中國神華 61,307,230 47,816,610 109,123,840 
8 01288 農業銀行 92,770,730 25,620 92,796,350 
9 00763 中興通訊 59,510,852 26,166,720 85,677,572 
10 03333 中國恒大 36,727,350 45,742,250 82,469,600 
