1 00700 騰訊控股 170,414,060 1,342,465,920 1,512,879,980 
2 00939 建設銀行 1,158,070 451,484,010 452,642,080 
3 00291 華潤啤酒 48,868,200 153,244,540 202,112,740 
4 02018 瑞聲科技 55,636,450 145,422,050 201,058,500 
5 02007 碧桂園 104,372,620 96,582,400 200,955,020 
6 01088 中國神華 78,599,200 120,447,575 199,046,775 
7 00175 吉利汽車 61,061,550 97,791,650 158,853,200 
8 01398 工商銀行 117,226,430 32,963,770 150,190,200 
9 02196 復星醫藥 124,128,375 22,789,250 146,917,625 
10 01171 兗州煤業股份 36,203,560 109,324,920 145,528,480 

1 00700 騰訊控股 101,928,220 543,575,380 645,503,600 
2 01548 金斯瑞生物科技 86,000,400 60,054,700 146,055,100 
3 03301 融信中國 39,751,720 98,353,050 138,104,770 
4 00268 金蝶國際 25,447,160 73,625,260 99,072,420 
5 01918 融創中國 33,560,000 63,517,900 97,077,900 
6 02007 碧桂園 41,416,800 44,764,320 86,181,120 
7 03968 招商銀行 18,760,750 57,254,825 76,015,575 
8 06169 宇華教育 28,859,900 44,772,560 73,632,460 
9 02869 綠城服務 15,445,280 50,892,760 66,338,040 
10 02208 金風科技 20,375,920 45,276,392 65,652,312 
