1 00700 騰訊控股 527,147,140 198,132,040 725,279,180 
2 00005 匯豐控股 448,823,380 9,023,460 457,846,840 
3 00175 吉利汽車 232,510,420 116,910,400 349,420,820 
4 00857 中國石油股份 48,492,540 122,082,980 170,575,520 
5 00939 建設銀行 147,687,930 12,921,830 160,609,760 
6 01918 融創中國 97,385,750 59,381,850 156,767,600 
7 02318 中國平安 15,926,050 121,867,225 137,793,275 
8 01088 中國神華 111,417,720 21,252,280 132,670,000 
9 03968 招商銀行 89,854,775 42,447,375 132,302,150 
10 00966 中國太平 4,628,640 123,583,130 128,211,770 

1 00857 中國石油股份 234,387,940 1,553,360 235,941,300 
2 00268 金蝶國際 111,258,060 84,621,780 195,879,840 
3 00700 騰訊控股 120,966,200 36,595,060 157,561,260 
4 01918 融創中國 63,167,300 57,321,350 120,488,650 
5 00135 昆侖能源 45,020,440 24,401,060 69,421,500 
6 00386 中國石油化工股份 5,608,060 58,305,300 63,913,360 
7 02238 廣汽集團 60,903,180 1,620,004 62,523,184 
8 03323 中國建材 5,516,340 56,963,160 62,479,500 
9 01558 東陽光藥 56,865,490 3,975,050 60,840,540 
10 01093 石藥集團 31,159,640 21,976,800 53,136,440 
