1 00700 騰訊控股 425,911,460 314,255,560 740,167,020 
2 02318 中國平安 511,347,225 169,311,775 680,659,000 
3 01398 工商銀行 76,988,900 509,184,940 586,173,840 
4 00388 香港交易所 47,113,540 433,394,640 480,508,180 
5 00939 建設銀行 251,400,470 120,362,740 371,763,210 
6 02899 紫金礦業 196,082,120 93,189,920 289,272,040 
7 01093 石藥集團 100,262,400 158,005,600 258,268,000 
8 00902 華能國際電力股份 98,223,860 137,053,100 235,276,960 
9 01918 融創中國 121,422,350 103,120,750 224,543,100 
10 03968 招商銀行 95,004,200 123,709,375 218,713,575 

1 01548 金斯瑞生物科技 401,360,600 349,801,200 751,161,800 
2 00700 騰訊控股 324,959,020 145,936,800 470,895,820 
3 03968 招商銀行 217,962,450 67,621,350 285,583,800 
4 02318 中國平安 223,033,150 21,745,125 244,778,275 
5 00939 建設銀行 170,897,850 17,669,290 188,567,140 
6 00902 華能國際電力股份 178,439,560 10,119,800 188,559,360 
7 00388 香港交易所 166,286,240 5,614,040 171,900,280 
8 01093 石藥集團 115,359,000 12,945,320 128,304,320 
9 02238 廣汽集團 111,916,040 2,368,120 114,284,160 
10 01918 融創中國 56,259,650 52,732,150 108,991,800 
