1 00700 騰訊控股 527,886,560 732,572,400 1,260,458,960 
2 01918 融創中國 138,282,350 407,111,031 545,393,381 
3 00939 建設銀行 59,004,970 417,913,616 476,918,586 
4 02018 瑞聲科技 329,744,700 50,690,250 380,434,950 
5 01288 農業銀行 36,360,580 303,291,513 339,652,093 
6 03988 中國銀行 190,979,790 115,324,838 306,304,628 
7 02318 中國平安 189,424,825 107,840,225 297,265,050 
8 02601 中國太保 149,922,650 102,560,560 252,483,210 
9 02319 蒙牛乳業 221,673,050 20,365,750 242,038,800 
10 01336 新華保險 150,340,870 75,307,945 225,648,815 

1 00700 騰訊控股 504,207,560 100,317,140 604,524,700 
2 01918 融創中國 213,621,550 217,200,950 430,822,500 
3 01299 友邦保險 282,467,130 27,480 282,494,610 
4 00939 建設銀行 208,078,650 30,060,700 238,139,350 
5 03333 中國恒大 116,124,900 100,496,000 216,620,900 
6 02007 碧桂園 173,616,380 38,217,620 211,834,000 
7 02382 舜宇光學科技 178,480,420 25,086,680 203,567,100 
8 00268 金蝶國際 122,264,680 58,297,200 180,561,880 
9 00175 吉利汽車 139,081,100 33,272,650 172,353,750 
10 00386 中國石油化工股份 127,681,200 1,146,260 128,827,460 
