1 00005 匯豐控股 1,584,733,680 7,804,640 1,592,538,320 
2 00700 騰訊控股 768,451,980 587,766,440 1,356,218,420 
3 00939 建設銀行 230,892,130 585,873,438 816,765,568 
4 01398 工商銀行 248,352,220 523,164,940 771,517,160 
5 02318 中國平安 307,019,125 253,353,701 560,372,826 
6 00388 香港交易所 118,131,960 340,273,320 458,405,280 
7 02601 中國太保 156,163,280 276,621,740 432,785,020 
8 02899 紫金礦業 126,858,400 305,434,980 432,293,380 
9 01171 兗州煤業股份 131,841,240 294,969,800 426,811,040 
10 03968 招商銀行 134,349,050 261,693,893 396,042,943 

1 00700 騰訊控股 405,792,820 217,318,520 623,111,340 
2 00763 中興通訊 183,790,210 57,314,310 241,104,520 
3 01171 兗州煤業股份 88,208,680 145,217,400 233,426,080 
4 01398 工商銀行 66,669,410 143,466,260 210,135,670 
5 01030 新城發展控股 51,830,580 154,691,640 206,522,220 
6 00998 中信銀行 45,989,290 144,114,460 190,103,750 
7 01918 融創中國 112,519,950 56,069,900 168,589,850 
8 00939 建設銀行 29,136,770 130,885,620 160,022,390 
9 02318 中國平安 95,743,250 63,737,875 159,481,125 
10 02208 金風科技 76,435,952 40,616,768 117,052,720 
