1 00700 騰訊控股 86,962,020 448,582,660 535,544,680 
2 00175 吉利汽車 30,037,240 245,974,510 276,011,750 
3 02333 長城汽車 35,904,235 219,885,160 255,789,395 
4 00902 華能國際電力股份 194,669,560 17,667,476 212,337,036 
5 03988 中國銀行 88,165,710 54,582,290 142,748,000 
6 01336 新華保險 35,313,205 107,010,780 142,323,985 
7 00291 華潤啤酒 109,119,300 18,593,400 127,712,700 
8 01918 融創中國 63,261,650 44,520,900 107,782,550 
9 00939 建設銀行 77,879,580 20,726,010 98,605,590 
10 01398 工商銀行 66,581,060 29,759,510 96,340,570 

1 00763 中興通訊 104,547,316 110,286,980 214,834,296 
2 00902 華能國際電力股份 206,851,200 6,913,340 213,764,540 
3 01398 工商銀行 109,660 118,127,060 118,236,720 
4 00388 香港交易所 210,360 117,552,380 117,762,740 
5 00939 建設銀行 1,908,080 114,920,410 116,828,490 
6 01530 三生製藥 54,636,920 49,166,860 103,803,780 
7 01336 新華保險 50,338,875 53,460,175 103,799,050 
8 00700 騰訊控股 40,842,960 61,553,810 102,396,770 
9 03968 招商銀行 2,707,100 98,626,925 101,334,025 
10 02869 綠城服務 46,496,420 31,044,140 77,540,560 
