1 00700 騰訊控股 196,701,920 78,561,740 275,263,660 
2 00586 海螺創業 122,974,275 123,347,800 246,322,075 
3 02382 舜宇光學科技 72,641,250 124,223,240 196,864,490 
4 01398 工商銀行 98,302,890 56,946,690 155,249,580 
5 00981 中芯國際 102,281,215 25,180,870 127,462,085 
6 01958 北京汽車 109,187,100 8,064,665 117,251,765 
7 00688 中國海外發展 107,700 115,514,800 115,622,500 
8 02238 廣汽集團 70,550,000 40,712,860 111,262,860 
9 00175 吉利汽車 26,096,140 63,286,480 89,382,620 
10 00939 建設銀行 8,180,990 74,978,250 83,159,240 

1 00700 騰訊控股 133,509,300 243,325,880 376,835,180 
2 03968 招商銀行 738,175 94,738,220 95,476,395 
3 00763 中興通訊 63,663,816 29,925,656 93,589,472 
4 02202 萬科企業 41,595,785 43,488,160 85,083,945 
5 06169 宇華教育 47,288,620 33,342,500 80,631,120 
6 01211 比亞迪股份 63,743,825 16,209,475 79,953,300 
7 01093 石藥集團 52,258,720 22,709,240 74,967,960 
8 01398 工商銀行 34,070 60,820,370 60,854,440 
9 00268 金蝶國際 17,019,060 41,053,940 58,073,000 
10 00002 中電控股 56,872,425 0 56,872,425 
