1 02269 藥明生物 69,791,850 222,081,150 291,873,000 
2 00700 騰訊控股 73,503,260 159,849,200 233,352,460 
3 00586 海螺創業 97,763,525 99,263,675 197,027,200 
4 01093 石藥集團 41,058,640 103,815,040 144,873,680 
5 01177 中國生物製藥 42,278,710 95,245,645 137,524,355 
6 03968 招商銀行 104,012,525 29,537,100 133,549,625 
7 01398 工商銀行 114,477,100 2,586,010 117,063,110 
8 02196 復星醫藥 76,219,825 30,735,625 106,955,450 
9 01918 融創中國 53,480,600 49,571,950 103,052,550 
10 02238 廣汽集團 47,145,720 50,841,000 97,986,720 

1 00763 中興通訊 81,582,828 88,336,228 169,919,056 
2 00700 騰訊控股 58,204,560 39,209,540 97,414,100 
3 01177 中國生物製藥 43,313,990 45,563,510 88,877,500 
4 00354 中國軟件國際 46,963,700 34,480,480 81,444,180 
5 02269 藥明生物 58,986,550 20,698,575 79,685,125 
6 01088 中國神華 62,590,090 882,760 63,472,850 
7 01918 融創中國 34,910,900 28,139,150 63,050,050 
8 00966 中國太平 2,565,160 58,728,600 61,293,760 
9 01558 東陽光藥 52,383,250 5,848,780 58,232,030 
10 01211 比亞迪股份 24,794,100 23,020,250 47,814,350 
