1 00700 騰訊控股 282,072,700 304,056,661 586,129,361 
2 01398 工商銀行 400,811,410 12,908,610 413,720,020 
3 00939 建設銀行 322,608,130 11,042,340 333,650,470 
4 01918 融創中國 96,053,800 132,404,650 228,458,450 
5 01288 農業銀行 219,044,920 2,964,980 222,009,900 
6 02799 中國華融 127,468,300 51,802,690 179,270,990 
7 03988 中國銀行 16,817,260 154,573,880 171,391,140 
8 00966 中國太平 68,388,320 93,613,860 162,002,180 
9 00902 華能國際電力股份 54,458,400 104,098,720 158,557,120 
10 03808 中國重汽 77,817,830 60,849,210 138,667,040 

1 00700 騰訊控股 133,046,780 173,378,360 306,425,140 
2 00763 中興通訊 78,715,672 102,228,728 180,944,400 
3 01918 融創中國 87,148,900 28,245,600 115,394,500 
4 01088 中國神華 72,957,510 7,811,380 80,768,890 
5 01548 金斯瑞生物科技 33,057,440 44,987,680 78,045,120 
6 02196 復星醫藥 54,657,625 20,869,725 75,527,350 
7 02799 中國華融 28,461,350 34,277,550 62,738,900 
8 01398 工商銀行 8,159,300 54,234,740 62,394,040 
9 03333 中國恒大 24,096,850 29,455,500 53,552,350 
10 00853 微創醫療 33,252,330 19,761,011 53,013,341 
