1 00700 騰訊控股 438,313,980 443,903,580 882,217,560 
2 00939 建設銀行 98,364,460 501,196,480 599,560,940 
3 00998 中信銀行 459,599,510 137,967,731 597,567,241 
4 00005 匯豐控股 325,630,560 16,812,625 342,443,185 
5 02601 中國太保 139,841,490 202,449,010 342,290,500 
6 01918 融創中國 201,581,000 137,633,400 339,214,400 
7 03323 中國建材 119,804,400 124,276,860 244,081,260 
8 01336 新華保險 82,900,355 152,670,405 235,570,760 
9 01357 美圖公司 149,086,560 81,647,630 230,734,190 
10 02318 中國平安 156,816,825 66,571,700 223,388,525 

1 00700 騰訊控股 267,982,800 228,178,480 496,161,280 
2 01548 金斯瑞生物科技 177,683,200 180,079,500 357,762,700 
3 01357 美圖公司 137,388,790 94,706,960 232,095,750 
4 01918 融創中國 115,418,800 79,336,000 194,754,800 
5 00763 中興通訊 61,604,660 99,817,320 161,421,980 
6 03323 中國建材 37,548,340 64,278,240 101,826,580 
7 02318 中國平安 24,819,050 74,808,875 99,627,925 
8 01030 新城發展控股 16,473,760 74,134,120 90,607,880 
9 01171 兗州煤業股份 51,520,440 29,824,880 81,345,320 
10 03993 洛陽鉬業 61,588,980 13,303,200 74,892,180 
