1 00700 騰訊控股 150,541,500 295,728,680 446,270,180 
2 01918 融創中國 80,027,050 143,460,400 223,487,450 
3 02318 中國平安 22,817,850 182,377,750 205,195,600 
4 01093 石藥集團 64,700,400 126,402,900 191,103,300 
5 00939 建設銀行 29,064,410 125,654,281 154,718,691 
6 00388 香港交易所 27,627,040 107,403,580 135,030,620 
7 00981 中芯國際 83,333,695 32,751,330 116,085,025 
8 01288 農業銀行 10,020,200 103,303,106 113,323,306 
9 01299 友邦保險 100,213,980 12,367,790 112,581,770 
10 01088 中國神華 3,908,670 101,445,510 105,354,180 

1 00700 騰訊控股 92,794,580 70,836,940 163,631,520 
2 02208 金風科技 60,302,244 77,452,660 137,754,904 
3 01918 融創中國 44,148,050 93,276,000 137,424,050 
4 02007 碧桂園 46,843,720 79,979,560 126,823,280 
5 02318 中國平安 6,019,725 95,957,325 101,977,050 
6 01548 金斯瑞生物科技 44,496,600 52,046,800 96,543,400 
7 00268 金蝶國際 41,698,940 45,346,580 87,045,520 
8 01093 石藥集團 61,058,000 25,433,800 86,491,800 
9 02186 綠葉製藥 39,117,865 26,662,205 65,780,070 
10 00839 中教控股 49,680,160 7,586,560 57,266,720 
