1 01398 工商銀行 760,584,520 8,346,790 768,931,310 
2 00700 騰訊控股 157,386,680 326,535,080 483,921,760 
3 00005 匯豐控股 327,269,980 1,140,900 328,410,880 
4 01066 威高股份 88,291,880 122,082,440 210,374,320 
5 01918 融創中國 122,763,300 78,571,500 201,334,800 
6 01288 農業銀行 188,457,290 3,155,570 191,612,860 
7 00607 豐盛控股 22,961,250 106,017,675 128,978,925 
8 01359 中國信達 99,228,300 3,713,720 102,942,020 
9 02601 中國太保 5,265,740 90,546,900 95,812,640 
10 02318 中國平安 11,224,700 82,188,700 93,413,400 

1 00658 中國高速傳動 60,976,730 68,629,940 129,606,670 
2 01918 融創中國 56,106,900 65,342,450 121,449,350 
3 00700 騰訊控股 51,858,080 59,395,480 111,253,560 
4 00607 豐盛控股 104,917,800 793,750 105,711,550 
5 00763 中興通訊 62,972,088 35,433,504 98,405,592 
6 02009 金隅集團 1,469,550 53,192,750 54,662,300 
7 03333 中國恒大 25,598,350 26,800,100 52,398,450 
8 00966 中國太平 37,663,160 10,634,520 48,297,680 
9 02269 藥明生物 35,956,575 11,156,925 47,113,500 
10 01093 石藥集團 22,720,040 22,303,680 45,023,720 
