1 00700 騰訊控股 205,006,820 555,734,200 760,741,020 
2 01918 融創中國 114,213,850 205,486,900 319,700,750 
3 02318 中國平安 100,303,925 126,742,525 227,046,450 
4 00175 吉利汽車 170,974,700 51,372,200 222,346,900 
5 00939 建設銀行 129,751,650 85,176,090 214,927,740 
6 01093 石藥集團 114,502,900 95,881,800 210,384,700 
7 02328 中國財險 123,833,680 62,348,840 186,182,520 
8 02319 蒙牛乳業 39,920,300 110,482,650 150,402,950 
9 01088 中國神華 64,046,675 85,403,425 149,450,100 
10 02380 中國電力 121,850,450 22,675,492 144,525,942 

1 00700 騰訊控股 171,112,620 184,609,280 355,721,900 
2 02208 金風科技 126,648,008 213,455,496 340,103,504 
3 01548 金斯瑞生物科技 53,616,700 115,965,600 169,582,300 
4 01918 融創中國 107,945,000 57,096,900 165,041,900 
5 03323 中國建材 120,234,380 36,878,380 157,112,760 
6 01317 楓葉教育 73,919,040 60,591,460 134,510,500 
7 00968 信義光能 13,829,060 117,284,460 131,113,520 
8 00268 金蝶國際 47,899,660 55,112,620 103,012,280 
9 00981 中芯國際 68,976,650 32,436,640 101,413,290 
10 02601 中國太保 13,441,500 81,015,570 94,457,070 
