1 00005 匯豐控股 447,698,220 34,709,520 482,407,740 
2 01398 工商銀行 210,633,070 154,106,610 364,739,680 
3 00700 騰訊控股 154,275,700 97,595,240 251,870,940 
4 01918 融創中國 97,315,350 145,289,300 242,604,650 
5 01177 中國生物製藥 88,776,810 149,539,726 238,316,536 
6 01093 石藥集團 100,816,000 114,648,921 215,464,921 
7 00175 吉利汽車 66,993,080 97,888,480 164,881,560 
8 03968 招商銀行 123,974,500 37,263,800 161,238,300 
9 02318 中國平安 61,723,600 87,025,025 148,748,625 
10 00291 華潤啤酒 119,280,800 17,852,000 137,132,800 

1 01177 中國生物製藥 73,590,710 161,036,980 234,627,690 
2 01093 石藥集團 59,159,160 93,536,020 152,695,180 
3 00700 騰訊控股 69,264,400 33,691,140 102,955,540 
4 02343 太平洋航運 35,242,100 38,114,800 73,356,900 
5 00368 中外運航運 26,652,580 39,680,265 66,332,845 
6 00939 建設銀行 24,514,240 36,487,970 61,002,210 
7 03993 洛陽鉬業 2,336,250 56,957,930 59,294,180 
8 02196 復星醫藥 21,347,225 34,861,675 56,208,900 
9 00027 銀河娛樂 4,134,200 51,223,300 55,357,500 
10 01548 金斯瑞生物科技 32,456,520 19,419,480 51,876,000 
