1 00700 騰訊控股 411,028,000 520,392,120 931,420,120 
2 02318 中國平安 40,714,925 607,977,690 648,692,615 
3 01918 融創中國 156,370,700 173,893,150 330,263,850 
4 00981 中芯國際 154,033,935 139,290,575 293,324,510 
5 03968 招商銀行 111,319,450 148,053,250 259,372,700 
6 00939 建設銀行 30,057,870 214,454,360 244,512,230 
7 02007 碧桂園 52,561,880 148,970,780 201,532,660 
8 02601 中國太保 150,893,110 43,175,980 194,069,090 
9 01288 農業銀行 35,224,540 143,271,068 178,495,608 
10 02382 舜宇光學科技 20,306,940 141,936,910 162,243,850 

1 00700 騰訊控股 326,096,200 206,709,680 532,805,880 
2 00268 金蝶國際 93,278,920 113,557,680 206,836,600 
3 01918 融創中國 111,832,000 61,419,250 173,251,250 
4 03333 中國恒大 11,324,550 97,310,250 108,634,800 
5 01336 新華保險 12,356,630 88,598,695 100,955,325 
6 02318 中國平安 29,355,000 69,673,125 99,028,125 
7 01548 金斯瑞生物科技 25,571,900 71,572,900 97,144,800 
8 00354 中國軟件國際 26,789,000 46,450,440 73,239,440 
9 03883 中國奧園 20,409,080 50,258,140 70,667,220 
10 01211 比亞迪股份 51,354,875 14,162,025 65,516,900 
