1 02196 復星醫藥 436,204,300 26,521,050 462,725,350 
2 01918 融創中國 170,399,600 82,665,150 253,064,750 
3 01093 石藥集團 133,759,400 118,428,366 252,187,766 
4 01398 工商銀行 235,024,780 16,210,490 251,235,270 
5 00700 騰訊控股 117,465,680 102,312,720 219,778,400 
6 00902 華能國際電力股份 72,347,960 93,554,075 165,902,035 
7 00175 吉利汽車 40,835,920 115,103,530 155,939,450 
8 02333 長城汽車 36,827,695 102,282,395 139,110,090 
9 01336 新華保險 16,829,410 116,076,985 132,906,395 
10 02382 舜宇光學科技 82,777,350 48,840,180 131,617,530 

1 01918 融創中國 79,719,150 200,978,000 280,697,150 
2 02196 復星醫藥 218,789,000 7,353,750 226,142,750 
3 00763 中興通訊 126,415,052 80,895,536 207,310,588 
4 00175 吉利汽車 22,308,080 161,219,300 183,527,380 
5 00700 騰訊控股 32,285,860 146,746,000 179,031,860 
6 00279 民眾金融科技 65,010,300 67,752,840 132,763,140 
7 00902 華能國際電力股份 62,192,400 39,160,180 101,352,580 
8 01055 中國南方航空股份 8,995,040 73,916,400 82,911,440 
9 03323 中國建材 66,570,820 9,772,820 76,343,640 
10 00914 海螺水泥 73,095,675 21,700 73,117,375 
