1 00005 匯豐控股 474,180,420 2,913,380 477,093,800 
2 00700 騰訊控股 278,571,160 104,903,240 383,474,400 
3 01398 工商銀行 303,904,190 43,633,060 347,537,250 
4 00175 吉利汽車 70,782,720 275,233,640 346,016,360 
5 00939 建設銀行 129,609,440 133,965,040 263,574,480 
6 01288 農業銀行 172,496,410 37,732,240 210,228,650 
7 00688 中國海外發展 8,579,600 201,176,984 209,756,584 
8 01918 融創中國 86,572,900 52,194,550 138,767,450 
9 02601 中國太保 106,902,420 26,301,303 133,203,723 
10 02196 復星醫藥 47,235,475 55,991,100 103,226,575 

1 00763 中興通訊 221,814,104 106,912,292 328,726,396 
2 00700 騰訊控股 75,987,140 158,031,360 234,018,500 
3 00175 吉利汽車 71,983,560 47,399,700 119,383,260 
4 00857 中國石油股份 95,414,300 16,255,780 111,670,080 
5 01088 中國神華 71,361,760 10,666,000 82,027,760 
6 00268 金蝶國際 45,689,650 30,652,230 76,341,880 
7 03993 洛陽鉬業 32,606,460 43,626,230 76,232,690 
8 02382 舜宇光學科技 64,298,600 9,883,335 74,181,935 
9 01918 融創中國 39,997,750 27,038,500 67,036,250 
10 01772 贛鋒鋰業 46,325,656 11,438,452 57,764,108 
