1 01918 融創中國 91,656,750 153,989,750 245,646,500 
2 00700 騰訊控股 125,640,420 96,180,120 221,820,540 
3 03333 中國恒大 27,541,150 146,462,600 174,003,750 
4 02601 中國太保 35,046,580 103,523,160 138,569,740 
5 00688 中國海外發展 5,460,000 102,649,800 108,109,800 
6 01357 美圖公司 37,206,415 65,964,440 103,170,855 
7 00817 中國金茂 33,337,120 48,966,020 82,303,140 
8 02196 復星醫藥 44,684,700 33,247,450 77,932,150 
9 06030 中信証券 4,819,410 49,379,790 54,199,200 
10 01336 新華保險 24,091,615 29,467,240 53,558,855 

1 01918 融創中國 104,089,850 70,635,150 174,725,000 
2 00700 騰訊控股 78,134,000 72,286,860 150,420,860 
3 00763 中興通訊 43,607,168 61,439,908 105,047,076 
4 01357 美圖公司 54,233,750 43,541,005 97,774,755 
5 01112 Ｈ＆Ｈ國際控股 73,854,925 2,374,150 76,229,075 
6 00291 華潤啤酒 269,500 65,444,200 65,713,700 
7 03333 中國恒大 18,275,400 47,161,750 65,437,150 
8 01211 比亞迪股份 34,571,775 18,102,075 52,673,850 
9 03998 波司登 14,971,680 27,038,000 42,009,680 
10 03898 中車時代電氣 41,172,830 84,500 41,257,330 
