1 00005 匯豐控股 225,457,780 135,380 225,593,160 
2 00700 騰訊控股 154,123,900 54,405,100 208,529,000 
3 01918 融創中國 87,218,100 45,877,800 133,095,900 
4 02318 中國平安 83,653,850 20,580,575 104,234,425 
5 00175 吉利汽車 70,294,860 20,268,560 90,563,420 
6 00027 銀河娛樂 49,116,800 36,648,100 85,764,900 
7 00607 豐盛控股 43,680,550 31,892,300 75,572,850 
8 01398 工商銀行 67,898,100 4,114,870 72,012,970 
9 00001 長和 68,166,425 452,175 68,618,600 
10 01093 石藥集團 17,944,880 46,421,120 64,366,000 

1 00700 騰訊控股 22,599,240 122,381,100 144,980,340 
2 02333 長城汽車 63,727,380 3,313,835 67,041,215 
3 01918 融創中國 10,461,500 39,482,800 49,944,300 
4 01177 中國生物製藥 22,860,340 14,818,540 37,678,880 
5 01169 海爾電器 5,791,700 29,444,180 35,235,880 
6 00175 吉利汽車 24,965,700 9,143,500 34,109,200 
7 01530 三生製藥 13,526,140 18,122,860 31,649,000 
8 01055 中國南方航空股份 2,754,560 27,683,940 30,438,500 
9 01060 阿里影業 22,478,600 4,530,000 27,008,600 
10 01088 中國神華 1,638,910 24,629,080 26,267,990 
