1 00700 騰訊控股 2,025,343,780 1,175,087,760 3,200,431,540 
2 02318 中國平安 206,687,025 476,828,225 683,515,250 
3 02018 瑞聲科技 128,346,850 382,161,150 510,508,000 
4 00175 吉利汽車 240,248,600 152,797,100 393,045,700 
5 01918 融創中國 184,129,400 138,623,850 322,753,250 
6 01336 新華保險 130,853,890 186,291,178 317,145,068 
7 00388 香港交易所 18,543,960 259,093,300 277,637,260 
8 00939 建設銀行 33,572,150 168,996,610 202,568,760 
9 01398 工商銀行 1,453,320 195,336,950 196,790,270 
10 02269 藥明生物 134,107,475 19,893,950 154,001,425 

1 00700 騰訊控股 790,240,120 373,265,860 1,163,505,980 
2 02601 中國太保 217,121,620 131,901,600 349,023,220 
3 00268 金蝶國際 133,386,860 87,844,340 221,231,200 
4 03888 金山軟件 157,850,400 50,701,000 208,551,400 
5 01548 金斯瑞生物科技 88,106,400 113,659,700 201,766,100 
6 02007 碧桂園 157,794,580 30,279,320 188,073,900 
7 00939 建設銀行 123,651,980 35,248,890 158,900,870 
8 01918 融創中國 115,924,950 37,369,150 153,294,100 
9 02208 金風科技 76,832,748 62,841,344 139,674,092 
10 00388 香港交易所 108,806,500 20,596,040 129,402,540 
