1 01398 工商銀行 311,610,510 258,386,581 569,997,091 
2 00939 建設銀行 143,372,630 327,137,640 470,510,270 
3 03968 招商銀行 9,243,100 351,576,950 360,820,050 
4 01288 農業銀行 114,144,050 209,341,530 323,485,580 
5 00700 騰訊控股 210,317,320 97,140,340 307,457,660 
6 00966 中國太平 24,117,790 200,153,160 224,270,950 
7 02601 中國太保 13,282,370 170,130,040 183,412,410 
8 02382 舜宇光學科技 59,345,275 80,254,790 139,600,065 
9 01918 融創中國 51,724,250 67,479,150 119,203,400 
10 00998 中信銀行 23,618,340 77,550,850 101,169,190 

1 00700 騰訊控股 94,516,220 88,703,000 183,219,220 
2 00763 中興通訊 95,093,520 64,891,616 159,985,136 
3 00175 吉利汽車 25,363,040 95,658,680 121,021,720 
4 02238 廣汽集團 11,711,460 99,130,800 110,842,260 
5 00939 建設銀行 5,312,830 102,296,470 107,609,300 
6 06030 中信証券 3,496,690 96,683,220 100,179,910 
7 00966 中國太平 43,830,070 49,709,960 93,540,030 
8 02202 萬科企業 6,742,860 57,632,785 64,375,645 
9 02007 碧桂園 7,315,930 56,172,490 63,488,420 
10 01336 新華保險 4,122,945 58,445,985 62,568,930 
