1 00700 騰訊控股 393,250,820 369,069,474 762,320,294 
2 00386 中國石油化工股份 330,707,140 111,207,670 441,914,810 
3 00981 中芯國際 133,499,410 210,613,938 344,113,348 
4 00883 中國海洋石油 285,418,500 3,446,540 288,865,040 
5 00175 吉利汽車 221,936,450 16,141,350 238,077,800 
6 02601 中國太保 170,251,860 63,560,760 233,812,620 
7 01088 中國神華 154,456,040 56,844,445 211,300,485 
8 01171 兗州煤業股份 108,942,720 101,851,760 210,794,480 
9 00939 建設銀行 34,270,590 162,053,950 196,324,540 
10 00607 豐盛控股 79,910,200 105,960,550 185,870,750 

1 00700 騰訊控股 143,294,960 178,922,040 322,217,000 
2 00658 中國高速傳動 95,783,660 95,576,040 191,359,700 
3 02382 舜宇光學科技 72,761,840 97,891,370 170,653,210 
4 00981 中芯國際 73,964,080 91,347,270 165,311,350 
5 01317 楓葉教育 88,975,440 16,210,360 105,185,800 
6 01028 千百度 101,052,720 90,740 101,143,460 
7 00268 金蝶國際 21,730,260 64,291,900 86,022,160 
8 02318 中國平安 13,861,350 69,458,000 83,319,350 
9 02202 萬科企業 45,179,380 34,473,885 79,653,265 
10 01093 石藥集團 55,597,000 23,764,800 79,361,800 
