1 00700 騰訊控股 203,018,760 552,785,690 755,804,450 
2 00998 中信銀行 188,860,580 233,914,930 422,775,510 
3 00939 建設銀行 110,041,970 261,428,270 371,470,240 
4 02318 中國平安 159,592,975 200,860,025 360,453,000 
5 03968 招商銀行 260,053,375 71,164,475 331,217,850 
6 00175 吉利汽車 252,326,000 32,703,600 285,029,600 
7 01398 工商銀行 96,292,450 102,776,520 199,068,970 
8 01088 中國神華 72,519,975 125,584,450 198,104,425 
9 00966 中國太平 136,492,170 56,706,820 193,198,990 
10 01288 農業銀行 30,067,040 143,581,450 173,648,490 

1 00700 騰訊控股 343,168,960 152,348,988 495,517,948 
2 00268 金蝶國際 148,648,940 69,709,540 218,358,480 
3 02318 中國平安 5,364,375 212,614,150 217,978,525 
4 01548 金斯瑞生物科技 90,678,300 90,030,200 180,708,500 
5 01088 中國神華 111,420,375 22,286,975 133,707,350 
6 01317 楓葉教育 71,317,720 61,860,280 133,178,000 
7 00279 民眾金融科技 81,878,560 36,190,780 118,069,340 
8 01398 工商銀行 31,702,580 71,057,730 102,760,310 
9 01177 中國生物製藥 37,958,780 63,836,860 101,795,640 
10 00998 中信銀行 8,500,050 88,799,320 97,299,370 
