1 00700 騰訊控股 293,276,020 253,524,300 546,800,320 
2 01288 農業銀行 174,462,940 105,746,470 280,209,410 
3 02628 中國人壽 28,888,740 245,583,540 274,472,280 
4 02601 中國太保 215,156,670 20,125,420 235,282,090 
5 01398 工商銀行 158,751,870 27,780,200 186,532,070 
6 01918 融創中國 65,277,850 103,322,650 168,600,500 
7 00005 匯豐控股 149,272,800 1,140,080 150,412,880 
8 03968 招商銀行 67,822,125 77,521,450 145,343,575 
9 00688 中國海外發展 6,487,300 130,817,600 137,304,900 
10 00939 建設銀行 111,035,240 12,411,970 123,447,210 

1 00700 騰訊控股 184,504,020 83,708,120 268,212,140 
2 01918 融創中國 79,294,150 144,260,450 223,554,600 
3 00836 華潤電力 103,910,120 405,960 104,316,080 
4 00763 中興通訊 53,320,124 29,810,536 83,130,660 
5 00189 東岳集團 31,439,340 37,314,890 68,754,230 
6 01288 農業銀行 64,730,270 2,789,930 67,520,200 
7 02269 藥明生物 42,572,075 20,572,700 63,144,775 
8 02601 中國太保 4,676,680 57,083,578 61,760,258 
9 00966 中國太平 16,341,710 40,058,390 56,400,100 
10 02382 舜宇光學科技 33,157,155 20,766,435 53,923,590 
