1 03333 中國恒大 242,051,550 464,624,650 706,676,200 
2 00700 騰訊控股 129,249,420 551,999,980 681,249,400 
3 01398 工商銀行 277,846,150 23,805,280 301,651,430 
4 01918 融創中國 118,377,150 158,965,600 277,342,750 
5 01093 石藥集團 68,737,920 153,916,680 222,654,600 
6 00386 中國石油化工股份 139,624,300 37,488,260 177,112,560 
7 02328 中國財險 4,260,960 165,735,640 169,996,600 
8 00175 吉利汽車 64,850,460 103,377,120 168,227,580 
9 01766 中國中車 59,120,580 79,601,667 138,722,247 
10 00939 建設銀行 99,424,230 37,726,470 137,150,700 

1 01918 融創中國 121,081,250 73,760,150 194,841,400 
2 00700 騰訊控股 48,191,780 112,909,500 161,101,280 
3 03333 中國恒大 92,118,550 67,942,900 160,061,450 
4 00268 金蝶國際 63,068,920 68,710,640 131,779,560 
5 00175 吉利汽車 50,583,540 63,751,340 114,334,880 
6 01317 楓葉教育（新） 63,461,240 47,292,540 110,753,780 
7 00763 中興通訊 57,044,984 33,728,244 90,773,228 
8 02601 中國太保 6,439,210 66,443,170 72,882,380 
9 00354 中國軟件國際 25,365,200 38,640,120 64,005,320 
10 06169 宇華教育 26,225,520 37,352,560 63,578,080 
