1 00700 騰訊控股 622,612,380 767,026,120 1,389,638,500 
2 00939 建設銀行 6,575,110 467,221,449 473,796,559 
3 03968 招商銀行 108,555,350 220,121,650 328,677,000 
4 02318 中國平安 22,399,425 241,012,850 263,412,275 
5 01171 兗州煤業股份 120,848,340 125,285,580 246,133,920 
6 02601 中國太保 134,221,690 79,795,210 214,016,900 
7 01918 融創中國 71,457,300 135,733,100 207,190,400 
8 02007 碧桂園 17,161,960 178,791,300 195,953,260 
9 01398 工商銀行 6,873,780 187,762,447 194,636,227 
10 00981 中芯國際 107,312,910 66,575,120 173,888,030 

1 00700 騰訊控股 256,150,560 351,005,740 607,156,300 
2 02007 碧桂園 14,354,440 229,482,260 243,836,700 
3 01918 融創中國 97,078,750 112,653,900 209,732,650 
4 00268 金蝶國際 92,478,140 24,568,900 117,047,040 
5 00981 中芯國際 17,729,400 99,025,685 116,755,085 
6 03968 招商銀行 80,541,425 30,684,050 111,225,475 
7 01171 兗州煤業股份 23,613,300 76,824,360 100,437,660 
8 03883 中國奧園 30,449,290 68,850,770 99,300,060 
9 01548 金斯瑞生物科技 51,163,800 32,649,400 83,813,200 
10 02202 萬科企業 28,858,055 54,911,160 83,769,215 
