1 00700 騰訊控股 587,067,100 247,636,260 834,703,360 
2 00981 中芯國際 228,253,620 546,273,660 774,527,280 
3 01918 融創中國 377,265,400 377,297,150 754,562,550 
4 01336 新華保險 265,976,080 374,873,060 640,849,140 
5 00939 建設銀行 405,358,960 31,818,370 437,177,330 
6 01398 工商銀行 213,643,650 136,595,610 350,239,260 
7 02007 碧桂園 162,539,860 161,035,400 323,575,260 
8 01766 中國中車 229,803,150 82,032,296 311,835,446 
9 00388 香港交易所 171,231,940 133,710,660 304,942,600 
10 02333 長城汽車 211,906,255 74,932,750 286,839,005 

1 00700 騰訊控股 421,989,000 176,665,840 598,654,840 
2 01918 融創中國 107,694,800 122,690,400 230,385,200 
3 01548 金斯瑞生物科技 126,234,000 74,225,300 200,459,300 
4 00981 中芯國際 99,123,090 91,278,040 190,401,130 
5 02202 萬科企業 47,028,225 114,859,180 161,887,405 
6 00763 中興通訊 68,881,200 75,984,220 144,865,420 
7 01030 新城發展控股 62,828,440 77,597,500 140,425,940 
8 02208 金風科技 63,652,236 61,529,240 125,181,476 
9 03883 中國奧園 92,191,400 26,781,430 118,972,830 
10 03900 綠城中國 60,262,530 57,172,260 117,434,790 
