1 00700 騰訊控股 545,308,040 263,020,980 808,329,020 
2 00688 中國海外發展 325,007,900 3,328,200 328,336,100 
3 00939 建設銀行 1,760,830 316,931,710 318,692,540 
4 01530 三生製藥 259,351,850 51,077,175 310,429,025 
5 02007 碧桂園 250,598,420 32,737,980 283,336,400 
6 01398 工商銀行 2,289,000 262,825,257 265,114,257 
7 02318 中國平安 193,564,900 46,977,800 240,542,700 
8 02628 中國人壽 189,339,350 5,924,250 195,263,600 
9 00388 香港交易所 17,031,860 176,503,220 193,535,080 
10 00425 敏實集團 98,617,400 59,718,300 158,335,700 

1 00700 騰訊控股 188,264,820 227,914,440 416,179,260 
2 01548 金斯瑞生物科技 265,337,500 114,697,100 380,034,600 
3 01530 三生製藥 199,195,675 5,173,625 204,369,300 
4 01918 融創中國 144,781,250 39,132,850 183,914,100 
5 02208 金風科技 69,808,256 68,620,836 138,429,092 
6 00268 金蝶國際 78,296,640 51,941,940 130,238,580 
7 02666 環球醫療 41,269,200 77,046,490 118,315,690 
8 02007 碧桂園 72,045,760 42,792,100 114,837,860 
9 02196 復星醫藥 98,818,575 10,177,550 108,996,125 
10 00939 建設銀行 3,147,710 85,324,110 88,471,820 
