1 00700 騰訊控股 152,138,320 701,113,020 853,251,340 
2 02007 碧桂園 45,500,800 317,571,000 363,071,800 
3 00902 華能國際電力股份 117,785,660 111,091,334 228,876,994 
4 01398 工商銀行 194,726,920 22,875,890 217,602,810 
5 00586 海螺創業 147,050,875 3,617,150 150,668,025 
6 00175 吉利汽車 45,880,500 94,615,520 140,496,020 
7 01918 融創中國 84,329,850 52,374,600 136,704,450 
8 01766 中國中車 37,404,050 81,898,110 119,302,160 
9 01093 石藥集團 18,131,600 82,050,500 100,182,100 
10 02382 舜宇光學科技 15,409,740 77,117,210 92,526,950 

1 00895 東江環保 167,173,912 143,043,572 310,217,484 
2 00700 騰訊控股 79,438,980 188,110,520 267,549,500 
3 00914 海螺水泥 206,861,650 5,592,425 212,454,075 
4 03323 中國建材 126,487,480 10,402,540 136,890,020 
5 01766 中國中車 91,328,320 14,340,350 105,668,670 
6 00175 吉利汽車 16,131,460 65,786,620 81,918,080 
7 00763 中興通訊 63,030,708 15,537,876 78,568,584 
8 00939 建設銀行 66,897,280 3,257,670 70,154,950 
9 01398 工商銀行 37,268,230 19,058,060 56,326,290 
10 00581 中國東方集團 38,674,060 14,213,580 52,887,640 
