1 00005 匯豐控股 579,421,360 145,243,800 724,665,160 
2 00700 騰訊控股 282,856,080 314,230,580 597,086,660 
3 01398 工商銀行 357,179,140 233,557,750 590,736,890 
4 01918 融創中國 204,089,600 246,348,400 450,438,000 
5 02318 中國平安 203,457,225 200,000,425 403,457,650 
6 02238 廣汽集團 260,313,240 140,621,739 400,934,979 
7 03988 中國銀行 235,381,870 152,556,800 387,938,670 
8 01336 新華保險 127,945,100 257,779,780 385,724,880 
9 01171 兗州煤業股份 226,327,320 148,727,320 375,054,640 
10 00857 中國石油股份 161,444,960 203,614,480 365,059,440 

1 00763 中興通訊 216,249,470 291,968,640 508,218,110 
2 02208 金風科技 159,218,572 198,948,560 358,167,132 
3 01548 金斯瑞生物科技 186,232,000 112,678,200 298,910,200 
4 00700 騰訊控股 186,082,380 85,493,660 271,576,040 
5 00939 建設銀行 109,800,370 137,918,080 247,718,450 
6 03301 融信中國 92,904,410 121,610,840 214,515,250 
7 02202 萬科企業 92,500,220 109,979,745 202,479,965 
8 01398 工商銀行 127,546,960 61,174,470 188,721,430 
9 01918 融創中國 91,077,200 88,559,750 179,636,950 
10 00607 豐盛控股 437,225 151,586,850 152,024,075 
