1 01398 工商銀行 685,301,500 64,097,350 749,398,850 
2 00700 騰訊控股 486,694,880 260,704,812 747,399,692 
3 00939 建設銀行 650,929,190 69,590,680 720,519,870 
4 03988 中國銀行 190,119,200 187,053,990 377,173,190 
5 03968 招商銀行 302,345,800 64,785,300 367,131,100 
6 02382 舜宇光學科技 264,502,670 58,144,910 322,647,580 
7 01288 農業銀行 190,224,370 102,661,417 292,885,787 
8 00175 吉利汽車 188,423,760 44,390,020 232,813,780 
9 02238 廣汽集團 92,346,860 106,999,648 199,346,508 
10 01088 中國神華 45,282,640 145,124,220 190,406,860 

1 00700 騰訊控股 251,904,080 296,555,470 548,459,550 
2 00763 中興通訊 277,965,232 185,151,412 463,116,644 
3 00175 吉利汽車 89,516,610 105,432,460 194,949,070 
4 01548 金斯瑞生物科技 93,964,100 40,769,600 134,733,700 
5 02382 舜宇光學科技 104,051,650 27,648,690 131,700,340 
6 00939 建設銀行 127,092,250 4,319,390 131,411,640 
7 00268 金蝶國際 37,165,400 77,249,572 114,414,972 
8 00981 中芯國際 78,891,655 32,698,720 111,590,375 
9 01918 融創中國 73,597,600 23,420,250 97,017,850 
10 01093 石藥集團 83,379,800 10,224,100 93,603,900 
