1 00700 騰訊控股 208,449,660 326,804,400 535,254,060 
2 00005 匯豐控股 341,759,100 259,380 342,018,480 
3 01339 中國人民保險集團 226,277,140 47,385,620 273,662,760 
4 01398 工商銀行 198,116,810 72,114,776 270,231,586 
5 03968 招商銀行 87,450,850 151,155,550 238,606,400 
6 01299 友邦保險 656,910 220,611,730 221,268,640 
7 02318 中國平安 76,852,350 125,658,565 202,510,915 
8 01093 石藥集團 113,985,640 61,932,880 175,918,520 
9 00291 華潤啤酒 107,596,100 46,853,500 154,449,600 
10 00939 建設銀行 89,358,440 47,944,594 137,303,034 

1 01918 融創中國 56,332,230 74,813,450 131,145,680 
2 00700 騰訊控股 52,481,760 65,403,060 117,884,820 
3 02338 濰柴動力 6,435,670 80,701,830 87,137,500 
4 00268 金蝶國際（一千） 22,363,460 45,783,281 68,146,741 
5 00939 建設銀行 8,893,240 39,170,560 48,063,800 
6 00581 中國東方集團 2,451,520 43,825,840 46,277,360 
7 02382 舜宇光學科技 26,522,665 19,003,400 45,526,065 
8 03968 招商銀行 25,042,450 15,693,400 40,735,850 
9 01398 工商銀行 2,307,160 37,429,380 39,736,540 
10 01169 海爾電器 35,320 37,306,140 37,341,460 
