1 00700 騰訊控股 375,565,760 447,769,260 823,335,020 
2 01398 工商銀行 198,244,230 571,319,300 769,563,530 
3 00939 建設銀行 234,210,130 464,764,980 698,975,110 
4 01288 農業銀行 35,819,500 393,460,080 429,279,580 
5 00388 香港交易所 237,366,480 104,306,260 341,672,740 
6 01918 融創中國 144,180,150 99,793,100 243,973,250 
7 01171 兗州煤業股份 55,503,160 177,042,280 232,545,440 
8 02018 瑞聲科技 147,612,200 32,042,150 179,654,350 
9 03968 招商銀行 130,401,925 36,364,150 166,766,075 
10 01378 中國宏橋 102,634,235 30,060,335 132,694,570 

1 00700 騰訊控股 230,298,500 267,485,680 497,784,180 
2 01548 金斯瑞生物科技 115,399,600 74,479,200 189,878,800 
3 01918 融創中國 73,041,100 52,766,550 125,807,650 
4 02601 中國太保 31,775,650 89,949,770 121,725,420 
5 00763 中興通訊 77,718,570 43,773,460 121,492,030 
6 00388 香港交易所 46,348,260 68,642,820 114,991,080 
7 02318 中國平安 59,811,550 51,739,850 111,551,400 
8 03993 洛陽鉬業 67,902,630 33,676,950 101,579,580 
9 00839 中教控股 97,686,050 290,560 97,976,610 
10 00939 建設銀行 78,621,070 18,814,410 97,435,480 
