1 00005 匯豐控股 1,610,974,100 43,005,580 1,653,979,680 
2 00700 騰訊控股 1,092,867,620 509,183,880 1,602,051,500 
3 03988 中國銀行 670,283,960 183,165,510 853,449,470 
4 02018 瑞聲科技 547,708,000 222,147,540 769,855,540 
5 01398 工商銀行 605,059,600 85,327,730 690,387,330 
6 02318 中國平安 553,341,600 90,958,075 644,299,675 
7 01288 農業銀行 263,618,840 355,879,200 619,498,040 
8 00388 香港交易所 302,714,380 294,478,680 597,193,060 
9 02899 紫金礦業 392,272,740 165,170,760 557,443,500 
10 01171 兗州煤業股份 390,245,160 153,056,330 543,301,490 

1 00700 騰訊控股 597,358,460 240,786,500 838,144,960 
2 02899 紫金礦業 220,293,800 69,519,080 289,812,880 
3 01398 工商銀行 230,288,540 58,594,390 288,882,930 
4 01171 兗州煤業股份 198,122,840 54,346,080 252,468,920 
5 01030 新城發展控股 85,015,320 135,055,640 220,070,960 
6 01918 融創中國 75,430,900 134,376,950 209,807,850 
7 01548 金斯瑞生物科技 119,438,600 82,776,600 202,215,200 
8 02202 萬科企業 123,486,850 75,613,860 199,100,710 
9 00998 中信銀行 167,329,240 27,337,430 194,666,670 
10 00607 豐盛控股 121,667,350 64,763,575 186,430,925 
