1 00700 騰訊控股 544,106,260 484,776,100 1,028,882,360 
2 01918 融創中國 233,720,100 180,343,450 414,063,550 
3 00175 吉利汽車 179,972,500 158,851,100 338,823,600 
4 02007 碧桂園 51,334,940 234,027,080 285,362,020 
5 03988 中國銀行 207,970,080 41,673,160 249,643,240 
6 02018 瑞聲科技 13,503,200 230,778,800 244,282,000 
7 00939 建設銀行 59,385,540 117,425,060 176,810,600 
8 02601 中國太保 3,128,910 169,350,250 172,479,160 
9 00981 中芯國際 99,430,650 52,621,670 152,052,320 
10 01055 中國南方航空股份 41,006,200 95,553,220 136,559,420 

1 00700 騰訊控股 181,976,400 210,500,260 392,476,660 
2 01918 融創中國 126,712,650 164,702,500 291,415,150 
3 02007 碧桂園 48,651,620 229,131,800 277,783,420 
4 00268 金蝶國際 65,632,320 84,759,220 150,391,540 
5 02382 舜宇光學科技 131,929,200 9,351,140 141,280,340 
6 00763 中興通訊 54,172,876 79,266,144 133,439,020 
7 00981 中芯國際 73,771,920 58,880,070 132,651,990 
8 06169 宇華教育 53,311,700 46,737,920 100,049,620 
9 01055 中國南方航空股份 34,757,980 64,918,720 99,676,700 
10 00998 中信銀行 19,877,260 73,569,840 93,447,100 
