1 00700 騰訊控股 330,396,340 2,668,199,280 2,998,595,620 
2 02382 舜宇光學科技 394,460,905 382,201,659 776,662,564 
3 01398 工商銀行 332,355,260 162,288,430 494,643,690 
4 00586 海螺創業 226,544,775 129,054,250 355,599,025 
5 00981 中芯國際 156,418,580 174,720,930 331,139,510 
6 02020 安踏體育 151,594,100 32,400,350 183,994,450 
7 01177 中國生物製藥 47,336,940 110,830,780 158,167,720 
8 03888 金山軟件 59,306,840 96,593,380 155,900,220 
9 00939 建設銀行 283,620 152,962,860 153,246,480 
10 01918 融創中國 86,463,600 66,463,100 152,926,700 

1 00700 騰訊控股 132,480,600 516,305,320 648,785,920 
2 02382 舜宇光學科技 163,410,765 211,151,940 374,562,705 
3 00268 金蝶國際 50,696,280 301,848,720 352,545,000 
4 00763 中興通訊 128,375,456 141,640,708 270,016,164 
5 00839 中教控股 110,017,390 132,564,570 242,581,960 
6 01317 楓葉教育 95,795,140 142,874,880 238,670,020 
7 00175 吉利汽車 39,425,280 188,737,820 228,163,100 
8 03888 金山軟件 36,721,820 184,670,240 221,392,060 
9 06169 宇華教育 81,751,080 114,806,640 196,557,720 
10 02001 新高教集團 82,799,180 83,802,890 166,602,070 
