1 00700 騰訊控股 425,467,380 51,987,080 477,454,460 
2 00586 海螺創業 142,623,175 151,781,050 294,404,225 
3 01177 中國生物製藥 22,025,100 87,237,485 109,262,585 
4 01093 石藥集團 49,704,760 50,585,160 100,289,920 
5 01918 融創中國 19,409,850 68,392,100 87,801,950 
6 00291 華潤啤酒 41,225,200 35,027,100 76,252,300 
7 02196 復星醫藥 43,508,800 28,109,107 71,617,907 
8 00688 中國海外發展 1,142,200 63,828,400 64,970,600 
9 00981 中芯國際 56,802,570 7,010,245 63,812,815 
10 00175 吉利汽車 15,678,220 41,680,360 57,358,580 

1 00700 騰訊控股 70,402,180 25,505,800 95,907,980 
2 01093 石藥集團 15,250,080 64,837,320 80,087,400 
3 00763 中興通訊 26,572,356 31,551,424 58,123,780 
4 01177 中國生物製藥 29,631,130 24,795,650 54,426,780 
5 01918 融創中國 28,731,650 20,492,600 49,224,250 
6 00607 豐盛控股 45,479,900 1,284,700 46,764,600 
7 01211 比亞迪股份 19,228,425 26,361,750 45,590,175 
8 01448 福壽園 21,619,350 23,659,900 45,279,250 
9 03968 招商銀行 37,339,950 4,060,050 41,400,000 
10 03306 江南布衣 32,039,850 5,332,300 37,372,150 
