1 00700 騰訊控股 171,703,200 1,300,711,560 1,472,414,760 
2 01918 融創中國 317,095,450 117,454,100 434,549,550 
3 01398 工商銀行 235,677,990 80,298,770 315,976,760 
4 02318 中國平安 55,536,600 208,382,525 263,919,125 
5 00902 華能國際電力股份 87,751,380 156,620,320 244,371,700 
6 02007 碧桂園 32,929,780 172,456,520 205,386,300 
7 02382 舜宇光學科技 67,828,620 109,046,590 176,875,210 
8 00175 吉利汽車 24,298,560 91,980,260 116,278,820 
9 02328 中國財險 63,678,000 45,314,550 108,992,550 
10 00939 建設銀行 27,739,410 79,373,410 107,112,820 

1 00700 騰訊控股 78,313,360 251,965,300 330,278,660 
2 01918 融創中國 136,079,950 87,458,350 223,538,300 
3 00268 金蝶國際 7,148,440 128,517,380 135,665,820 
4 02601 中國太保 615,640 96,256,790 96,872,430 
5 02338 濰柴動力 81,477,460 13,705,840 95,183,300 
6 03333 中國恒大 17,319,400 69,450,000 86,769,400 
7 02382 舜宇光學科技 32,708,920 37,276,080 69,985,000 
8 00939 建設銀行 24,310,680 44,446,500 68,757,180 
9 00902 華能國際電力股份 52,759,560 14,927,780 67,687,340 
10 02331 李寧 57,756,305 5,792,985 63,549,290 
