1 00700 騰訊控股 1,972,096,900 423,582,060 2,395,678,960 
2 01398 工商銀行 241,738,200 318,030,139 559,768,339 
3 01918 融創中國 267,937,400 74,672,200 342,609,600 
4 00388 香港交易所 174,458,660 59,925,636 234,384,296 
5 00857 中國石油股份 21,542,120 160,225,340 181,767,460 
6 00998 中信銀行 48,979,810 116,496,080 165,475,890 
7 02318 中國平安 74,005,675 68,832,766 142,838,441 
8 00966 中國太平 23,473,890 109,276,540 132,750,430 
9 00522  113,359,680 5,976,970 119,336,650 
10 00753 中國國航 69,485,840 48,503,320 117,989,160 

1 00700 騰訊控股 531,274,260 140,432,060 671,706,320 
2 01548 金斯瑞生物科技 110,377,700 73,533,600 183,911,300 
3 02208 金風科技 102,450,308 24,199,408 126,649,716 
4 00268 金蝶國際 111,637,940 6,686,240 118,324,180 
5 01918 融創中國 78,295,500 33,447,400 111,742,900 
6 00799  58,038,370 46,276,180 104,314,550 
7 00175 吉利汽車 71,327,750 20,822,600 92,150,350 
8 00763 中興通訊 55,433,080 18,803,230 74,236,310 
9 02601 中國太保 66,953,160 4,782,520 71,735,680 
10 00966 中國太平 45,009,060 26,417,230 71,426,290 
