1 00700 騰訊控股 157,419,180 533,114,380 690,533,560 
2 00941 中國移動 33,916,975 215,470,800 249,387,775 
3 00175 吉利汽車 167,137,800 66,969,594 234,107,394 
4 01398 工商銀行 194,358,920 36,375,220 230,734,140 
5 00939 建設銀行 117,142,960 60,490,230 177,633,190 
6 02601 中國太保 129,747,140 39,513,040 169,260,180 
7 02318 中國平安 49,252,225 85,590,975 134,843,200 
8 01918 融創中國 88,995,850 38,152,350 127,148,200 
9 01088 中國神華 99,615,850 24,655,260 124,271,110 
10 03968 招商銀行 44,135,600 70,647,525 114,783,125 

1 00700 騰訊控股 65,948,980 203,454,720 269,403,700 
2 01918 融創中國 52,315,350 38,492,070 90,807,420 
3 02318 中國平安 20,514,750 59,569,350 80,084,100 
4 02382 舜宇光學科技 4,459,245 65,380,655 69,839,900 
5 00902 華能國際電力股份 2,021,960 67,367,980 69,389,940 
6 01336 新華保險 8,430,790 43,497,635 51,928,425 
7 03333 中國恒大 16,366,540 32,321,440 48,687,980 
8 01088 中國神華 45,639,540 1,272,510 46,912,050 
9 00175 吉利汽車 26,218,400 19,408,860 45,627,260 
10 03968 招商銀行 18,010,700 23,753,250 41,763,950 
