1 00700 騰訊控股 173,342,680 1,026,809,560 1,200,152,240 
2 01398 工商銀行 942,462,720 29,237,040 971,699,760 
3 00939 建設銀行 619,508,380 46,446,640 665,955,020 
4 01288 農業銀行 260,653,080 36,767,356 297,420,436 
5 01918 融創中國 108,373,100 136,683,650 245,056,750 
6 02601 中國太保 171,346,380 8,041,360 179,387,740 
7 01177 中國生物製藥 40,433,240 122,388,910 162,822,150 
8 00902 華能國際電力股份 132,635,160 25,092,737 157,727,897 
9 02318 中國平安 94,054,025 50,654,650 144,708,675 
10 01093 石藥集團 27,320,500 105,782,100 133,102,600 

1 00939 建設銀行 307,715,480 20,584,240 328,299,720 
2 00700 騰訊控股 69,780,820 178,743,560 248,524,380 
3 01093 石藥集團 32,284,900 177,675,200 209,960,100 
4 01918 融創中國 80,760,100 97,451,150 178,211,250 
5 01398 工商銀行 117,722,190 37,985,350 155,707,540 
6 01288 農業銀行 119,668,410 22,777,830 142,446,240 
7 00763 中興通訊 69,053,488 47,715,480 116,768,968 
8 00998 中信銀行 69,288,670 47,077,200 116,365,870 
9 01177 中國生物製藥 15,829,600 97,412,610 113,242,210 
10 03968 招商銀行 92,359,400 6,477,950 98,837,350 
