1 00175 吉利汽車 124,826,260 138,173,820 263,000,080 
2 00700 騰訊控股 84,661,160 136,523,540 221,184,700 
3 03333 中國恒大 74,795,450 145,842,100 220,637,550 
4 01918 融創中國 64,469,950 151,643,200 216,113,150 
5 02333 長城汽車 50,517,725 121,836,495 172,354,220 
6 03968 招商銀行 21,276,825 121,400,075 142,676,900 
7 02238 廣汽集團 39,342,960 96,789,228 136,132,188 
8 01177 中國生物製藥 99,951,700 31,487,520 131,439,220 
9 03328 交通銀行 3,506,610 127,581,010 131,087,620 
10 02382 舜宇光學科技 50,581,860 72,789,270 123,371,130 

1 00700 騰訊控股 84,305,000 81,299,464 165,604,464 
2 01918 融創中國 61,795,100 53,984,000 115,779,100 
3 00175 吉利汽車 86,143,980 14,181,340 100,325,320 
4 00763 中興通訊 42,774,544 47,880,176 90,654,720 
5 03333 中國恒大 43,624,050 35,036,100 78,660,150 
6 01317 楓葉教育 51,338,400 26,308,480 77,646,880 
7 01548 金斯瑞生物科技 39,364,400 36,229,800 75,594,200 
8 00268 金蝶國際 36,073,280 31,719,960 67,793,240 
9 00839 中教控股 25,550,900 29,424,320 54,975,220 
10 00939 建設銀行 33,862,770 15,864,860 49,727,630 
