1 00700 騰訊控股 2,419,505,500 2,429,379,120 4,848,884,620 
2 00005 匯豐控股 3,586,339,800 80,215,844 3,666,555,644 
3 02318 中國平安 772,696,850 215,468,790 988,165,640 
4 01398 工商銀行 720,253,600 149,262,856 869,516,456 
5 00939 建設銀行 596,387,540 271,677,317 868,064,857 
6 00388 香港交易所 173,667,120 671,395,830 845,062,950 
7 03988 中國銀行 705,687,740 110,377,490 816,065,230 
8 00175 吉利汽車 355,780,750 454,134,100 809,914,850 
9 01918 融創中國 382,929,000 321,828,400 704,757,400 
10 03968 招商銀行 393,754,250 133,077,680 526,831,930 

1 00700 騰訊控股 997,162,560 773,179,080 1,770,341,640 
2 01548 金斯瑞生物科技 260,993,960 193,977,760 454,971,720 
3 01918 融創中國 190,122,900 240,414,000 430,536,900 
4 01398 工商銀行 228,123,240 138,716,910 366,840,150 
5 01055 中國南方航空股份 261,135,320 100,536,980 361,672,300 
6 03968 招商銀行 252,414,725 35,782,125 288,196,850 
7 01030 新城發展控股 90,127,160 189,809,340 279,936,500 
8 02899 紫金礦業 128,671,840 140,681,180 269,353,020 
9 00763 中興通訊 123,437,000 106,647,390 230,084,390 
10 02318 中國平安 110,800,425 119,072,900 229,873,325 
