1 00700 騰訊控股 190,391,860 144,240,640 334,632,500 
2 01177 中國生物製藥 56,017,200 223,015,360 279,032,560 
3 00981 中芯國際 47,010,770 121,298,770 168,309,540 
4 01093 石藥集團 59,311,740 80,726,700 140,038,440 
5 02318 中國平安 17,413,200 122,452,518 139,865,718 
6 00939 建設銀行 29,476,750 97,372,630 126,849,380 
7 01299 友邦保險 117,592,050 7,392,900 124,984,950 
8 02382 舜宇光學科技 50,440,620 67,135,470 117,576,090 
9 00881 中升控股 1,026,475 115,998,800 117,025,275 
10 01918 融創中國 55,145,450 56,214,950 111,360,400 

1 00700 騰訊控股 142,259,360 274,100,260 416,359,620 
2 01177 中國生物製藥 83,915,940 38,318,100 122,234,040 
3 00874 白雲山 69,789,200 49,559,600 119,348,800 
4 00981 中芯國際 62,622,580 43,146,680 105,769,260 
5 02202 萬科企業 45,304,025 45,843,860 91,147,885 
6 00670 中國東方航空股份 51,850,740 33,106,920 84,957,660 
7 00354 中國軟件國際 67,785,400 16,490,220 84,275,620 
8 01317 楓葉教育 44,823,760 37,553,920 82,377,680 
9 02318 中國平安 8,966,750 60,332,325 69,299,075 
10 00268 金蝶國際 42,703,860 23,454,800 66,158,660 
