1 00700 騰訊控股 220,564,920 238,889,740 459,454,660 
2 02007 碧桂園 32,316,080 305,380,740 337,696,820 
3 02018 瑞聲科技 53,870,450 232,707,800 286,578,250 
4 02318 中國平安 187,961,675 93,416,800 281,378,475 
5 01055 中國南方航空股份 114,695,060 142,157,500 256,852,560 
6 01398 工商銀行 30,913,090 217,612,540 248,525,630 
7 00939 建設銀行 27,934,190 162,265,430 190,199,620 
8 00902 華能國際電力股份 156,718,240 10,147,340 166,865,580 
9 01288 農業銀行 28,873,620 121,040,530 149,914,150 
10 02382 舜宇光學科技 89,973,150 50,028,400 140,001,550 

1 00268 金蝶國際 218,646,420 126,344,640 344,991,060 
2 01548 金斯瑞生物科技 138,979,800 195,334,000 334,313,800 
3 00700 騰訊控股 178,284,960 137,273,880 315,558,840 
4 01918 融創中國 53,209,750 216,362,950 269,572,700 
5 02208 金風科技 187,631,572 58,807,485 246,439,057 
6 01055 中國南方航空股份 95,895,620 90,646,280 186,541,900 
7 00763 中興通訊 115,822,750 49,387,800 165,210,550 
8 03993 洛陽鉬業 105,875,610 46,092,600 151,968,210 
9 03968 招商銀行 48,275,000 66,437,325 114,712,325 
10 03888 金山軟件 96,680,800 9,115,250 105,796,050 
