1 00700 騰訊控股 47,549,040 679,756,220 727,305,260 
2 00388 香港交易所 5,208,340 221,131,240 226,339,580 
3 00939 建設銀行 13,864,500 196,011,880 209,876,380 
4 00857 中國石油股份 134,310,240 58,036,660 192,346,900 
5 01093 石藥集團 39,816,200 142,847,600 182,663,800 
6 02186 綠葉製藥 37,317,275 141,766,720 179,083,995 
7 00241 阿里健康 82,634,840 86,257,500 168,892,340 
8 00175 吉利汽車 135,076,050 30,480,100 165,556,150 
9 02018 瑞聲科技 144,454,250 19,062,000 163,516,250 
10 01088 中國神華 118,707,065 41,287,180 159,994,245 

1 00268 金蝶國際 84,439,660 135,358,560 219,798,220 
2 01288 農業銀行 5,364,420 182,594,390 187,958,810 
3 00874 白雲山 72,536,700 109,472,300 182,009,000 
4 03988 中國銀行 6,767,760 157,837,250 164,605,010 
5 00279 民眾金融科技 78,600,060 78,438,280 157,038,340 
6 06169 宇華教育 100,097,940 53,126,540 153,224,480 
7 01317 楓葉教育 88,314,840 61,356,160 149,671,000 
8 01398 工商銀行 519,060 141,542,180 142,061,240 
9 00939 建設銀行 4,714,090 128,455,160 133,169,250 
10 02319 蒙牛乳業 99,357,550 31,799,400 131,156,950 
