1 00700 騰訊控股 917,073,380 340,948,460 1,258,021,840 
2 02318 中國平安 307,066,900 336,862,075 643,928,975 
3 02018 瑞聲科技 352,543,850 115,344,500 467,888,350 
4 00939 建設銀行 81,626,730 352,731,093 434,357,823 
5 00388 香港交易所 95,450,040 184,989,940 280,439,980 
6 00386 中國石油化工股份 132,597,320 130,928,720 263,526,040 
7 03988 中國銀行 178,077,850 81,313,780 259,391,630 
8 01088 中國神華 81,837,135 177,130,505 258,967,640 
9 00981 中芯國際 147,727,190 84,418,614 232,145,804 
10 02601 中國太保 26,264,290 204,014,660 230,278,950 

1 00700 騰訊控股 327,656,640 341,582,240 669,238,880 
2 00268 金蝶國際 183,267,380 106,397,640 289,665,020 
3 00354 中國軟件國際 129,150,660 95,719,770 224,870,430 
4 01548 金斯瑞生物科技 104,666,200 98,060,100 202,726,300 
5 02208 金風科技 82,598,836 112,106,740 194,705,576 
6 00763 中興通訊 61,070,390 76,908,390 137,978,780 
7 02269 藥明生物 66,090,800 43,871,800 109,962,600 
8 02607 上海醫藥 97,757,470 8,480,640 106,238,110 
9 02202 萬科企業 78,551,090 22,469,425 101,020,515 
10 02007 碧桂園 71,042,000 21,101,940 92,143,940 
