1 00700 騰訊控股 252,307,600 784,217,520 1,036,525,120 
2 01918 融創中國 200,899,350 315,527,150 516,426,500 
3 03968 招商銀行 210,261,550 193,108,450 403,370,000 
4 00981 中芯國際 102,922,900 264,685,310 367,608,210 
5 01093 石藥集團 243,704,100 35,926,300 279,630,400 
6 01171 兗州煤業股份 102,375,760 146,947,120 249,322,880 
7 00388 香港交易所 5,786,260 199,292,520 205,078,780 
8 02601 中國太保 22,520,180 151,413,480 173,933,660 
9 00241 阿里健康 73,550,440 86,516,700 160,067,140 
10 01088 中國神華 85,934,425 67,091,550 153,025,975 

1 00700 騰訊控股 116,398,900 571,535,460 687,934,360 
2 00763 中興通訊 261,624,748 320,112,184 581,736,932 
3 00857 中國石油股份 20,457,700 228,714,220 249,171,920 
4 01548 金斯瑞生物科技 175,012,200 66,617,600 241,629,800 
5 00268 金蝶國際 55,377,000 138,915,040 194,292,040 
6 00175 吉利汽車 88,851,300 103,217,100 192,068,400 
7 00981 中芯國際 36,019,860 137,025,060 173,044,920 
8 01093 石藥集團 17,067,700 152,950,200 170,017,900 
9 01918 融創中國 53,676,200 113,316,750 166,992,950 
10 01177 中國生物製藥 11,468,120 137,265,520 148,733,640 
