1 00700 騰訊控股 290,528,660 133,573,500 424,102,160 
2 03988 中國銀行 62,709,370 240,197,840 302,907,210 
3 01088 中國神華 37,730,740 259,640,950 297,371,690 
4 00939 建設銀行 231,496,740 62,811,380 294,308,120 
5 01398 工商銀行 174,457,760 78,743,410 253,201,170 
6 01288 農業銀行 158,667,650 53,523,160 212,190,810 
7 02333 長城汽車 30,364,455 143,919,855 174,284,310 
8 01918 融創中國 40,557,450 114,280,750 154,838,200 
9 02328 中國財險 2,117,700 138,967,960 141,085,660 
10 00175 吉利汽車 88,358,780 44,766,580 133,125,360 

1 00700 騰訊控股 134,857,460 72,130,820 206,988,280 
2 01579 頤海國際 93,135,480 26,475,920 119,611,400 
3 00268 金蝶國際 8,279,420 90,122,960 98,402,380 
4 00939 建設銀行 40,596,830 53,487,610 94,084,440 
5 01398 工商銀行 83,249,280 2,068,200 85,317,480 
6 00175 吉利汽車 51,210,180 23,172,320 74,382,500 
7 01548 金斯瑞生物科技 47,010,820 25,459,760 72,470,580 
8 02001 新高教集團 45,408,750 13,286,760 58,695,510 
9 01918 融創中國 17,576,600 35,352,850 52,929,450 
10 01066 威高股份 42,678,800 9,082,880 51,761,680 
