1 00700 騰訊控股 111,585,480 964,584,112 1,076,169,592 
2 02318 中國平安 103,676,700 175,240,300 278,917,000 
3 00939 建設銀行 5,002,690 271,505,569 276,508,259 
4 02186 綠葉製藥 89,506,440 177,625,510 267,131,950 
5 00966 中國太平 130,584,140 122,803,620 253,387,760 
6 00175 吉利汽車 39,463,950 156,349,100 195,813,050 
7 03328 交通銀行 117,830,680 56,103,530 173,934,210 
8 01177 中國生物製藥 66,556,180 92,315,340 158,871,520 
9 01918 融創中國 71,139,900 65,707,250 136,847,150 
10 03800 保利協鑫能源 43,591,130 88,225,230 131,816,360 

1 00700 騰訊控股 64,610,500 677,882,820 742,493,320 
2 01548 金斯瑞生物科技 114,204,900 68,814,300 183,019,200 
3 01317 楓葉教育 71,443,800 82,342,920 153,786,720 
4 01398 工商銀行 58,459,470 56,053,990 114,513,460 
5 00175 吉利汽車 70,713,250 41,787,050 112,500,300 
6 02007 碧桂園 68,187,220 40,789,640 108,976,860 
7 01918 融創中國 51,759,600 55,860,350 107,619,950 
8 01177 中國生物製藥 92,097,740 7,297,200 99,394,940 
9 01128 永利澳門 3,483,100 91,212,640 94,695,740 
10 01339 中國人民保險集團 51,048,450 35,812,900 86,861,350 
