1 00700 騰訊控股 99,719,860 492,312,120 592,031,980 
2 00939 建設銀行 27,158,020 299,840,070 326,998,090 
3 01918 融創中國 237,706,100 78,252,041 315,958,141 
4 02018 瑞聲科技 172,923,250 82,674,400 255,597,650 
5 01093 石藥集團 108,917,800 119,157,300 228,075,100 
6 01398 工商銀行 40,296,220 166,044,480 206,340,700 
7 02607 上海醫藥 68,842,705 118,187,850 187,030,555 
8 03333 中國恒大 116,438,050 46,392,100 162,830,150 
9 03968 招商銀行 86,476,400 59,473,725 145,950,125 
10 02318 中國平安 43,524,200 97,553,775 141,077,975 

1 00700 騰訊控股 78,197,460 106,709,280 184,906,740 
2 00268 金蝶國際 56,738,940 63,195,100 119,934,040 
3 02202 萬科企業 93,142,120 12,291,305 105,433,425 
4 01918 融創中國 82,404,150 19,859,600 102,263,750 
5 01317 楓葉教育 57,146,920 29,205,120 86,352,040 
6 00874 白雲山 49,868,500 24,503,800 74,372,300 
7 01548 金斯瑞生物科技 37,686,800 35,024,300 72,711,100 
8 00279 民眾金融科技 40,483,920 31,837,380 72,321,300 
9 02208 金風科技 24,292,964 45,758,016 70,050,980 
10 02607 上海醫藥 31,787,940 38,078,675 69,866,615 
