1 00700 騰訊控股 1,198,352,240 423,271,700 1,621,623,940 
2 02601 中國太保 380,658,320 54,384,240 435,042,560 
3 00175 吉利汽車 278,582,150 98,394,000 376,976,150 
4 02328 中國財險 195,855,480 124,818,320 320,673,800 
5 01088 中國神華 246,229,410 33,413,110 279,642,520 
6 00939 建設銀行 133,309,380 134,956,150 268,265,530 
7 02318 中國平安 181,218,375 16,095,050 197,313,425 
8 00874 白雲山 63,703,300 85,229,300 148,932,600 
9 01336 新華保險 76,110,045 65,718,975 141,829,020 
10 01288 農業銀行 51,530,310 87,190,470 138,720,780 

1 00700 騰訊控股 450,218,180 117,296,500 567,514,680 
2 02018 瑞聲科技 73,583,550 111,387,100 184,970,650 
3 02382 舜宇光學科技 138,431,250 25,343,170 163,774,420 
4 02318 中國平安 80,865,950 55,261,175 136,127,125 
5 00966 中國太平 103,405,910 28,570,310 131,976,220 
6 00175 吉利汽車 96,648,700 32,876,150 129,524,850 
7 00658 中國高速傳動 57,009,640 70,262,920 127,272,560 
8 01088 中國神華 55,740,230 62,869,190 118,609,420 
9 00939 建設銀行 75,827,830 35,393,150 111,220,980 
10 01336 新華保險 71,494,855 31,655,190 103,150,045 
