1 00981 中芯國際 121,374,960 476,344,420 597,719,380 
2 00700 騰訊控股 73,149,660 403,509,020 476,658,680 
3 00386 中國石油化工股份 1,480,940 457,137,920 458,618,860 
4 01088 中國神華 161,616,025 138,725,150 300,341,175 
5 01288 農業銀行 7,797,500 269,104,500 276,902,000 
6 00939 建設銀行 44,408,720 223,617,470 268,026,190 
7 01171 兗州煤業股份 69,717,920 188,201,680 257,919,600 
8 00291 華潤啤酒 205,464,100 52,369,700 257,833,800 
9 01339 中國人民保險集團 120,174,970 109,499,300 229,674,270 
10 00998 中信銀行 37,714,880 185,604,490 223,319,370 

1 00700 騰訊控股 62,640,700 387,663,300 450,304,000 
2 00763 中興通訊 112,809,764 127,526,160 240,335,924 
3 00981 中芯國際 167,626,400 53,883,739 221,510,139 
4 01548 金斯瑞生物科技 99,916,700 43,185,200 143,101,900 
5 02319 蒙牛乳業 24,757,450 103,132,150 127,889,600 
6 02382 舜宇光學科技 4,088,040 112,268,870 116,356,910 
7 00241 阿里健康 51,795,640 55,724,880 107,520,520 
8 00839 中教控股 67,478,480 27,869,020 95,347,500 
9 01317 楓葉教育 50,496,320 40,054,560 90,550,880 
10 01339 中國人民保險集團 75,276,720 12,434,120 87,710,840 
