1 00700 騰訊控股 84,357,120 326,832,600 411,189,720 
2 03988 中國銀行 2,932,510 292,157,710 295,090,220 
3 01088 中國神華 9,041,680 186,813,120 195,854,800 
4 01918 融創中國 151,388,350 37,555,700 188,944,050 
5 00998 中信銀行 34,798,120 128,742,270 163,540,390 
6 01093 石藥集團 30,914,300 120,412,600 151,326,900 
7 02382 舜宇光學科技 26,751,640 118,698,630 145,450,270 
8 00981 中芯國際 94,025,725 35,570,609 129,596,334 
9 03968 招商銀行 11,827,575 107,626,000 119,453,575 
10 00656 復星國際 77,780,940 10,021,104 87,802,044 

1 00763 中興通訊 294,179,972 230,936,032 525,116,004 
2 00700 騰訊控股 169,997,720 141,212,420 311,210,140 
3 01918 融創中國 45,335,300 143,914,500 189,249,800 
4 02338 濰柴動力 8,472,280 74,595,030 83,067,310 
5 02601 中國太保 99,930 74,757,310 74,857,240 
6 00268 金蝶國際 13,501,500 60,012,720 73,514,220 
7 01114  839,840 58,690,360 59,530,200 
8 01548 金斯瑞生物科技 23,590,500 26,692,100 50,282,600 
9 01398 工商銀行 650,280 48,908,050 49,558,330 
10 03988 中國銀行 219,220 46,882,950 47,102,170 
