1 00700 騰訊控股 398,861,940 287,992,720 686,854,660 
2 01398 工商銀行 257,496,760 230,551,710 488,048,470 
3 02318 中國平安 224,715,875 127,739,575 352,455,450 
4 00939 建設銀行 189,389,110 160,861,630 350,250,740 
5 03968 招商銀行 216,148,100 117,870,700 334,018,800 
6 01088 中國神華 255,010,975 73,641,900 328,652,875 
7 01288 農業銀行 131,184,510 151,010,570 282,195,080 
8 02601 中國太保 170,582,020 47,083,430 217,665,450 
9 00998 中信銀行 64,393,750 128,642,980 193,036,730 
10 01918 融創中國 93,391,700 93,554,200 186,945,900 

1 00700 騰訊控股 145,833,080 83,117,860 228,950,940 
2 01548 金斯瑞生物科技 109,844,100 96,439,700 206,283,800 
3 00966 中國太平 131,216,230 4,487,500 135,703,730 
4 00763 中興通訊 83,098,400 32,177,830 115,276,230 
5 02018 瑞聲科技 64,693,500 20,754,550 85,448,050 
6 02318 中國平安 69,854,700 15,474,799 85,329,499 
7 01918 融創中國 56,952,500 24,769,700 81,722,200 
8 01398 工商銀行 57,081,910 23,786,480 80,868,390 
9 01336 新華保險 74,769,150 5,459,995 80,229,145 
10 02007 碧桂園 49,561,620 30,076,940 79,638,560 
