1 00388 香港交易所 898,619,160 116,464,445 1,015,083,605 
2 01398 工商銀行 795,974,140 25,008,370 820,982,510 
3 01918 融創中國 308,719,800 509,512,850 818,232,650 
4 00939 建設銀行 673,853,620 132,397,640 806,251,260 
5 00998 中信銀行 539,786,260 237,141,940 776,928,200 
6 00700 騰訊控股 365,952,240 244,834,160 610,786,400 
7 01988 民生銀行 205,788,485 365,536,995 571,325,480 
8 01288 農業銀行 172,967,370 338,782,480 511,749,850 
9 03988 中國銀行 268,060,930 226,585,530 494,646,460 
10 03968 招商銀行 165,783,275 294,935,900 460,719,175 

1 01030 新城發展控股 484,052,160 15,373,420 499,425,580 
2 00700 騰訊控股 211,561,760 143,169,140 354,730,900 
3 01918 融創中國 137,570,500 153,872,550 291,443,050 
4 01548 金斯瑞生物科技 191,314,800 91,288,300 282,603,100 
5 01398 工商銀行 251,960,350 11,090,380 263,050,730 
6 02202 萬科企業 115,915,745 142,087,495 258,003,240 
7 02318 中國平安 135,981,300 53,307,825 189,289,125 
8 00388 香港交易所 140,576,080 39,387,240 179,963,320 
9 01288 農業銀行 150,150,360 5,905,560 156,055,920 
10 00939 建設銀行 134,352,430 12,392,770 146,745,200 
