1 00241 阿里健康 262,532,440 136,107,920 398,640,360 
2 00857 中國石油股份 302,678,780 72,663,040 375,341,820 
3 00700 騰訊控股 117,955,120 157,133,380 275,088,500 
4 02382 舜宇光學科技 144,589,920 86,172,970 230,762,890 
5 01918 融創中國 94,892,350 117,440,300 212,332,650 
6 01171 兗州煤業股份 35,411,360 160,092,080 195,503,440 
7 00607 豐盛控股 118,933,850 75,351,950 194,285,800 
8 00386 中國石油化工股份 134,873,900 50,013,740 184,887,640 
9 00939 建設銀行 6,413,360 176,631,590 183,044,950 
10 01088 中國神華 54,711,950 88,379,075 143,091,025 

1 00700 騰訊控股 53,810,240 257,449,629 311,259,869 
2 00857 中國石油股份 170,522,960 39,600,420 210,123,380 
3 02382 舜宇光學科技 79,270,540 100,381,520 179,652,060 
4 00895 東江環保 73,022,676 51,624,572 124,647,248 
5 00279 民眾金融科技 76,226,760 48,316,160 124,542,920 
6 00241 阿里健康 69,841,880 53,347,980 123,189,860 
7 06169 宇華教育 45,561,640 66,174,500 111,736,140 
8 01548 金斯瑞生物科技 38,827,700 55,272,000 94,099,700 
9 02202 萬科企業 29,267,205 54,191,910 83,459,115 
10 01458 周黑鴨 44,873,270 27,407,860 72,281,130 
