1 00981 中芯國際 104,571,940 271,126,794 375,698,734 
2 00586 海螺創業 185,070,100 151,695,475 336,765,575 
3 01088 中國神華 193,630,400 85,560,075 279,190,475 
4 00700 騰訊控股 60,178,620 171,598,200 231,776,820 
5 00939 建設銀行 459,640 230,217,410 230,677,050 
6 00291 華潤啤酒 189,895,900 31,887,300 221,783,200 
7 00175 吉利汽車 183,239,350 28,286,100 211,525,450 
8 01171 兗州煤業股份 157,381,200 50,104,760 207,485,960 
9 02628 中國人壽 202,474,650 1,308,500 203,783,150 
10 03968 招商銀行 72,227,350 106,317,825 178,545,175 

1 00700 騰訊控股 88,763,740 155,045,480 243,809,220 
2 00981 中芯國際 161,072,070 34,878,630 195,950,700 
3 01339 中國人民保險集團 134,333,600 18,185,190 152,518,790 
4 01918 融創中國 121,559,350 24,547,300 146,106,650 
5 01317 楓葉教育 112,885,240 10,132,960 123,018,200 
6 01088 中國神華 96,905,800 21,272,975 118,178,775 
7 01177 中國生物製藥 93,349,240 9,277,960 102,627,200 
8 00291 華潤啤酒 79,427,200 20,772,900 100,200,100 
9 01530 三生製藥 92,193,000 3,558,775 95,751,775 
10 00874 白雲山 31,207,400 61,749,200 92,956,600 
