1 00700 騰訊控股 335,156,360 836,924,800 1,172,081,160 
2 02018 瑞聲科技 139,413,350 302,495,100 441,908,450 
3 00874 白雲山 163,186,600 131,302,872 294,489,472 
4 00939 建設銀行 37,154,440 242,595,170 279,749,610 
5 01093 石藥集團 71,192,100 110,727,400 181,919,500 
6 00902 華能國際電力股份 165,618,500 14,884,700 180,503,200 
7 00175 吉利汽車 135,890,250 33,250,300 169,140,550 
8 01918 融創中國 49,178,850 119,300,500 168,479,350 
9 00291 華潤啤酒 68,605,900 86,366,000 154,971,900 
10 02318 中國平安 10,152,900 138,458,500 148,611,400 

1 00700 騰訊控股 153,103,760 297,242,280 450,346,040 
2 02018 瑞聲科技 27,073,050 224,091,000 251,164,050 
3 01548 金斯瑞生物科技 54,906,800 100,473,300 155,380,100 
4 00175 吉利汽車 50,070,350 77,118,200 127,188,550 
5 01918 融創中國 80,853,850 36,532,100 117,385,950 
6 02382 舜宇光學科技 47,551,350 56,455,010 104,006,360 
7 02007 碧桂園 82,916,840 19,844,440 102,761,280 
8 00388 香港交易所 7,824,360 90,643,760 98,468,120 
9 00279 民眾金融科技 64,856,100 26,166,500 91,022,600 
10 06169 宇華教育 26,336,100 62,363,720 88,699,820 
