1 01398 工商銀行 418,818,230 59,820,670 478,638,900 
2 00175 吉利汽車 109,910,500 151,667,900 261,578,400 
3 00005 匯豐控股 218,389,160 27,203,360 245,592,520 
4 01918 融創中國 57,460,050 170,079,150 227,539,200 
5 00700 騰訊控股 114,164,620 90,062,140 204,226,760 
6 00939 建設銀行 17,547,720 126,146,480 143,694,200 
7 01288 農業銀行 101,759,470 2,294,830 104,054,300 
8 02318 中國平安 3,792,700 94,769,950 98,562,650 
9 02388 中銀香港 17,925 93,176,575 93,194,500 
10 01093 石藥集團 18,420,560 73,035,574 91,456,134 

1 00700 騰訊控股 55,549,420 64,883,860 120,433,280 
2 01093 石藥集團 27,241,920 63,767,400 91,009,320 
3 01448 福壽園 23,648,660 57,381,550 81,030,210 
4 00763 中興通訊 51,131,256 28,863,408 79,994,664 
5 00581 中國東方集團 8,401,260 66,317,480 74,718,740 
6 00268 金蝶國際 50,574,940 21,418,800 71,993,740 
7 00005 匯豐控股 60,296,840 0 60,296,840 
8 00175 吉利汽車 23,715,360 35,697,520 59,412,880 
9 01928 金沙中國有限公司 77,760 56,910,400 56,988,160 
10 00939 建設銀行 50,280,220 5,263,130 55,543,350 
