1 00981 中芯國際 414,678,960 332,827,138 747,506,098 
2 00700 騰訊控股 358,869,120 253,423,160 612,292,280 
3 01347 華虹半導體 358,742,760 45,551,960 404,294,720 
4 02018 瑞聲科技 78,225,850 278,954,600 357,180,450 
5 00939 建設銀行 55,189,890 220,932,423 276,122,313 
6 00857 中國石油股份 213,157,300 47,757,620 260,914,920 
7 01398 工商銀行 69,223,400 164,763,680 233,987,080 
8 01918 融創中國 74,037,150 149,527,150 223,564,300 
9 02319 蒙牛乳業 148,847,000 64,945,400 213,792,400 
10 02382 舜宇光學科技 73,811,420 97,870,280 171,681,700 

1 00700 騰訊控股 327,573,540 68,563,760 396,137,300 
2 00981 中芯國際 133,551,060 258,259,512 391,810,572 
3 02007 碧桂園 75,760,020 57,454,220 133,214,240 
4 00268 金蝶國際 82,553,660 25,646,120 108,199,780 
5 01347 華虹半導體 40,028,980 62,431,760 102,460,740 
6 02388 中銀香港 100,729,475 58,575 100,788,050 
7 02382 舜宇光學科技 87,082,080 12,607,090 99,689,170 
8 00857 中國石油股份 70,984,040 14,107,140 85,091,180 
9 01317 楓葉教育 35,319,000 44,068,920 79,387,920 
10 01548 金斯瑞生物科技 25,058,400 54,271,500 79,329,900 
