1 00005 匯豐控股 2,322,021,100 37,151,771 2,359,172,871 
2 00700 騰訊控股 367,035,720 136,224,240 503,259,960 
3 00998 中信銀行 215,412,730 226,743,880 442,156,610 
4 01398 工商銀行 260,066,720 109,641,620 369,708,340 
5 02333 長城汽車 234,173,760 117,817,545 351,991,305 
6 02601 中國太保 75,689,920 272,131,150 347,821,070 
7 00857 中國石油股份 310,312,400 25,392,620 335,705,020 
8 03968 招商銀行 273,528,575 59,881,850 333,410,425 
9 00939 建設銀行 112,964,270 205,122,903 318,087,173 
10 02318 中國平安 61,839,275 249,838,600 311,677,875 

1 01548 金斯瑞生物科技 251,280,700 302,286,500 553,567,200 
2 00700 騰訊控股 149,270,020 144,547,880 293,817,900 
3 01918 融創中國 60,828,150 208,153,000 268,981,150 
4 01336 新華保險 12,660,180 133,318,960 145,979,140 
5 00763 中興通訊 72,650,410 56,921,410 129,571,820 
6 02007 碧桂園 49,594,960 65,784,600 115,379,560 
7 01171 兗州煤業股份 91,243,080 16,517,880 107,760,960 
8 01357 美圖公司 75,011,350 30,877,910 105,889,260 
9 01055 中國南方航空股份 44,909,340 58,062,880 102,972,220 
10 02333 長城汽車 31,580,600 55,665,660 87,246,260 
