1 00700 騰訊控股 118,085,420 568,446,430 686,531,850 
2 00857 中國石油股份 114,588,160 394,871,260 509,459,420 
3 00386 中國石油化工股份 171,388,940 41,608,200 212,997,140 
4 00902 華能國際電力股份 128,939,440 72,458,640 201,398,080 
5 00939 建設銀行 9,750,270 184,100,820 193,851,090 
6 01093 石藥集團 73,238,300 102,206,500 175,444,800 
7 00175 吉利汽車 132,256,400 19,435,350 151,691,750 
8 02607 上海醫藥 75,205,210 64,922,650 140,127,860 
9 02382 舜宇光學科技 102,840,140 18,484,960 121,325,100 
10 00168 青島啤酒股份 17,986,700 99,894,900 117,881,600 

1 00700 騰訊控股 104,705,820 419,809,032 524,514,852 
2 01093 石藥集團 219,067,700 35,065,100 254,132,800 
3 00857 中國石油股份 162,567,000 64,806,180 227,373,180 
4 00279 民眾金融科技 112,860,920 114,219,140 227,080,060 
5 00586 海螺創業 123,322,350 3,024,475 126,346,825 
6 01177 中國生物製藥 101,316,280 25,001,950 126,318,230 
7 01548 金斯瑞生物科技 44,744,900 79,953,000 124,697,900 
8 02269 藥明生物 47,892,750 59,969,825 107,862,575 
9 02319 蒙牛乳業 103,371,950 369,400 103,741,350 
10 00027 銀河娛樂 98,792,400 486,500 99,278,900 
