1 00700 騰訊控股 642,410,580 903,766,680 1,546,177,260 
2 00939 建設銀行 449,670,260 163,802,730 613,472,990 
3 00005 匯豐控股 570,264,900 4,404,100 574,669,000 
4 01398 工商銀行 256,444,490 156,428,730 412,873,220 
5 03968 招商銀行 221,838,050 188,449,525 410,287,575 
6 00175 吉利汽車 71,712,960 315,089,726 386,802,686 
7 02601 中國太保 277,461,120 100,706,950 378,168,070 
8 00388 香港交易所 333,358,240 15,734,080 349,092,320 
9 01288 農業銀行 147,087,570 195,351,360 342,438,930 
10 01918 融創中國 84,747,400 227,183,200 311,930,600 

1 00700 騰訊控股 389,496,640 506,297,060 895,793,700 
2 00175 吉利汽車 68,509,080 203,142,160 271,651,240 
3 00763 中興通訊 123,819,216 117,432,120 241,251,336 
4 01918 融創中國 69,159,850 86,782,050 155,941,900 
5 00981 中芯國際 98,902,410 30,854,250 129,756,660 
6 01288 農業銀行 105,380,400 12,171,190 117,551,590 
7 00288 萬洲國際 5,214,555 103,600,895 108,815,450 
8 00388 香港交易所 101,364,940 5,873,900 107,238,840 
9 01093 石藥集團 36,969,120 63,966,440 100,935,560 
10 02601 中國太保 33,044,790 61,463,050 94,507,840 
