1 00700 騰訊控股 28,313,780 606,047,280 634,361,060 
2 00586 海螺創業 251,535,325 239,135,550 490,670,875 
3 01398 工商銀行 297,546,210 12,803,970 310,350,180 
4 00175 吉利汽車 154,985,320 95,245,980 250,231,300 
5 03988 中國銀行 784,640 214,760,480 215,545,120 
6 01288 農業銀行 127,079,860 37,255,350 164,335,210 
7 01918 融創中國 40,783,300 106,010,100 146,793,400 
8 00966 中國太平 83,199,870 61,461,460 144,661,330 
9 01109 華潤置地 32,023,900 100,214,100 132,238,000 
10 00939 建設銀行 104,760,660 23,242,360 128,003,020 

1 00763 中興通訊 81,802,068 107,170,096 188,972,164 
2 00700 騰訊控股 33,015,540 99,295,100 132,310,640 
3 01299 友邦保險 115,409,420 27,200 115,436,620 
4 00268 金蝶國際 40,282,000 47,190,660 87,472,660 
5 01317 楓葉教育 46,676,080 38,816,020 85,492,100 
6 00874 白雲山 37,417,600 45,781,500 83,199,100 
7 01579 頤海國際 48,510,920 26,841,780 75,352,700 
8 01548 金斯瑞生物科技 27,945,120 43,248,060 71,193,180 
9 01918 融創中國 51,177,000 17,298,550 68,475,550 
10 01177 中國生物製藥 16,522,420 43,550,510 60,072,930 
