1 01398 工商銀行 703,946,430 137,661,550 841,607,980 
2 00700 騰訊控股 53,874,380 759,750,700 813,625,080 
3 01918 融創中國 149,153,100 138,657,100 287,810,200 
4 01288 農業銀行 213,233,920 62,720,560 275,954,480 
5 00291 華潤啤酒 1,073,500 268,400,100 269,473,600 
6 00939 建設銀行 203,630,860 51,838,170 255,469,030 
7 03333 中國恒大 42,667,550 192,032,050 234,699,600 
8 02382 舜宇光學科技 106,039,050 71,744,745 177,783,795 
9 02018 瑞聲科技 2,852,775 172,182,675 175,035,450 
10 02007 碧桂園 24,224,580 137,148,620 161,373,200 

1 00700 騰訊控股 251,790,600 94,373,780 346,164,380 
2 01317 楓葉教育 89,478,380 91,116,060 180,594,440 
3 01918 融創中國 57,139,250 80,046,150 137,185,400 
4 02382 舜宇光學科技 56,373,305 49,427,895 105,801,200 
5 01548 金斯瑞生物科技 28,660,200 65,263,560 93,923,760 
6 02018 瑞聲科技 480,600 93,203,425 93,684,025 
7 01030 新城發展控股 3,100,120 83,880,140 86,980,260 
8 00268 金蝶國際 66,176,200 12,740,720 78,916,920 
9 00763 中興通訊 42,202,312 31,678,740 73,881,052 
10 00175 吉利汽車 18,967,640 49,909,440 68,877,080 
