1 00005 匯豐控股 709,685,320 47,212,640 756,897,960 
2 00175 吉利汽車 11,342,680 449,577,920 460,920,600 
3 01398 工商銀行 66,834,170 297,424,330 364,258,500 
4 00700 騰訊控股 152,234,100 182,533,040 334,767,140 
5 02601 中國太保 165,118,980 168,709,940 333,828,920 
6 00388 香港交易所 986,260 327,306,820 328,293,080 
7 00939 建設銀行 30,703,430 180,868,720 211,572,150 
8 03968 招商銀行 41,391,150 155,669,625 197,060,775 
9 01288 農業銀行 29,795,770 125,971,560 155,767,330 
10 00883 中國海洋石油 482,840 146,072,700 146,555,540 

1 00700 騰訊控股 85,567,220 115,291,100 200,858,320 
2 00388 香港交易所 1,150,940 133,230,040 134,380,980 
3 01299 友邦保險 0 89,182,490 89,182,490 
4 00939 建設銀行 63,087,570 3,680,010 66,767,580 
5 01918 融創中國 36,996,800 29,349,250 66,346,050 
6 00175 吉利汽車 8,277,120 58,030,160 66,307,280 
7 00268 金蝶國際（一千） 8,751,030 55,928,110 64,679,140 
8 02318 中國平安 22,145,275 41,246,250 63,391,525 
9 00763 中興通訊 28,862,904 30,858,488 59,721,392 
10 01171 兗州煤業股份 33,710,320 25,959,140 59,669,460 
