1 00700 騰訊控股 175,848,920 254,981,380 430,830,300 
2 02382 舜宇光學科技 72,713,910 183,908,190 256,622,100 
3 03988 中國銀行 57,487,880 168,316,174 225,804,054 
4 00939 建設銀行 3,322,620 171,602,870 174,925,490 
5 00998 中信銀行 17,112,280 124,092,620 141,204,900 
6 01088 中國神華 90,417,850 25,279,260 115,697,110 
7 01398 工商銀行 4,955,140 94,233,220 99,188,360 
8 01336 新華保險 45,766,950 53,312,140 99,079,090 
9 02238 廣汽集團 74,555,520 12,677,768 87,233,288 
10 00656 復星國際 74,600,250 10,163,010 84,763,260 

1 00763 中興通訊 232,270,268 185,038,536 417,308,804 
2 00268 金蝶國際 28,075,620 122,243,400 150,319,020 
3 00700 騰訊控股 54,118,200 94,905,940 149,024,140 
4 02007 碧桂園 14,146,020 122,575,200 136,721,220 
5 01336 新華保險 38,669,105 83,874,520 122,543,625 
6 01918 融創中國 36,232,300 70,215,150 106,447,450 
7 00939 建設銀行 10,099,620 83,341,390 93,441,010 
8 01055 中國南方航空股份 53,478,940 18,930,400 72,409,340 
9 01114  1,785,360 60,963,360 62,748,720 
10 00027 銀河娛樂 57,578,250 0 57,578,250 
