1 00700 騰訊控股 575,673,120 904,746,000 1,480,419,120 
2 00175 吉利汽車 522,130,650 290,303,950 812,434,600 
3 01398 工商銀行 360,334,720 244,979,550 605,314,270 
4 00388 香港交易所 425,137,720 17,249,109 442,386,829 
5 00939 建設銀行 201,509,840 215,154,740 416,664,580 
6 02018 瑞聲科技 193,924,100 150,423,700 344,347,800 
7 02318 中國平安 225,239,925 110,683,050 335,922,975 
8 01288 農業銀行 90,341,680 222,630,250 312,971,930 
9 01171 兗州煤業股份 180,060,920 107,674,840 287,735,760 
10 01918 融創中國 109,669,500 168,149,150 277,818,650 

1 00700 騰訊控股 181,646,460 205,564,520 387,210,980 
2 00966 中國太平 266,876,130 3,903,890 270,780,020 
3 00175 吉利汽車 153,777,050 91,505,900 245,282,950 
4 02601 中國太保 199,781,830 14,507,080 214,288,910 
5 00763 中興通訊 129,354,140 49,239,360 178,593,500 
6 01918 融創中國 114,012,500 61,923,550 175,936,050 
7 01171 兗州煤業股份 46,525,800 117,783,240 164,309,040 
8 03993 洛陽鉬業 52,895,520 68,603,220 121,498,740 
9 00268 金蝶國際 65,034,680 42,484,760 107,519,440 
10 02333 長城汽車 85,755,475 19,178,475 104,933,950 
