1 00700 騰訊控股 146,732,840 506,347,600 653,080,440 
2 00175 吉利汽車 45,869,500 192,919,900 238,789,400 
3 02018 瑞聲科技 83,925,450 109,437,000 193,362,450 
4 02628 中國人壽 156,950,200 31,521,850 188,472,050 
5 02007 碧桂園 108,488,840 70,226,400 178,715,240 
6 01128 永利澳門 5,233,960 165,276,760 170,510,720 
7 02382 舜宇光學科技 99,790,780 59,689,480 159,480,260 
8 01918 融創中國 83,940,850 69,146,900 153,087,750 
9 00241 阿里健康 92,161,680 52,659,340 144,821,020 
10 00939 建設銀行 1,263,270 136,086,480 137,349,750 

1 00700 騰訊控股 253,521,940 123,845,260 377,367,200 
2 02018 瑞聲科技 192,768,350 27,589,000 220,357,350 
3 01548 金斯瑞生物科技 110,106,400 103,981,300 214,087,700 
4 03301 融信中國 102,566,100 67,748,170 170,314,270 
5 01530 三生製藥 148,535,175 951,025 149,486,200 
6 00268 金蝶國際 67,446,040 52,730,700 120,176,740 
7 02202 萬科企業 44,342,835 72,288,805 116,631,640 
8 03323 中國建材 45,608,060 62,081,560 107,689,620 
9 01088 中國神華 97,341,675 8,272,525 105,614,200 
10 00939 建設銀行 481,440 103,249,000 103,730,440 
