1 00939 建設銀行 54,058,060 261,182,690 315,240,750 
2 00700 騰訊控股 142,955,980 170,021,880 312,977,860 
3 00902 華能國際電力股份 126,679,680 103,471,140 230,150,820 
4 01288 農業銀行 108,776,260 62,966,360 171,742,620 
5 01918 融創中國 96,957,900 68,230,950 165,188,850 
6 03988 中國銀行 1,360,030 159,004,980 160,365,010 
7 01398 工商銀行 1,077,300 153,344,690 154,421,990 
8 02382 舜宇光學科技 131,204,820 15,419,440 146,624,260 
9 00388 香港交易所 131,886,460 9,908,920 141,795,380 
10 02601 中國太保 127,857,630 10,804,130 138,661,760 

1 00700 騰訊控股 130,630,560 148,358,171 278,988,731 
2 00027 銀河娛樂 150,760,650 1,678,800 152,439,450 
3 01918 融創中國 48,659,000 33,176,850 81,835,850 
4 00998 中信銀行 37,822,570 37,155,230 74,977,800 
5 00763 中興通訊 34,062,800 40,379,280 74,442,080 
6 01028 千百度 31,057,230 37,093,430 68,150,660 
7 00880 澳博控股 55,325,140 6,151,050 61,476,190 
8 02382 舜宇光學科技 24,199,770 37,161,000 61,360,770 
9 01398 工商銀行 3,558,340 53,446,330 57,004,670 
10 01478 丘鈦科技 27,625,210 26,548,870 54,174,080 
