1 01398 工商銀行 30,478,140 185,488,250 215,966,390 
2 00700 騰訊控股 62,302,760 147,072,440 209,375,200 
3 01918 融創中國 59,661,500 118,289,150 177,950,650 
4 03968 招商銀行 19,179,950 104,492,825 123,672,775 
5 00586 海螺創業 58,768,150 57,822,125 116,590,275 
6 00857 中國石油股份 21,283,240 79,026,160 100,309,400 
7 02196 復星醫藥 58,071,600 41,616,625 99,688,225 
8 00386 中國石油化工股份 4,394,500 74,833,020 79,227,520 
9 01766 中國中車 60,979,480 9,053,556 70,033,036 
10 00981 中芯國際 42,968,640 17,162,760 60,131,400 

1 00386 中國石油化工股份 1,463,040 126,916,100 128,379,140 
2 02318 中國平安 7,667,050 92,804,475 100,471,525 
3 00700 騰訊控股 48,660,180 36,214,960 84,875,140 
4 03968 招商銀行 5,204,975 75,816,200 81,021,175 
5 01918 融創中國 20,223,400 34,121,950 54,345,350 
6 00902 華能國際電力股份 45,743,680 4,027,380 49,771,060 
7 01558 東陽光藥 40,541,780 8,263,570 48,805,350 
8 01288 農業銀行 44,103,680 533,630 44,637,310 
9 00883 中國海洋石油 2,949,720 37,077,580 40,027,300 
10 01666 同仁堂科技 27,106,700 11,006,680 38,113,380 
