1 00700 騰訊控股 372,040,540 243,769,860 615,810,400 
2 01288 農業銀行 347,403,000 29,257,070 376,660,070 
3 01398 工商銀行 211,387,040 52,547,220 263,934,260 
4 00939 建設銀行 118,719,010 110,380,740 229,099,750 
5 01918 融創中國 119,038,600 104,707,430 223,746,030 
6 03968 招商銀行 178,559,050 44,207,575 222,766,625 
7 01336 新華保險 68,000,455 127,125,320 195,125,775 
8 02382 舜宇光學科技 58,073,065 104,090,250 162,163,315 
9 02601 中國太保 137,796,620 9,575,620 147,372,240 
10 00902 華能國際電力股份 68,568,700 41,797,300 110,366,000 

1 00700 騰訊控股 193,985,780 256,092,560 450,078,340 
2 01918 融創中國 104,797,060 56,736,450 161,533,510 
3 00914 海螺水泥 10,173,600 93,285,425 103,459,025 
4 02202 萬科企業 83,448,160 9,877,570 93,325,730 
5 01299 友邦保險 910,920 88,823,690 89,734,610 
6 01398 工商銀行 44,720,270 19,768,240 64,488,510 
7 00763 中興通訊 23,239,468 37,466,756 60,706,224 
8 00027 銀河娛樂 619,000 58,509,750 59,128,750 
9 03311 中國建築國際 2,035,280 55,142,960 57,178,240 
10 01666 同仁堂科技 35,536,980 18,319,720 53,856,700 
