1 00700 騰訊控股 257,895,740 466,435,020 724,330,760 
2 01398 工商銀行 446,486,930 236,253,550 682,740,480 
3 01918 融創中國 271,519,850 303,173,150 574,693,000 
4 02318 中國平安 153,318,925 357,457,450 510,776,375 
5 01988 民生銀行 201,741,175 269,994,880 471,736,055 
6 03988 中國銀行 341,728,570 123,689,370 465,417,940 
7 01336 新華保險 250,558,850 202,948,850 453,507,700 
8 00939 建設銀行 280,001,100 144,107,610 424,108,710 
9 01288 農業銀行 180,206,070 221,537,230 401,743,300 
10 00175 吉利汽車 63,969,050 277,629,500 341,598,550 

1 01030 新城發展控股 286,522,000 129,836,760 416,358,760 
2 00939 建設銀行 323,162,620 56,739,730 379,902,350 
3 00700 騰訊控股 238,421,600 95,309,300 333,730,900 
4 01918 融創中國 121,818,400 127,756,400 249,574,800 
5 01398 工商銀行 91,233,500 133,665,160 224,898,660 
6 01548 金斯瑞生物科技 86,477,100 137,510,400 223,987,500 
7 00535 金地商置 170,312,880 30,376,060 200,688,940 
8 00388 香港交易所 129,701,820 39,147,340 168,849,160 
9 00763 中興通訊 100,305,240 67,772,380 168,077,620 
10 01055 中國南方航空股份 115,166,740 30,009,640 145,176,380 
