1 00700 騰訊控股 136,204,040 544,945,880 681,149,920 
2 00175 吉利汽車 140,853,360 343,803,320 484,656,680 
3 01918 融創中國 141,958,200 198,978,500 340,936,700 
4 00586 海螺創業 142,057,625 120,503,550 262,561,175 
5 03988 中國銀行 6,213,860 165,022,570 171,236,430 
6 01288 農業銀行 145,447,140 6,073,510 151,520,650 
7 01299 友邦保險 3,735,020 129,809,580 133,544,600 
8 03333 中國恒大 66,863,300 54,743,850 121,607,150 
9 00817 中國金茂 19,463,480 92,940,340 112,403,820 
10 02007 碧桂園 14,217,500 97,428,780 111,646,280 

1 00763 中興通訊 99,317,936 99,041,060 198,358,996 
2 02238 廣汽集團 98,236,340 27,518,360 125,754,700 
3 00700 騰訊控股 18,830,140 95,473,200 114,303,340 
4 01918 融創中國 63,130,050 47,904,600 111,034,650 
5 01336 新華保險 62,690,685 22,044,510 84,735,195 
6 01448 福壽園 33,577,410 49,542,690 83,120,100 
7 01548 金斯瑞生物科技 22,149,680 52,550,440 74,700,120 
8 00175 吉利汽車 52,731,780 11,931,760 64,663,540 
9 06169 宇華教育 20,138,080 41,528,380 61,666,460 
10 00939 建設銀行 6,289,310 54,793,070 61,082,380 
