1 00700 騰訊控股 411,154,860 180,739,060 591,893,920 
2 00939 建設銀行 115,696,520 202,318,408 318,014,928 
3 01918 融創中國 98,805,150 198,645,850 297,451,000 
4 00857 中國石油股份 194,426,880 32,649,180 227,076,060 
5 02318 中國平安 97,989,575 123,755,850 221,745,425 
6 01088 中國神華 162,578,940 36,791,880 199,370,820 
7 02328 中國財險 93,541,080 53,658,000 147,199,080 
8 01093 石藥集團 102,782,000 40,172,500 142,954,500 
9 01109 華潤置地 642,100 136,363,000 137,005,100 
10 00386 中國石油化工股份 38,242,500 98,369,752 136,612,252 

1 00700 騰訊控股 253,066,560 82,671,000 335,737,560 
2 00658 中國高速傳動 116,407,380 129,324,560 245,731,940 
3 02382 舜宇光學科技 213,524,760 4,789,740 218,314,500 
4 01918 融創中國 72,819,750 72,709,750 145,529,500 
5 00867 康哲藥業 13,634,260 75,010,020 88,644,280 
6 00388 香港交易所 53,328,020 25,761,880 79,089,900 
7 02318 中國平安 3,348,600 72,364,400 75,713,000 
8 02689 玖龍紙業 56,897,580 7,458,680 64,356,260 
9 02208 金風科技 27,134,124 32,896,968 60,031,092 
10 00966 中國太平 57,085,020 525,050 57,610,070 
