1 00700 騰訊控股 762,138,880 1,126,953,320 1,889,092,200 
2 01398 工商銀行 534,522,440 187,294,688 721,817,128 
3 01336 新華保險 234,436,655 308,716,660 543,153,315 
4 02601 中國太保 193,876,340 336,554,560 530,430,900 
5 02318 中國平安 150,824,650 303,565,750 454,390,400 
6 03968 招商銀行 197,951,000 222,847,293 420,798,293 
7 01288 農業銀行 228,723,760 154,501,690 383,225,450 
8 00939 建設銀行 200,589,120 160,038,838 360,627,958 
9 00175 吉利汽車 27,493,950 330,421,050 357,915,000 
10 00998 中信銀行 128,778,890 199,412,680 328,191,570 

1 00700 騰訊控股 231,898,560 472,068,220 703,966,780 
2 01548 金斯瑞生物科技 141,094,000 136,149,000 277,243,000 
3 02899 紫金礦業 137,173,380 98,814,880 235,988,260 
4 01398 工商銀行 90,043,190 101,027,870 191,071,060 
5 01030 新城發展控股 100,179,860 61,710,220 161,890,080 
6 01336 新華保險 42,809,715 103,316,765 146,126,480 
7 02202 萬科企業 47,465,635 90,234,240 137,699,875 
8 00268 金蝶國際 122,411,560 14,952,360 137,363,920 
9 00966 中國太平 22,728,150 106,463,480 129,191,630 
10 06030 中信証券 67,090,025 59,831,600 126,921,625 
