1 00700 騰訊控股 189,687,680 99,039,635 288,727,315 
2 00586 海螺創業 114,454,300 113,716,550 228,170,850 
3 01918 融創中國 107,906,700 83,515,550 191,422,250 
4 06886 - 70,808,644 94,488,108 165,296,752 
5 01398 工商銀行 62,095,200 60,826,310 122,921,510 
6 03900 綠城中國 70,135,240 27,130,570 97,265,810 
7 01093 石藥集團 54,977,720 35,989,520 90,967,240 
8 02899 紫金礦業 40,843,660 38,482,620 79,326,280 
9 00966 中國太平 30,421,470 46,305,200 76,726,670 
10 03968 招商銀行 38,169,725 38,511,875 76,681,600 

1 01918 融創中國 75,567,250 105,109,250 180,676,500 
2 00700 騰訊控股 52,299,440 50,608,420 102,907,860 
3 01109 華潤置地 606,600 80,446,600 81,053,200 
4 00966 中國太平 17,234,400 59,979,140 77,213,540 
5 00960 龍湖集團 344,975 58,228,875 58,573,850 
6 01055 中國南方航空股份 6,928,120 51,140,400 58,068,520 
7 02202 萬科企業 28,121,545 28,955,605 57,077,150 
8 01776 廣發証券 3,434,784 39,375,028 42,809,812 
9 01548 金斯瑞生物科技 19,656,520 20,059,400 39,715,920 
10 00788 中國鐵塔 30,912,460 8,730,080 39,642,540 
