1 01398 工商銀行 275,770,660 50,828,820 326,599,480 
2 00005 匯豐控股 286,004,860 104,880 286,109,740 
3 00700 騰訊控股 135,442,960 144,192,080 279,635,040 
4 01288 農業銀行 239,067,060 8,881,120 247,948,180 
5 00939 建設銀行 209,121,680 14,529,700 223,651,380 
6 00586 海螺創業 108,041,000 108,067,125 216,108,125 
7 02601 中國太保 156,356,710 25,226,500 181,583,210 
8 02196 復星醫藥 106,178,175 58,435,600 164,613,775 
9 01918 融創中國 56,476,450 73,201,050 129,677,500 
10 00175 吉利汽車 68,649,200 58,324,520 126,973,720 

1 00700 騰訊控股 83,989,200 309,416,640 393,405,840 
2 01918 融創中國 56,127,150 39,602,750 95,729,900 
3 01177 中國生物製藥 50,823,910 34,121,210 84,945,120 
4 00763 中興通訊 51,846,172 18,783,708 70,629,880 
5 02208 金風科技 39,367,570 25,240,446 64,608,016 
6 01317 楓葉教育 32,275,220 11,651,040 43,926,260 
7 00175 吉利汽車 25,895,420 16,752,900 42,648,320 
8 00189 東岳集團 17,334,750 15,645,740 32,980,490 
9 03800 保利協鑫能源 20,011,140 11,935,070 31,946,210 
10 03333 中國恒大 18,042,810 13,408,850 31,451,660 
