1 01177 中國生物製藥 218,900,540 46,068,340 264,968,880 
2 01918 融創中國 135,549,350 77,292,350 212,841,700 
3 00386 中國石油化工股份 1,267,920 208,870,240 210,138,160 
4 03968 招商銀行 157,312,575 45,737,800 203,050,375 
5 00700 騰訊控股 87,370,980 114,124,760 201,495,740 
6 00902 華能國際電力股份 180,503,620 14,354,920 194,858,540 
7 00175 吉利汽車 131,696,700 58,747,367 190,444,067 
8 03328 交通銀行 137,461,630 24,088,820 161,550,450 
9 00981 中芯國際 71,635,040 76,032,040 147,667,080 
10 01088 中國神華 105,868,850 14,933,575 120,802,425 

1 00763 中興通訊 88,982,976 217,206,594 306,189,570 
2 00700 騰訊控股 90,900,280 72,179,960 163,080,240 
3 01548 金斯瑞生物科技 100,285,500 52,857,700 153,143,200 
4 00291 華潤啤酒 73,879,500 38,029,200 111,908,700 
5 00880 澳博控股 91,843,520 7,008,420 98,851,940 
6 02382 舜宇光學科技 77,056,090 15,064,880 92,120,970 
7 00981 中芯國際 33,582,620 36,618,080 70,200,700 
8 00241 阿里健康 47,720,960 18,253,780 65,974,740 
9 00268 金蝶國際 43,403,040 19,359,840 62,762,880 
10 01339 中國人民保險集團 7,410,970 54,031,990 61,442,960 
