1 00700 騰訊控股 689,628,340 1,533,786,159 2,223,414,499 
2 00241 阿里健康 275,202,200 74,481,000 349,683,200 
3 00386 中國石油化工股份 213,563,640 39,417,480 252,981,120 
4 00857 中國石油股份 211,482,560 21,172,480 232,655,040 
5 02318 中國平安 4,007,650 212,424,125 216,431,775 
6 02238 廣汽集團 70,004,160 126,406,480 196,410,640 
7 00939 建設銀行 4,850,630 150,363,750 155,214,380 
8 01398 工商銀行 41,270,130 98,298,510 139,568,640 
9 03888 金山軟件 32,806,350 106,293,400 139,099,750 
10 01288 農業銀行 58,452,830 70,952,570 129,405,400 

1 00700 騰訊控股 275,776,520 567,194,350 842,970,870 
2 00279 民眾金融科技 97,642,540 63,642,260 161,284,800 
3 01548 金斯瑞生物科技 49,662,100 90,239,000 139,901,100 
4 00241 阿里健康 59,911,180 79,252,940 139,164,120 
5 01317 楓葉教育 88,848,640 15,110,880 103,959,520 
6 01093 石藥集團 56,344,500 36,022,400 92,366,900 
7 06169 宇華教育 43,454,740 47,550,180 91,004,920 
8 00268 金蝶國際 62,386,060 21,895,800 84,281,860 
9 01918 融創中國 48,968,250 34,091,050 83,059,300 
10 00966 中國太平 18,888,160 56,153,870 75,042,030 
