1 00700 騰訊控股 444,446,160 1,799,689,351 2,244,135,511 
2 01398 工商銀行 593,824,600 99,893,000 693,717,600 
3 03968 招商銀行 191,886,525 89,947,750 281,834,275 
4 01918 融創中國 105,605,350 139,514,500 245,119,850 
5 02382 舜宇光學科技 52,125,600 185,760,432 237,886,032 
6 02319 蒙牛乳業 9,739,650 185,047,050 194,786,700 
7 02601 中國太保 18,454,190 174,782,780 193,236,970 
8 00175 吉利汽車 54,159,180 138,404,760 192,563,940 
9 03333 中國恒大 116,050,400 67,582,150 183,632,550 
10 00288 萬洲國際 24,559,750 154,106,415 178,666,165 

1 00700 騰訊控股 200,074,320 304,724,550 504,798,870 
2 00268 金蝶國際 140,310,900 273,749,260 414,060,160 
3 02382 舜宇光學科技 18,034,205 264,909,200 282,943,405 
4 01548 金斯瑞生物科技 61,944,640 104,847,680 166,792,320 
5 00763 中興通訊 90,330,236 73,414,924 163,745,160 
6 01317 楓葉教育 47,507,580 88,322,160 135,829,740 
7 02318 中國平安 1,135,850 131,667,075 132,802,925 
8 00939 建設銀行 5,501,670 114,829,540 120,331,210 
9 03888 金山軟件 14,308,720 85,751,480 100,060,200 
10 01918 融創中國 61,080,200 37,265,600 98,345,800 
