1 00939 建設銀行 510,358,740 66,979,630 577,338,370 
2 01398 工商銀行 279,977,240 289,638,370 569,615,610 
3 03988 中國銀行 136,937,450 232,203,877 369,141,327 
4 01288 農業銀行 293,687,570 75,339,907 369,027,477 
5 00700 騰訊控股 201,698,560 131,952,680 333,651,240 
6 01088 中國神華 4,996,740 181,352,460 186,349,200 
7 03968 招商銀行 72,998,025 108,195,500 181,193,525 
8 01359 中國信達 8,455,400 106,829,040 115,284,440 
9 00175 吉利汽車 63,644,850 42,787,200 106,432,050 
10 00981 中芯國際 47,417,595 56,007,685 103,425,280 

1 00939 建設銀行 164,842,060 134,897,710 299,739,770 
2 00700 騰訊控股 87,674,820 56,175,020 143,849,840 
3 01398 工商銀行 136,103,350 6,015,710 142,119,060 
4 00763 中興通訊 65,968,960 44,334,052 110,303,012 
5 00175 吉利汽車 45,499,300 35,087,800 80,587,100 
6 01579 頤海國際 35,926,540 38,714,800 74,641,340 
7 00439 光啟科學 39,438,900 31,662,230 71,101,130 
8 01548 金斯瑞生物科技 28,963,220 40,027,240 68,990,460 
9 02208 金風科技 33,431,868 35,039,064 68,470,932 
10 03888 金山軟件 52,890,050 9,449,250 62,339,300 
