1 00700 騰訊控股 223,185,000 610,962,500 834,147,500 
2 01398 工商銀行 406,015,030 41,003,420 447,018,450 
3 00586 海螺創業 203,856,425 171,638,575 375,495,000 
4 00175 吉利汽車 207,933,060 154,303,460 362,236,520 
5 03988 中國銀行 2,872,670 249,937,840 252,810,510 
6 01288 農業銀行 156,659,910 75,205,750 231,865,660 
7 01109 華潤置地 91,233,700 106,845,200 198,078,900 
8 02318 中國平安 55,399,250 123,960,650 179,359,900 
9 02319 蒙牛乳業 1,351,950 170,511,650 171,863,600 
10 03968 招商銀行 141,204,350 26,955,275 168,159,625 

1 00700 騰訊控股 85,150,000 160,561,260 245,711,260 
2 00175 吉利汽車 69,103,900 61,984,440 131,088,340 
3 01299 友邦保險 92,630,320 81,540 92,711,860 
4 01177 中國生物製藥 33,035,180 52,561,714 85,596,894 
5 01317 楓葉教育 24,852,980 54,457,480 79,310,460 
6 02318 中國平安 41,597,150 33,052,625 74,649,775 
7 03333 中國恒大 20,456,500 53,662,200 74,118,700 
8 00027 銀河娛樂 54,647,650 12,620,150 67,267,800 
9 02238 廣汽集團 61,258,860 5,214,660 66,473,520 
10 01918 融創中國 28,831,000 37,206,000 66,037,000 
