1 00700 騰訊控股 76,403,400 1,164,437,260 1,240,840,660 
2 01918 融創中國 331,523,900 208,414,800 539,938,700 
3 01398 工商銀行 413,970,690 33,475,350 447,446,040 
4 03333 中國恒大 141,088,900 137,796,200 278,885,100 
5 00981 中芯國際 66,980,180 112,483,598 179,463,778 
6 00291 華潤啤酒 501,000 171,969,400 172,470,400 
7 02007 碧桂園 89,770,900 48,378,660 138,149,560 
8 00939 建設銀行 21,251,540 101,603,640 122,855,180 
9 01093 石藥集團 72,525,140 21,925,440 94,450,580 
10 01347 華虹半導體 31,283,950 61,264,300 92,548,250 

1 01918 融創中國 261,881,000 241,242,600 503,123,600 
2 00268 金蝶國際 55,970,840 181,115,440 237,086,280 
3 03333 中國恒大 77,460,650 80,887,450 158,348,100 
4 00700 騰訊控股 41,857,640 101,623,740 143,481,380 
5 01398 工商銀行 2,501,280 120,503,600 123,004,880 
6 02007 碧桂園 44,660,080 74,070,220 118,730,300 
7 00902 華能國際電力股份 8,880,440 96,719,360 105,599,800 
8 02202 萬科企業 23,108,595 80,179,895 103,288,490 
9 00799 - 55,872,320 47,364,990 103,237,310 
10 00763 中興通訊 60,305,748 37,522,044 97,827,792 
