1 00700 騰訊控股 271,316,080 145,689,561 417,005,641 
2 01918 融創中國 129,906,300 136,990,800 266,897,100 
3 00175 吉利汽車 85,471,960 171,394,220 256,866,180 
4 03333 中國恒大 123,770,800 25,592,520 149,363,320 
5 01336 新華保險 61,469,015 68,270,345 129,739,360 
6 00857 中國石油股份 10,588,400 111,016,920 121,605,320 
7 01093 石藥集團 44,464,040 48,144,480 92,608,520 
8 03968 招商銀行 6,047,725 85,148,000 91,195,725 
9 02318 中國平安 3,465,825 83,117,200 86,583,025 
10 06886 - 35,997,900 49,060,048 85,057,948 

1 00763 中興通訊 111,107,692 96,539,180 207,646,872 
2 01918 融創中國 66,956,950 70,039,550 136,996,500 
3 00700 騰訊控股 85,673,780 43,342,220 129,016,000 
4 00268 金蝶國際 37,959,660 51,999,980 89,959,640 
5 01211 比亞迪股份 58,864,700 26,826,090 85,690,790 
6 00368 中外運航運 0 72,049,050 72,049,050 
7 06169 宇華教育 13,990,000 55,104,680 69,094,680 
8 03333 中國恒大 33,565,250 26,440,080 60,005,330 
9 02380 中國電力 49,379,680 2,174,760 51,554,440 
10 02202 萬科企業 9,348,695 40,525,570 49,874,265 
