1 02318 中國平安 393,804,350 1,088,074,775 1,481,879,125 
2 00700 騰訊控股 758,273,120 377,335,140 1,135,608,260 
3 01336 新華保險 393,937,215 311,149,560 705,086,775 
4 02018 瑞聲科技 81,355,700 525,090,700 606,446,400 
5 01918 融創中國 325,260,150 210,227,200 535,487,350 
6 00175 吉利汽車 328,434,000 190,432,250 518,866,250 
7 02382 舜宇光學科技 126,092,710 326,456,350 452,549,060 
8 02007 碧桂園 84,489,120 315,130,250 399,619,370 
9 00386 中國石油化工股份 316,870,440 37,508,900 354,379,340 
10 00939 建設銀行 106,522,230 172,864,100 279,386,330 

1 00700 騰訊控股 160,659,660 200,037,540 360,697,200 
2 01918 融創中國 161,405,650 68,572,300 229,977,950 
3 01336 新華保險 143,202,365 84,152,075 227,354,440 
4 01548 金斯瑞生物科技 90,664,700 112,653,600 203,318,300 
5 02601 中國太保 25,728,580 175,478,690 201,207,270 
6 02208 金風科技 108,324,956 84,870,950 193,195,906 
7 02318 中國平安 43,596,050 125,193,750 168,789,800 
8 02382 舜宇光學科技 37,766,620 127,558,920 165,325,540 
9 02202 萬科企業 12,656,010 149,696,145 162,352,155 
10 01093 石藥集團 34,389,500 126,508,988 160,898,488 
