1 00700 騰訊控股 787,540,280 1,339,973,540 2,127,513,820 
2 00939 建設銀行 151,811,940 183,021,578 334,833,518 
3 00857 中國石油股份 58,545,340 166,529,820 225,075,160 
4 01171 兗州煤業股份 147,136,800 62,569,320 209,706,120 
5 00981 中芯國際 133,336,210 71,474,915 204,811,125 
6 02799 中國華融 144,220,940 34,309,020 178,529,960 
7 01093 石藥集團 141,285,780 31,604,020 172,889,800 
8 01398 工商銀行 141,690,000 14,345,130 156,035,130 
9 01918 融創中國 59,679,450 92,089,000 151,768,450 
10 01958 北京汽車 50,185,700 97,272,215 147,457,915 

1 00700 騰訊控股 328,598,200 759,900,740 1,088,498,940 
2 00981 中芯國際 38,318,680 151,437,590 189,756,270 
3 00268 金蝶國際 145,700,660 38,817,720 184,518,380 
4 02007 碧桂園 98,234,160 46,616,660 144,850,820 
5 02382 舜宇光學科技 35,328,180 68,755,490 104,083,670 
6 01958 北京汽車 13,999,955 82,185,155 96,185,110 
7 00753 中國國航 69,325,400 17,676,680 87,002,080 
8 01530 三生製藥 53,197,600 31,628,860 84,826,460 
9 01093 石藥集團 64,629,820 14,851,320 79,481,140 
10 01548 金斯瑞生物科技 40,913,100 34,418,300 75,331,400 
