1 00700 騰訊控股 221,698,820 377,441,500 599,140,320 
2 01177 中國生物製藥 128,397,210 127,491,880 255,889,090 
3 00586 海螺創業 119,243,575 118,955,800 238,199,375 
4 01093 石藥集團 85,408,760 126,050,920 211,459,680 
5 02318 中國平安 3,969,925 204,907,600 208,877,525 
6 02196 復星醫藥 133,542,250 40,023,175 173,565,425 
7 00981 中芯國際 135,189,315 16,752,215 151,941,530 
8 01398 工商銀行 119,652,700 23,917,920 143,570,620 
9 00874 白雲山 103,763,500 31,340,500 135,104,000 
10 02382 舜宇光學科技 109,401,240 14,676,250 124,077,490 

1 00700 騰訊控股 117,175,480 122,074,300 239,249,780 
2 00763 中興通訊 119,804,880 103,767,808 223,572,688 
3 01093 石藥集團 41,027,840 132,355,880 173,383,720 
4 01177 中國生物製藥 68,755,060 74,655,230 143,410,290 
5 00354 中國軟件國際 99,669,380 23,395,720 123,065,100 
6 01558 東陽光藥 91,005,360 18,999,010 110,004,370 
7 02007 碧桂園 15,150,370 58,814,750 73,965,120 
8 00386 中國石油化工股份 2,064,100 70,504,460 72,568,560 
9 01398 工商銀行 57,602,870 3,991,280 61,594,150 
10 00939 建設銀行 32,171,800 23,710,130 55,881,930 
