1 00700 騰訊控股 68,016,120 751,670,900 819,687,020 
2 03333 中國恒大 123,152,500 219,434,450 342,586,950 
3 01398 工商銀行 282,187,300 34,941,170 317,128,470 
4 00939 建設銀行 209,958,820 50,315,820 260,274,640 
5 00998 中信銀行 76,468,860 65,153,160 141,622,020 
6 01918 融創中國 79,393,300 59,806,700 139,200,000 
7 02328 中國財險 6,461,440 123,900,230 130,361,670 
8 03323 中國建材 81,546,440 43,876,920 125,423,360 
9 02007 碧桂園 102,706,580 21,879,760 124,586,340 
10 00175 吉利汽車 26,815,740 95,970,508 122,786,248 

1 00700 騰訊控股 56,780,360 149,751,140 206,531,500 
2 01918 融創中國 61,718,400 67,771,150 129,489,550 
3 00268 金蝶國際 37,125,020 56,581,760 93,706,780 
4 03333 中國恒大 54,967,500 29,595,600 84,563,100 
5 00586 海螺創業 24,170,050 43,488,900 67,658,950 
6 00354 中國軟件國際 16,157,600 49,674,360 65,831,960 
7 01548 金斯瑞生物科技 28,352,520 34,439,360 62,791,880 
8 02007 碧桂園 20,893,140 40,373,060 61,266,200 
9 03968 招商銀行 46,156,325 843,125 46,999,450 
10 01766 中國中車 30,846,160 14,040,510 44,886,670 
