1 00700 騰訊控股 141,396,300 978,650,000 1,120,046,300 
2 00939 建設銀行 376,829,290 190,104,720 566,934,010 
3 01398 工商銀行 520,737,750 31,501,340 552,239,090 
4 00902 華能國際電力股份 158,290,820 182,386,980 340,677,800 
5 01288 農業銀行 148,866,630 150,120,040 298,986,670 
6 01093 石藥集團 90,757,500 137,841,300 228,598,800 
7 02318 中國平安 175,792,650 51,036,150 226,828,800 
8 01177 中國生物製藥 79,998,820 143,905,240 223,904,060 
9 01918 融創中國 55,727,250 124,868,650 180,595,900 
10 02601 中國太保 152,654,310 25,108,650 177,762,960 

1 02318 中國平安 295,928,050 44,467,425 340,395,475 
2 00388 香港交易所 293,367,460 14,927,480 308,294,940 
3 00939 建設銀行 252,898,650 18,790,490 271,689,140 
4 00700 騰訊控股 146,386,100 106,124,760 252,510,860 
5 01918 融創中國 189,804,800 61,205,950 251,010,750 
6 01171 兗州煤業股份 156,943,060 57,118,880 214,061,940 
7 01288 農業銀行 203,531,970 7,507,690 211,039,660 
8 01398 工商銀行 96,190,810 60,439,120 156,629,930 
9 01028 千百度 78,169,550 67,756,530 145,926,080 
10 01530 三生製藥 29,399,700 103,063,620 132,463,320 
