1 00700 騰訊控股 688,549,820 675,932,900 1,364,482,720 
2 02318 中國平安 69,425,150 403,391,175 472,816,325 
3 00175 吉利汽車 281,117,850 107,827,650 388,945,500 
4 01288 農業銀行 122,670,520 250,065,590 372,736,110 
5 01398 工商銀行 88,099,940 198,158,280 286,258,220 
6 00981 中芯國際 56,695,920 130,460,950 187,156,870 
7 00939 建設銀行 13,332,780 163,788,730 177,121,510 
8 02007 碧桂園 44,842,200 123,174,860 168,017,060 
9 01088 中國神華 93,899,050 63,651,875 157,550,925 
10 00966 中國太平 102,698,120 47,473,010 150,171,130 

1 00700 騰訊控股 139,203,800 224,292,900 363,496,700 
2 03968 招商銀行 76,798,625 65,884,050 142,682,675 
3 00175 吉利汽車 96,321,000 29,386,400 125,707,400 
4 02208 金風科技 50,832,400 43,467,272 94,299,672 
5 01478 丘鈦科技 50,797,100 38,411,040 89,208,140 
6 00522  1,673,820 84,343,440 86,017,260 
7 01398 工商銀行 2,327,600 75,540,240 77,867,840 
8 00939 建設銀行 45,505,960 31,301,770 76,807,730 
9 00981 中芯國際 21,885,690 51,707,510 73,593,200 
10 01302 先健科技 34,990,940 28,254,880 63,245,820 
