1 00700 騰訊控股 146,172,620 995,126,520 1,141,299,140 
2 02382 舜宇光學科技 340,765,210 194,282,510 535,047,720 
3 00981 中芯國際 215,400,950 242,277,450 457,678,400 
4 03968 招商銀行 245,958,250 2,445,225 248,403,475 
5 00388 香港交易所 5,309,100 205,165,040 210,474,140 
6 01177 中國生物製藥 171,114,400 32,910,430 204,024,830 
7 01171 兗州煤業股份 54,281,560 119,313,160 173,594,720 
8 01088 中國神華 126,037,875 35,328,625 161,366,500 
9 03328 交通銀行 113,258,140 45,346,220 158,604,360 
10 01918 融創中國 73,480,850 79,586,300 153,067,150 

1 00981 中芯國際 128,741,790 124,780,210 253,522,000 
2 01918 融創中國 135,341,350 59,694,100 195,035,450 
3 02382 舜宇光學科技 163,776,980 11,926,600 175,703,580 
4 02601 中國太保 18,027,200 121,615,570 139,642,770 
5 03898 中車時代電氣 104,058,225 7,659,160 111,717,385 
6 00763 中興通訊 39,808,520 70,499,528 110,308,048 
7 00700 騰訊控股 53,409,560 55,433,300 108,842,860 
8 02007 碧桂園 94,261,760 5,450,920 99,712,680 
9 00388 香港交易所 3,590,520 87,095,380 90,685,900 
10 01030 新城發展控股 47,460,640 31,723,360 79,184,000 
