1 00700 騰訊控股 137,615,820 1,131,863,240 1,269,479,060 
2 00981 中芯國際 150,945,480 308,234,108 459,179,588 
3 01088 中國神華 193,865,725 31,609,825 225,475,550 
4 01093 石藥集團 140,210,500 84,916,100 225,126,600 
5 00939 建設銀行 25,823,430 136,531,190 162,354,620 
6 01339 中國人民保險集團 147,925,070 13,415,150 161,340,220 
7 06808 高鑫零售 149,974,970 2,265,900 152,240,870 
8 02333 長城汽車 66,580,405 67,750,990 134,331,395 
9 02238 廣汽集團 72,806,780 60,947,340 133,754,120 
10 01918 融創中國 103,351,400 26,168,500 129,519,900 

1 00763 中興通訊 149,014,464 144,884,536 293,899,000 
2 00700 騰訊控股 65,523,080 210,086,400 275,609,480 
3 00981 中芯國際 166,818,340 83,057,150 249,875,490 
4 01548 金斯瑞生物科技 86,971,700 60,042,900 147,014,600 
5 01055 中國南方航空股份 67,772,160 50,347,820 118,119,980 
6 02382 舜宇光學科技 48,142,240 38,627,800 86,770,040 
7 00670 中國東方航空股份 71,068,000 15,293,860 86,361,860 
8 01317 楓葉教育 34,158,520 41,224,440 75,382,960 
9 01918 融創中國 48,126,700 25,883,700 74,010,400 
10 02319 蒙牛乳業 2,355,000 70,425,000 72,780,000 
