1 01398 工商銀行 622,013,490 346,678,440 968,691,930 
2 02318 中國平安 258,232,850 492,862,825 751,095,675 
3 00700 騰訊控股 355,007,660 294,025,180 649,032,840 
4 01288 農業銀行 378,543,850 210,079,620 588,623,470 
5 02601 中國太保 218,806,500 357,463,930 576,270,430 
6 03968 招商銀行 142,189,075 406,527,600 548,716,675 
7 00998 中信銀行 182,207,680 332,219,580 514,427,260 
8 00939 建設銀行 354,496,640 33,463,090 387,959,730 
9 00857 中國石油股份 248,108,120 109,178,560 357,286,680 
10 01336 新華保險 139,559,775 214,228,085 353,787,860 

1 01548 金斯瑞生物科技 257,709,500 197,701,000 455,410,500 
2 00700 騰訊控股 257,105,280 165,216,920 422,322,200 
3 01398 工商銀行 167,419,770 165,821,470 333,241,240 
4 00939 建設銀行 72,339,430 197,763,070 270,102,500 
5 01030 新城發展控股 159,042,500 82,355,620 241,398,120 
6 03301 融信中國 202,987,060 12,047,560 215,034,620 
7 00981 中芯國際 147,483,960 64,857,160 212,341,120 
8 01766 中國中車 173,189,400 15,165,940 188,355,340 
9 01288 農業銀行 98,489,290 88,178,310 186,667,600 
10 02899 紫金礦業 113,715,260 64,620,740 178,336,000 
