1 00700 騰訊控股 281,612,120 505,867,200 787,479,320 
2 01398 工商銀行 565,120,950 144,112,190 709,233,140 
3 01088 中國神華 502,033,675 149,165,950 651,199,625 
4 02318 中國平安 136,515,475 451,013,850 587,529,325 
5 00998 中信銀行 339,851,160 217,576,650 557,427,810 
6 00939 建設銀行 422,144,530 114,478,090 536,622,620 
7 01918 融創中國 304,977,950 190,201,300 495,179,250 
8 01336 新華保險 256,836,990 154,760,690 411,597,680 
9 01288 農業銀行 255,007,500 143,721,640 398,729,140 
10 01171 兗州煤業股份 253,388,000 127,847,760 381,235,760 

1 00763 中興通訊 369,642,090 302,584,260 672,226,350 
2 00700 騰訊控股 250,790,580 144,623,740 395,414,320 
3 01548 金斯瑞生物科技 186,214,700 151,971,300 338,186,000 
4 01030 新城發展控股 194,000,300 55,195,140 249,195,440 
5 01918 融創中國 120,025,150 80,300,200 200,325,350 
6 02899 紫金礦業 120,988,140 69,478,940 190,467,080 
7 00388 香港交易所 107,659,200 71,473,980 179,133,180 
8 00981 中芯國際 58,529,870 116,627,410 175,157,280 
9 00998 中信銀行 115,734,150 53,716,500 169,450,650 
10 01055 中國南方航空股份 132,345,740 26,850,820 159,196,560 
