1 00700 騰訊控股 166,751,920 507,351,420 674,103,340 
2 02007 碧桂園 237,764,520 298,593,200 536,357,720 
3 02382 舜宇光學科技 222,877,360 218,387,380 441,264,740 
4 02318 中國平安 304,502,575 124,864,575 429,367,150 
5 02018 瑞聲科技 205,041,950 143,746,050 348,788,000 
6 00175 吉利汽車 239,177,850 58,125,700 297,303,550 
7 01918 融創中國 164,087,050 123,666,700 287,753,750 
8 02601 中國太保 171,183,090 54,432,460 225,615,550 
9 01398 工商銀行 150,882,180 55,017,333 205,899,513 
10 03333 中國恒大 43,753,350 149,154,950 192,908,300 

1 01548 金斯瑞生物科技 180,624,400 100,544,500 281,168,900 
2 00700 騰訊控股 182,757,680 78,606,580 261,364,260 
3 02018 瑞聲科技 202,058,950 6,947,900 209,006,850 
4 01398 工商銀行 159,286,540 36,512,000 195,798,540 
5 01177 中國生物製藥 158,422,640 13,216,380 171,639,020 
6 02382 舜宇光學科技 52,180,960 87,796,410 139,977,370 
7 01088 中國神華 59,414,950 75,365,775 134,780,725 
8 03968 招商銀行 123,758,275 8,017,550 131,775,825 
9 01918 融創中國 56,466,750 66,169,900 122,636,650 
10 01093 石藥集團 111,143,840 9,341,320 120,485,160 
