1 00700 騰訊控股 627,389,300 432,155,000 1,059,544,300 
2 02318 中國平安 279,526,825 202,677,975 482,204,800 
3 01918 融創中國 163,798,450 179,269,700 343,068,150 
4 02007 碧桂園 45,806,800 194,978,320 240,785,120 
5 01093 石藥集團 95,136,680 72,362,720 167,499,400 
6 01398 工商銀行 28,876,210 130,345,420 159,221,630 
7 00175 吉利汽車 114,447,800 44,049,900 158,497,700 
8 02319 蒙牛乳業 133,564,150 20,393,800 153,957,950 
9 01055 中國南方航空股份 68,306,380 63,124,800 131,431,180 
10 02601 中國太保 69,732,980 45,980,700 115,713,680 

1 00700 騰訊控股 297,653,380 147,552,940 445,206,320 
2 02601 中國太保 366,006,830 8,317,610 374,324,440 
3 01548 金斯瑞生物科技 198,421,800 146,312,700 344,734,500 
4 02208 金風科技 119,145,496 61,786,196 180,931,692 
5 01918 融創中國 110,389,950 63,803,000 174,192,950 
6 02318 中國平安 145,034,725 25,858,050 170,892,775 
7 01055 中國南方航空股份 73,612,120 58,558,820 132,170,940 
8 02899 紫金礦業 115,397,040 11,938,700 127,335,740 
9 00268 金蝶國際 67,463,300 36,866,520 104,329,820 
10 01030 新城發展控股 30,488,900 56,575,500 87,064,400 
