1 00700 騰訊控股 584,334,700 181,256,670 765,591,370 
2 02318 中國平安 21,269,700 226,816,949 248,086,649 
3 00607 豐盛控股 136,865,400 108,744,875 245,610,275 
4 02007 碧桂園 51,166,880 143,616,720 194,783,600 
5 00902 華能國際電力股份 157,009,760 30,214,100 187,223,860 
6 02328 中國財險 84,839,320 73,572,120 158,411,440 
7 01918 融創中國 73,956,950 82,948,250 156,905,200 
8 00027 銀河娛樂 8,488,550 135,509,900 143,998,450 
9 02018 瑞聲科技 8,035,300 127,923,400 135,958,700 
10 00175 吉利汽車 97,231,900 35,327,450 132,559,350 

1 00700 騰訊控股 161,976,540 54,973,140 216,949,680 
2 02007 碧桂園 46,694,980 120,238,340 166,933,320 
3 01211 比亞迪股份 108,233,325 1,046,800 109,280,125 
4 02202 萬科企業 50,438,630 52,544,540 102,983,170 
5 03933 聯邦制藥 54,061,680 47,528,320 101,590,000 
6 02318 中國平安 3,762,775 88,385,834 92,148,609 
7 01548 金斯瑞生物科技 48,272,300 42,897,800 91,170,100 
8 02018 瑞聲科技 47,825,800 43,077,350 90,903,150 
9 02382 舜宇光學科技 84,635,640 2,544,560 87,180,200 
10 01918 融創中國 76,667,100 9,908,800 86,575,900 
