1 00700 騰訊控股 484,344,100 415,156,120 899,500,220 
2 01918 融創中國 210,595,050 524,700,850 735,295,900 
3 00005 匯豐控股 351,439,180 2,323,180 353,762,360 
4 00939 建設銀行 233,953,970 47,582,920 281,536,890 
5 01288 農業銀行 102,208,010 114,820,360 217,028,370 
6 03968 招商銀行 87,853,100 128,408,750 216,261,850 
7 01398 工商銀行 131,282,370 42,767,190 174,049,560 
8 01177 中國生物製藥 96,089,330 76,052,935 172,142,265 
9 02007 碧桂園 120,479,370 41,408,070 161,887,440 
10 02601 中國太保 104,449,110 35,314,150 139,763,260 

1 00700 騰訊控股 391,366,340 113,697,060 505,063,400 
2 01918 融創中國 170,698,150 191,543,400 362,241,550 
3 02202 萬科企業 128,556,770 37,877,950 166,434,720 
4 00960 龍湖集團 156,096,145 3,233,500 159,329,645 
5 02382 舜宇光學科技 31,786,825 85,811,695 117,598,520 
6 02007 碧桂園 83,410,950 28,878,820 112,289,770 
7 00763 中興通訊 58,098,472 43,249,332 101,347,804 
8 01109 華潤置地 92,618,900 1,659,100 94,278,000 
9 00175 吉利汽車 46,130,540 43,112,400 89,242,940 
10 01093 石藥集團 52,989,880 35,472,520 88,462,400 
