1 01339 中國人民保險集團 876,514,740 257,441,220 1,133,955,960 
2 00700 騰訊控股 96,663,140 660,265,500 756,928,640 
3 00005 匯豐控股 480,185,080 4,141,940 484,327,020 
4 00175 吉利汽車 137,212,680 58,476,740 195,689,420 
5 01918 融創中國 99,510,970 75,145,510 174,656,480 
6 03968 招商銀行 95,937,525 78,239,450 174,176,975 
7 01171 兗州煤業股份 46,229,180 123,670,120 169,899,300 
8 00388 香港交易所 3,912,280 138,353,500 142,265,780 
9 01093 石藥集團 93,809,440 46,474,480 140,283,920 
10 00884 旭輝控股集團 34,161,340 103,480,560 137,641,900 

1 01339 中國人民保險集團 7,997,670 136,417,010 144,414,680 
2 00700 騰訊控股 64,479,580 61,774,920 126,254,500 
3 00857 中國石油股份 2,368,880 111,095,580 113,464,460 
4 01918 融創中國 41,906,270 31,458,840 73,365,110 
5 00914 海螺水泥 16,460,425 42,220,775 58,681,200 
6 00763 中興通訊 23,767,052 29,257,912 53,024,964 
7 01666 同仁堂科技 34,804,100 18,002,840 52,806,940 
8 00268 金蝶國際（一千） 13,328,670 31,301,690 44,630,360 
9 01336 新華保險 1,020,985 40,191,615 41,212,600 
10 00001 長和 36,932,900 402,325 37,335,225 
