1 01336 新華保險 280,381,210 520,239,504 800,620,714 
2 00939 建設銀行 710,423,600 47,668,360 758,091,960 
3 00700 騰訊控股 541,629,740 121,216,940 662,846,680 
4 00175 吉利汽車 99,135,300 534,919,450 634,054,750 
5 02601 中國太保 344,301,910 132,045,300 476,347,210 
6 00998 中信銀行 222,257,740 226,931,620 449,189,360 
7 01918 融創中國 209,472,600 237,792,550 447,265,150 
8 03988 中國銀行 418,137,790 26,640,670 444,778,460 
9 00388 香港交易所 373,563,780 30,615,160 404,178,940 
10 01988 民生銀行 327,328,855 62,071,305 389,400,160 

1 01336 新華保險 143,912,730 147,283,940 291,196,670 
2 01918 融創中國 114,822,150 146,285,550 261,107,700 
3 00939 建設銀行 163,007,120 83,616,490 246,623,610 
4 01030 新城發展控股 108,075,160 118,391,120 226,466,280 
5 00700 騰訊控股 179,957,300 43,930,460 223,887,760 
6 01398 工商銀行 121,621,590 43,405,520 165,027,110 
7 01548 金斯瑞生物科技 52,982,100 108,418,100 161,400,200 
8 00081 中國海外宏洋集團 65,656,930 93,446,820 159,103,750 
9 00581 中國東方集團 97,155,300 36,068,020 133,223,320 
10 00817 中國金茂 92,233,340 36,541,680 128,775,020 
