1 00700 騰訊控股 468,901,680 1,158,721,313 1,627,622,993 
2 00175 吉利汽車 407,846,750 35,228,210 443,074,960 
3 01171 兗州煤業股份 155,711,260 59,329,480 215,040,740 
4 02318 中國平安 59,066,575 137,921,300 196,987,875 
5 00857 中國石油股份 152,644,300 42,361,720 195,006,020 
6 01093 石藥集團 105,383,300 87,623,700 193,007,000 
7 02601 中國太保 91,604,730 69,475,510 161,080,240 
8 01918 融創中國 99,000,700 55,166,400 154,167,100 
9 02328 中國財險 118,298,600 34,079,000 152,377,600 
10 00939 建設銀行 21,288,950 130,209,640 151,498,590 

1 00700 騰訊控股 229,202,560 240,525,080 469,727,640 
2 01548 金斯瑞生物科技 91,128,900 65,147,000 156,275,900 
3 02382 舜宇光學科技 21,638,780 107,880,090 129,518,870 
4 02318 中國平安 55,216,225 51,169,575 106,385,800 
5 01918 融創中國 31,083,650 61,640,600 92,724,250 
6 00874 白雲山 54,197,700 32,473,900 86,671,600 
7 01317 楓葉教育 48,234,520 26,455,240 74,689,760 
8 00799  19,608,440 50,252,020 69,860,460 
9 00839 中教控股 47,425,580 19,782,300 67,207,880 
10 01093 石藥集團 25,370,900 40,955,900 66,326,800 
