1 00005 匯豐控股 730,155,880 73,359,900 803,515,780 
2 00700 騰訊控股 182,261,700 329,267,500 511,529,200 
3 01088 中國神華 61,943,390 171,967,690 233,911,080 
4 01093 石藥集團 158,465,440 14,769,480 173,234,920 
5 01918 融創中國 97,278,450 72,404,050 169,682,500 
6 01339 中國人民保險集團 150,825,110 10,205,010 161,030,120 
7 00386 中國石油化工股份 116,319,740 23,412,240 139,731,980 
8 02601 中國太保 93,411,370 26,157,810 119,569,180 
9 00175 吉利汽車 90,389,620 25,424,480 115,814,100 
10 01398 工商銀行 67,992,460 43,054,440 111,046,900 

1 00700 騰訊控股 79,232,500 105,525,880 184,758,380 
2 01918 融創中國 76,891,100 41,396,550 118,287,650 
3 02382 舜宇光學科技 62,529,745 24,029,810 86,559,555 
4 01336 新華保險 56,406,140 6,923,665 63,329,805 
5 00175 吉利汽車 16,811,040 44,843,300 61,654,340 
6 01177 中國生物製藥 8,916,970 49,203,960 58,120,930 
7 01288 農業銀行 34,267,280 21,771,150 56,038,430 
8 00763 中興通訊 27,420,912 20,483,188 47,904,100 
9 02357 中航科工 7,834,630 35,024,700 42,859,330 
10 01211 比亞迪股份 27,156,400 13,853,800 41,010,200 
