1 00700 騰訊控股 399,541,460 527,688,320 927,229,780 
2 02018 瑞聲科技 53,768,700 765,477,835 819,246,535 
3 02799 中國華融 312,486,700 107,925,840 420,412,540 
4 01093 石藥集團 22,239,100 302,825,920 325,065,020 
5 00981 中芯國際 119,902,340 140,925,330 260,827,670 
6 01347 華虹半導體 137,412,020 103,690,420 241,102,440 
7 00939 建設銀行 13,484,820 207,917,320 221,402,140 
8 02318 中國平安 15,379,300 187,949,825 203,329,125 
9 01171 兗州煤業股份 95,974,640 106,298,240 202,272,880 
10 01114  3,485,880 196,141,960 199,627,840 

1 00700 騰訊控股 201,583,740 134,010,000 335,593,740 
2 00268 金蝶國際 117,546,500 145,774,880 263,321,380 
3 02018 瑞聲科技 21,581,550 194,713,650 216,295,200 
4 00981 中芯國際 120,457,800 89,096,580 209,554,380 
5 02799 中國華融 83,697,050 52,054,320 135,751,370 
6 02382 舜宇光學科技 49,311,590 85,240,030 134,551,620 
7 01093 石藥集團 54,472,980 17,342,900 71,815,880 
8 01299 友邦保險 70,765,030 453,750 71,218,780 
9 02208 金風科技 16,365,788 50,691,940 67,057,728 
10 01317 楓葉教育 26,187,720 37,042,560 63,230,280 
