1 00939 建設銀行 69,204,460 287,066,000 356,270,460 
2 00175 吉利汽車 40,364,440 257,196,840 297,561,280 
3 00700 騰訊控股 27,385,300 234,107,460 261,492,760 
4 00586 海螺創業 135,487,700 112,892,225 248,379,925 
5 01918 融創中國 78,805,450 128,307,600 207,113,050 
6 03333 中國恒大 61,585,450 79,967,000 141,552,450 
7 01336 新華保險 106,124,060 35,154,059 141,278,119 
8 02196 復星醫藥 82,185,750 49,857,875 132,043,625 
9 01109 華潤置地 3,424,500 113,979,400 117,403,900 
10 02007 碧桂園 39,699,520 65,064,440 104,763,960 

1 00700 騰訊控股 193,410,400 397,583,860 590,994,260 
2 00763 中興通訊 111,957,984 95,288,668 207,246,652 
3 02869 綠城服務 97,144,440 77,922,980 175,067,420 
4 00839 中教控股 113,993,240 48,739,860 162,733,100 
5 03333 中國恒大 32,831,600 117,152,300 149,983,900 
6 01177 中國生物製藥 25,535,200 98,277,380 123,812,580 
7 01918 融創中國 76,864,800 41,006,500 117,871,300 
8 01548 金斯瑞生物科技 56,007,200 45,476,920 101,484,120 
9 01093 石藥集團 9,925,800 81,099,400 91,025,200 
10 01317 楓葉教育 53,088,020 33,730,760 86,818,780 
