1 00700 騰訊控股 96,821,220 286,362,680 383,183,900 
2 00939 建設銀行 42,203,470 336,986,200 379,189,670 
3 01398 工商銀行 200,014,620 37,496,170 237,510,790 
4 00175 吉利汽車 75,613,060 106,570,880 182,183,940 
5 01288 農業銀行 81,551,450 61,743,120 143,294,570 
6 01299 友邦保險 599,430 113,438,930 114,038,360 
7 03988 中國銀行 1,036,060 107,817,590 108,853,650 
8 02382 舜宇光學科技 97,231,310 11,295,020 108,526,330 
9 01088 中國神華 52,790,710 22,745,560 75,536,270 
10 01918 融創中國 35,151,750 40,023,600 75,175,350 

1 00700 騰訊控股 53,023,520 82,854,480 135,878,000 
2 00175 吉利汽車 36,143,160 76,480,180 112,623,340 
3 00914 海螺水泥 97,603,600 98,600 97,702,200 
4 00763 中興通訊 50,069,332 44,659,244 94,728,576 
5 02208 金風科技 42,252,888 41,477,592 83,730,480 
6 02382 舜宇光學科技 50,127,070 5,179,010 55,306,080 
7 01448 福壽園 39,579,470 15,321,850 54,901,320 
8 01317 楓葉教育（新） 32,300,280 18,433,460 50,733,740 
9 00581 中國東方集團 36,370,720 12,826,080 49,196,800 
10 00607 豐盛控股 4,236,025 40,667,025 44,903,050 
