1 00700 騰訊控股 208,941,600 270,980,400 479,922,000 
2 01918 融創中國 182,361,750 156,056,850 338,418,600 
3 02601 中國太保 44,747,320 200,861,760 245,609,080 
4 02382 舜宇光學科技 11,412,775 138,310,485 149,723,260 
5 00688 中國海外發展 11,856,200 101,798,600 113,654,800 
6 00960 龍湖集團 9,888,950 94,748,736 104,637,686 
7 00388 香港交易所 83,521,060 7,169,380 90,690,440 
8 02196 復星醫藥 33,940,275 53,918,100 87,858,375 
9 00966 中國太平 39,102,410 42,010,090 81,112,500 
10 01336 新華保險 13,141,580 66,002,180 79,143,760 

1 00700 騰訊控股 118,234,000 155,788,260 274,022,260 
2 00763 中興通訊 44,678,908 63,377,968 108,056,876 
3 01211 比亞迪股份 56,891,575 16,479,300 73,370,875 
4 01918 融創中國 43,985,700 26,106,750 70,092,450 
5 03333 中國恒大 23,619,550 45,383,300 69,002,850 
6 06169 宇華教育 5,318,520 42,447,200 47,765,720 
7 00996 嘉年華國際 21,554,130 22,247,220 43,801,350 
8 01558 東陽光藥 36,011,160 5,411,550 41,422,710 
9 00981 中芯國際 5,809,575 25,110,265 30,919,840 
10 00968 信義光能 30,638,720 114,000 30,752,720 
