1 00700 騰訊控股 1,150,112,360 566,949,500 1,717,061,860 
2 02318 中國平安 56,780,400 421,652,900 478,433,300 
3 00939 建設銀行 203,031,750 251,626,210 454,657,960 
4 00175 吉利汽車 122,840,300 271,050,500 393,890,800 
5 01398 工商銀行 174,453,010 149,293,850 323,746,860 
6 02018 瑞聲科技 128,042,700 175,256,350 303,299,050 
7 01336 新華保險 92,228,110 207,065,590 299,293,700 
8 02382 舜宇光學科技 227,777,060 58,968,960 286,746,020 
9 00981 中芯國際 140,797,910 128,107,700 268,905,610 
10 00656 復星國際 99,004,260 150,493,240 249,497,500 

1 00700 騰訊控股 388,891,180 299,894,120 688,785,300 
2 02208 金風科技 118,506,580 184,532,056 303,038,636 
3 01211 比亞迪股份 32,337,500 154,483,750 186,821,250 
4 02382 舜宇光學科技 32,414,780 131,348,620 163,763,400 
5 00268 金蝶國際 67,651,180 75,750,860 143,402,040 
6 01548 金斯瑞生物科技 55,298,900 84,366,200 139,665,100 
7 00175 吉利汽車 32,309,600 103,437,650 135,747,250 
8 01918 融創中國 91,598,850 38,921,350 130,520,200 
9 01093 石藥集團 105,097,100 15,306,700 120,403,800 
10 00354 中國軟件國際 78,212,640 42,006,060 120,218,700 
