1 00700 騰訊控股 310,620,060 240,306,880 550,926,940 
2 01398 工商銀行 2,449,980 428,047,120 430,497,100 
3 02628 中國人壽 254,853,250 11,615,700 266,468,950 
4 00939 建設銀行 420,360 264,015,310 264,435,670 
5 03968 招商銀行 83,236,875 153,125,350 236,362,225 
6 01093 石藥集團 71,094,300 120,566,000 191,660,300 
7 00902 華能國際電力股份 149,833,920 38,262,620 188,096,540 
8 00386 中國石油化工股份 76,733,100 96,466,660 173,199,760 
9 00874 白雲山 101,728,400 56,720,700 158,449,100 
10 02018 瑞聲科技 3,476,350 154,026,550 157,502,900 

1 00700 騰訊控股 51,828,420 185,153,560 236,981,980 
2 00268 金蝶國際 56,996,540 118,874,320 175,870,860 
3 01548 金斯瑞生物科技 51,773,200 96,787,800 148,561,000 
4 01093 石藥集團 9,105,500 135,116,700 144,222,200 
5 01030 新城發展控股 27,511,800 95,619,180 123,130,980 
6 02269 藥明生物 71,166,575 24,951,925 96,118,500 
7 02319 蒙牛乳業 13,691,900 69,246,400 82,938,300 
8 00354 中國軟件國際 12,467,320 63,810,280 76,277,600 
9 01317 楓葉教育 39,012,960 31,072,360 70,085,320 
10 01055 中國南方航空股份 52,363,240 15,891,940 68,255,180 
