1 00700 騰訊控股 492,478,400 474,929,060 967,407,460 
2 00981 中芯國際 252,089,135 201,199,549 453,288,684 
3 00939 建設銀行 31,662,050 280,986,060 312,648,110 
4 02238 廣汽集團 128,976,240 141,722,720 270,698,960 
5 01114  18,443,960 203,754,920 222,198,880 
6 01169 海爾電器 28,257,750 178,285,500 206,543,250 
7 01918 融創中國 69,392,600 133,667,600 203,060,200 
8 01347 華虹半導體 180,852,280 20,042,720 200,895,000 
9 00175 吉利汽車 88,302,300 101,644,600 189,946,900 
10 02382 舜宇光學科技 23,383,480 150,088,670 173,472,150 

1 00981 中芯國際 268,330,870 158,190,615 426,521,485 
2 00700 騰訊控股 291,505,860 129,195,120 420,700,980 
3 02318 中國平安 98,573,325 164,393,250 262,966,575 
4 00268 金蝶國際 160,651,520 98,358,600 259,010,120 
5 00175 吉利汽車 48,072,950 103,744,800 151,817,750 
6 01548 金斯瑞生物科技 31,923,600 70,719,500 102,643,100 
7 06869 長飛光纖光纜 19,158,425 71,838,925 90,997,350 
8 02208 金風科技 38,456,124 52,132,756 90,588,880 
9 02238 廣汽集團 43,869,960 41,543,960 85,413,920 
10 01030 新城發展控股 14,728,900 66,898,660 81,627,560 
