1 00700 騰訊控股 57,775,900 232,192,100 289,968,000 
2 01918 融創中國 113,604,700 94,373,900 207,978,600 
3 00941 中國移動 309,600 145,178,575 145,488,175 
4 00939 建設銀行 26,375,540 97,890,540 124,266,080 
5 00857 中國石油股份 18,325,480 104,702,940 123,028,420 
6 00688 中國海外發展 0 101,198,600 101,198,600 
7 00388 香港交易所 24,909,180 72,954,840 97,864,020 
8 01336 新華保險 10,146,515 61,917,290 72,063,805 
9 06886 - 31,337,780 38,430,612 69,768,392 
10 00902 華能國際電力股份 49,425,000 17,638,880 67,063,880 

1 01918 融創中國 74,516,950 27,144,900 101,661,850 
2 00700 騰訊控股 29,699,400 67,144,240 96,843,640 
3 00763 中興通訊 53,538,240 43,186,512 96,724,752 
4 01288 農業銀行 69,508,700 13,447,810 82,956,510 
5 00005 匯豐控股 69,989,540 4,268,560 74,258,100 
6 03606 福耀玻璃 2,466,500 65,673,720 68,140,220 
7 03333 中國恒大 27,545,350 38,997,550 66,542,900 
8 01398 工商銀行 17,587,800 42,032,320 59,620,120 
9 01299 友邦保險 58,038,540 272,730 58,311,270 
10 00839 中教控股 17,178,600 27,906,400 45,085,000 
