1 00700 騰訊控股 455,729,720 447,112,120 902,841,840 
2 00939 建設銀行 648,241,810 86,110,870 734,352,680 
3 01918 融創中國 140,474,650 93,413,500 233,888,150 
4 01398 工商銀行 173,749,920 17,682,180 191,432,100 
5 01288 農業銀行 141,163,600 29,581,590 170,745,190 
6 00586 海螺創業 82,823,350 81,967,200 164,790,550 
7 02328 中國財險 4,111,200 135,387,140 139,498,340 
8 02318 中國平安 18,230,900 100,795,575 119,026,475 
9 01093 石藥集團 16,612,760 101,406,360 118,019,120 
10 01336 新華保險 31,509,725 84,449,525 115,959,250 

1 00700 騰訊控股 600,190,660 230,191,900 830,382,560 
2 01918 融創中國 51,360,650 54,031,050 105,391,700 
3 03968 招商銀行 46,988,225 36,283,200 83,271,425 
4 01288 農業銀行 2,826,430 68,338,840 71,165,270 
5 00268 金蝶國際 32,531,410 31,708,500 64,239,910 
6 01558 東陽光藥 19,833,540 39,122,960 58,956,500 
7 00981 中芯國際 6,146,530 50,003,010 56,149,540 
8 02883 中海油田服務 40,920 54,171,200 54,212,120 
9 00175 吉利汽車 44,414,900 9,210,560 53,625,460 
10 00763 中興通訊 15,595,800 35,472,088 51,067,888 
