1 00700 騰訊控股 198,645,860 578,333,480 776,979,340 
2 00939 建設銀行 2,546,540 257,199,932 259,746,472 
3 01299 友邦保險 180,967,970 5,659,610 186,627,580 
4 00388 香港交易所 47,579,600 129,596,960 177,176,560 
5 02282 美高梅中國 153,520 176,401,656 176,555,176 
6 01288 農業銀行 30,806,100 131,737,879 162,543,979 
7 01030 新城發展控股 66,065,360 87,303,920 153,369,280 
8 02238 廣汽集團 13,316,600 137,175,320 150,491,920 
9 02318 中國平安 33,494,125 116,639,275 150,133,400 
10 01918 融創中國 50,976,850 98,723,950 149,700,800 

1 00700 騰訊控股 204,703,940 317,340,240 522,044,180 
2 01918 融創中國 41,918,950 166,355,600 208,274,550 
3 00386 中國石油化工股份 108,136,900 7,428,440 115,565,340 
4 00857 中國石油股份 87,702,220 23,831,300 111,533,520 
5 00027 銀河娛樂 8,767,700 76,658,850 85,426,550 
6 00753 中國國航 66,767,480 13,516,400 80,283,880 
7 00939 建設銀行 4,009,590 73,944,390 77,953,980 
8 00763 中興通訊 57,926,950 19,893,240 77,820,190 
9 02007 碧桂園 62,768,440 14,324,340 77,092,780 
10 01177 中國生物製藥 65,161,380 11,124,040 76,285,420 
