1 00700 騰訊控股 405,901,320 530,025,380 935,926,700 
2 01398 工商銀行 355,474,180 227,941,756 583,415,936 
3 00939 建設銀行 5,050,290 335,086,630 340,136,920 
4 02628 中國人壽 1,842,480 333,860,740 335,703,220 
5 02319 蒙牛乳業 7,181,700 272,609,350 279,791,050 
6 01918 融創中國 126,280,750 126,751,200 253,031,950 
7 00981 中芯國際 80,062,225 115,855,425 195,917,650 
8 00001 長和 167,557,525 2,843,200 170,400,725 
9 02382 舜宇光學科技 119,072,840 44,270,470 163,343,310 
10 06808 高鑫零售 119,589,630 26,178,635 145,768,265 

1 00700 騰訊控股 139,879,560 189,021,384 328,900,944 
2 01317 楓葉教育 102,449,440 169,305,040 271,754,480 
3 00268 金蝶國際 107,160,540 127,428,060 234,588,600 
4 00763 中興通訊 130,990,060 74,076,756 205,066,816 
5 01918 融創中國 60,907,550 126,320,000 187,227,550 
6 01548 金斯瑞生物科技 75,892,640 87,915,440 163,808,080 
7 00839 中教控股 51,273,800 104,224,090 155,497,890 
8 06169 宇華教育 90,048,800 59,636,500 149,685,300 
9 03888 金山軟件 14,691,200 90,506,020 105,197,220 
10 02020 安踏體育 5,659,550 74,499,300 80,158,850 
