1 00700 騰訊控股 509,020,800 113,230,480 622,251,280 
2 02318 中國平安 153,854,550 341,082,950 494,937,500 
3 00005 匯豐控股 469,925,900 4,244,660 474,170,560 
4 00291 華潤啤酒 29,708,600 302,108,500 331,817,100 
5 01398 工商銀行 301,397,810 25,497,290 326,895,100 
6 00939 建設銀行 205,395,100 39,809,620 245,204,720 
7 01918 融創中國 87,364,750 144,380,500 231,745,250 
8 00388 香港交易所 205,771,360 20,838,480 226,609,840 
9 01288 農業銀行 37,318,730 171,918,330 209,237,060 
10 03968 招商銀行 110,790,450 84,812,425 195,602,875 

1 01918 融創中國 108,746,100 128,271,150 237,017,250 
2 00700 騰訊控股 51,910,920 126,670,060 178,580,980 
3 01299 友邦保險 3,964,180 159,744,960 163,709,140 
4 00857 中國石油股份 130,407,380 6,827,880 137,235,260 
5 00268 金蝶國際 52,321,080 46,799,660 99,120,740 
6 00658 中國高速傳動 94,268,850 91,700 94,360,550 
7 02601 中國太保 92,308,280 1,153,580 93,461,860 
8 03333 中國恒大 56,980,850 26,319,500 83,300,350 
9 00607 豐盛控股 73,157,225 865,850 74,023,075 
10 02318 中國平安 37,062,600 29,678,900 66,741,500 
