1 00700 騰訊控股 379,243,380 171,070,260 550,313,640 
2 01918 融創中國 175,705,250 227,648,900 403,354,150 
3 00939 建設銀行 147,928,200 206,957,700 354,885,900 
4 00175 吉利汽車 262,099,200 45,912,700 308,011,900 
5 00388 香港交易所 116,900,200 163,147,760 280,047,960 
6 03988 中國銀行 93,771,530 176,376,960 270,148,490 
7 01398 工商銀行 118,069,350 125,137,790 243,207,140 
8 01288 農業銀行 23,662,240 169,899,850 193,562,090 
9 01055 中國南方航空股份 88,733,940 94,713,200 183,447,140 
10 01088 中國神華 81,885,550 94,556,250 176,441,800 

1 00700 騰訊控股 191,896,620 337,725,560 529,622,180 
2 01918 融創中國 50,680,000 100,672,950 151,352,950 
3 00939 建設銀行 81,700,210 57,432,830 139,133,040 
4 01548 金斯瑞生物科技 69,667,800 68,178,600 137,846,400 
5 01398 工商銀行 56,059,430 52,582,860 108,642,290 
6 00388 香港交易所 79,283,900 26,543,320 105,827,220 
7 00763 中興通訊 39,869,560 63,813,230 103,682,790 
8 00268 金蝶國際 64,469,600 37,182,760 101,652,360 
9 01211 比亞迪股份 86,215,425 11,287,400 97,502,825 
10 01055 中國南方航空股份 21,511,500 65,560,120 87,071,620 
