1 00700 騰訊控股 765,477,040 636,294,180 1,401,771,220 
2 00005 匯豐控股 695,454,500 50,999,960 746,454,460 
3 01918 融創中國 248,971,300 147,474,340 396,445,640 
4 03968 招商銀行 90,579,300 289,278,275 379,857,575 
5 00175 吉利汽車 271,696,360 76,100,400 347,796,760 
6 00291 華潤啤酒 174,933,600 80,727,000 255,660,600 
7 00939 建設銀行 78,542,180 177,115,970 255,658,150 
8 01398 工商銀行 150,590,180 61,450,160 212,040,340 
9 00981 中芯國際 77,234,930 98,180,120 175,415,050 
10 01088 中國神華 58,696,070 98,339,370 157,035,440 

1 00700 騰訊控股 322,424,460 231,366,700 553,791,160 
2 01918 融創中國 114,643,600 42,505,010 157,148,610 
3 02318 中國平安 14,811,300 103,797,975 118,609,275 
4 00763 中興通訊 33,406,376 81,132,728 114,539,104 
5 00291 華潤啤酒 20,534,500 72,228,300 92,762,800 
6 01398 工商銀行 58,056,770 26,596,370 84,653,140 
7 00268 金蝶國際 48,029,100 35,333,200 83,362,300 
8 02269 藥明生物 26,370,250 56,362,925 82,733,175 
9 01093 石藥集團 43,274,760 35,794,880 79,069,640 
10 01558 東陽光藥 71,245,490 6,484,910 77,730,400 
