1 00586 海螺創業 420,651,825 306,459,450 727,111,275 
2 00939 建設銀行 230,596,680 213,201,260 443,797,940 
3 01918 融創中國 120,864,300 303,951,100 424,815,400 
4 03988 中國銀行 87,753,440 291,134,680 378,888,120 
5 03968 招商銀行 289,147,850 76,098,300 365,246,150 
6 01299 友邦保險 268,091,670 9,303,210 277,394,880 
7 00700 騰訊控股 37,838,200 205,652,260 243,490,460 
8 01088 中國神華 97,303,990 51,804,490 149,108,480 
9 00175 吉利汽車 66,609,200 67,372,740 133,981,940 
10 00966 中國太平 5,407,050 127,976,500 133,383,550 

1 00175 吉利汽車 199,998,900 49,244,620 249,243,520 
2 00700 騰訊控股 42,064,100 160,640,980 202,705,080 
3 00763 中興通訊 90,254,792 110,557,860 200,812,652 
4 01030 新城發展控股 87,797,140 106,223,780 194,020,920 
5 02318 中國平安 161,035,850 8,684,675 169,720,525 
6 01918 融創中國 117,761,400 51,927,950 169,689,350 
7 02869 綠城服務 89,425,680 70,526,160 159,951,840 
8 02601 中國太保 123,928,100 21,568,780 145,496,880 
9 03968 招商銀行 130,783,925 8,403,900 139,187,825 
10 00386 中國石油化工股份 131,434,820 702,040 132,136,860 
