1 00586 海螺創業 236,155,750 203,394,175 439,549,925 
2 01288 農業銀行 148,754,280 95,852,100 244,606,380 
3 00700 騰訊控股 136,128,240 96,848,800 232,977,040 
4 01918 融創中國 116,409,950 84,401,300 200,811,250 
5 01177 中國生物製藥 38,752,160 119,593,910 158,346,070 
6 00939 建設銀行 8,578,600 125,788,330 134,366,930 
7 00175 吉利汽車 94,814,580 33,032,760 127,847,340 
8 00981 中芯國際 70,414,360 54,675,985 125,090,345 
9 01398 工商銀行 42,504,410 51,796,000 94,300,410 
10 00001 長和 85,380,975 4,013,825 89,394,800 

1 01317 楓葉教育 147,931,620 264,428,600 412,360,220 
2 00700 騰訊控股 87,575,860 294,305,160 381,881,020 
3 00763 中興通訊 194,912,368 140,029,900 334,942,268 
4 01211 比亞迪股份 152,338,900 13,036,100 165,375,000 
5 06169 宇華教育 70,896,460 77,900,000 148,796,460 
6 00857 中國石油股份 3,980,400 133,358,720 137,339,120 
7 01918 融創中國 45,798,250 49,459,351 95,257,601 
8 00853 微創醫療 71,896,640 14,640,050 86,536,690 
9 00981 中芯國際 54,805,055 15,719,955 70,525,010 
10 00914 海螺水泥 1,603,825 64,423,025 66,026,850 
