1 02318 中國平安 16,341,575 1,232,557,400 1,248,898,975 
2 00700 騰訊控股 543,734,780 308,556,980 852,291,760 
3 00175 吉利汽車 612,915,050 38,336,300 651,251,350 
4 00607 豐盛控股 178,862,625 188,570,300 367,432,925 
5 00874 白雲山 146,779,100 94,646,100 241,425,200 
6 01299 友邦保險 193,299,560 1,451,590 194,751,150 
7 01918 融創中國 47,681,650 123,292,600 170,974,250 
8 01093 石藥集團 56,100,600 105,675,500 161,776,100 
9 01177 中國生物製藥 36,376,180 120,817,980 157,194,160 
10 01171 兗州煤業股份 72,917,020 79,897,420 152,814,440 

1 00700 騰訊控股 392,958,000 182,379,760 575,337,760 
2 02208 金風科技 76,743,292 111,533,220 188,276,512 
3 01918 融創中國 81,037,100 67,897,650 148,934,750 
4 00268 金蝶國際 85,302,340 44,949,640 130,251,980 
5 00354 中國軟件國際 82,514,200 20,960,980 103,475,180 
6 01030 新城發展控股 12,525,880 84,059,340 96,585,220 
7 06169 宇華教育 61,032,380 30,749,460 91,781,840 
8 01093 石藥集團 78,496,900 8,410,400 86,907,300 
9 02018 瑞聲科技 39,826,550 37,110,950 76,937,500 
10 00175 吉利汽車 32,416,950 40,071,450 72,488,400 
