1 00005 匯豐控股 431,947,700 3,815,320 435,763,020 
2 01398 工商銀行 353,793,340 46,857,350 400,650,690 
3 00700 騰訊控股 156,894,040 102,848,300 259,742,340 
4 02318 中國平安 24,480,575 164,265,550 188,746,125 
5 01918 融創中國 104,056,100 57,908,300 161,964,400 
6 00939 建設銀行 55,448,460 70,227,010 125,675,470 
7 00175 吉利汽車 40,156,680 80,461,520 120,618,200 
8 01288 農業銀行 104,433,510 15,292,869 119,726,379 
9 01988 民生銀行 63,874,810 14,237,427 78,112,237 
10 01171 兗州煤業股份 53,189,400 16,558,140 69,747,540 

1 01448 福壽園 128,767,340 124,893,060 253,660,400 
2 00700 騰訊控股 37,190,180 42,712,720 79,902,900 
3 01918 融創中國 48,934,550 27,082,650 76,017,200 
4 00268 金蝶國際 50,995,800 24,457,220 75,453,020 
5 01317 楓葉教育 36,131,580 18,737,540 54,869,120 
6 01548 金斯瑞生物科技 25,850,880 27,801,240 53,652,120 
7 01313 華潤水泥控股 4,932,820 46,652,780 51,585,600 
8 01347 華虹半導體 23,362,940 23,838,840 47,201,780 
9 00586 海螺創業 176,225 44,570,400 44,746,625 
10 02208 金風科技 12,963,360 29,151,052 42,114,412 
