1 00700 騰訊控股 1,977,954,780 1,734,467,540 3,712,422,320 
2 00005 匯豐控股 3,044,932,660 65,836,700 3,110,769,360 
3 01398 工商銀行 348,483,840 806,752,220 1,155,236,060 
4 00939 建設銀行 507,582,450 493,561,360 1,001,143,810 
5 03988 中國銀行 266,180,500 637,309,720 903,490,220 
6 02318 中國平安 172,965,200 646,786,471 819,751,671 
7 01088 中國神華 178,556,650 560,977,725 739,534,375 
8 01918 融創中國 354,677,000 378,782,850 733,459,850 
9 01288 農業銀行 212,092,780 366,993,330 579,086,110 
10 02007 碧桂園 438,396,800 115,524,437 553,921,237 

1 00700 騰訊控股 960,447,820 662,065,460 1,622,513,280 
2 01548 金斯瑞生物科技 241,899,840 174,865,800 416,765,640 
3 01918 融創中國 168,946,350 237,061,450 406,007,800 
4 01398 工商銀行 90,248,750 188,049,360 278,298,110 
5 02601 中國太保 6,203,890 237,416,770 243,620,660 
6 00939 建設銀行 82,924,170 157,273,190 240,197,360 
7 02318 中國平安 63,266,975 130,400,050 193,667,025 
8 00763 中興通訊 101,686,200 65,236,080 166,922,280 
9 03988 中國銀行 63,069,220 101,880,140 164,949,360 
10 00966 中國太平 63,831,740 97,681,770 161,513,510 
