1 00700 騰訊控股 179,814,500 406,072,720 585,887,220 
2 01398 工商銀行 124,903,420 67,167,110 192,070,530 
3 01288 農業銀行 128,113,310 53,094,420 181,207,730 
4 00175 吉利汽車 27,732,640 100,151,780 127,884,420 
5 01088 中國神華 40,501,200 84,209,650 124,710,850 
6 03968 招商銀行 6,315,000 107,786,550 114,101,550 
7 00966 中國太平 76,332,220 36,329,680 112,661,900 
8 01918 融創中國 57,568,950 54,342,400 111,911,350 
9 02382 舜宇光學科技 62,670,760 46,755,255 109,426,015 
10 01299 友邦保險 3,323,960 106,032,930 109,356,890 

1 00700 騰訊控股 143,905,660 135,663,220 279,568,880 
2 00763 中興通訊 99,294,912 83,634,972 182,929,884 
3 02382 舜宇光學科技 14,650,955 76,015,905 90,666,860 
4 01088 中國神華 84,998,260 1,336,430 86,334,690 
5 00175 吉利汽車 20,363,380 61,068,260 81,431,640 
6 01918 融創中國 35,435,250 26,699,350 62,134,600 
7 00966 中國太平 41,552,240 17,543,200 59,095,440 
8 01530 三生製藥 49,227,360 7,826,170 57,053,530 
9 01093 石藥集團 15,934,240 33,472,440 49,406,680 
10 00388 香港交易所 45,209,800 2,193,660 47,403,460 
