1 00700 騰訊控股 545,454,440 589,712,100 1,135,166,540 
2 01398 工商銀行 300,369,440 224,733,310 525,102,750 
3 00981 中芯國際 179,205,630 275,366,240 454,571,870 
4 00939 建設銀行 203,152,730 208,993,930 412,146,660 
5 02318 中國平安 74,057,725 326,993,875 401,051,600 
6 00388 香港交易所 211,107,440 175,563,980 386,671,420 
7 01918 融創中國 178,370,650 154,942,050 333,312,700 
8 00688 中國海外發展 142,302,800 178,805,100 321,107,900 
9 01336 新華保險 209,858,640 101,769,755 311,628,395 
10 00753 中國國航 128,718,400 118,942,360 247,660,760 

1 00700 騰訊控股 267,810,680 548,631,960 816,442,640 
2 01548 金斯瑞生物科技 261,035,200 245,620,100 506,655,300 
3 00763 中興通訊 91,554,130 142,733,320 234,287,450 
4 00981 中芯國際 113,715,220 50,460,030 164,175,250 
5 02208 金風科技 115,787,468 40,330,180 156,117,648 
6 01918 融創中國 75,065,250 49,701,350 124,766,600 
7 01088 中國神華 64,687,900 52,721,825 117,409,725 
8 01398 工商銀行 97,786,080 18,142,480 115,928,560 
9 02382 舜宇光學科技 37,924,100 75,641,800 113,565,900 
10 02318 中國平安 37,985,975 63,837,925 101,823,900 
