1 00700 騰訊控股 429,626,040 313,021,400 742,647,440 
2 02318 中國平安 256,519,075 380,645,800 637,164,875 
3 02601 中國太保 403,153,580 57,202,740 460,356,320 
4 01288 農業銀行 213,480,840 184,264,980 397,745,820 
5 00607 豐盛控股 216,396,275 174,985,375 391,381,650 
6 01398 工商銀行 227,480,820 158,546,220 386,027,040 
7 01918 融創中國 86,816,500 259,992,600 346,809,100 
8 01336 新華保險 201,293,660 83,974,065 285,267,725 
9 00175 吉利汽車 198,831,580 82,785,000 281,616,580 
10 00939 建設銀行 219,100,180 45,566,330 264,666,510 

1 00700 騰訊控股 213,652,540 226,901,320 440,553,860 
2 00607 豐盛控股 338,200,025 89,325,150 427,525,175 
3 01918 融創中國 66,603,950 94,225,150 160,829,100 
4 02601 中國太保 111,222,460 3,972,450 115,194,910 
5 01336 新華保險 99,465,125 13,762,345 113,227,470 
6 02202 萬科企業 57,813,955 33,868,380 91,682,335 
7 00939 建設銀行 83,283,000 7,370,590 90,653,590 
8 00857 中國石油股份 67,815,620 22,306,760 90,122,380 
9 01088 中國神華 74,873,180 13,394,310 88,267,490 
10 01339 中國人民保險集團 61,415,970 23,676,650 85,092,620 
