1 01177 中國生物製藥 214,198,430 369,109,435 583,307,865 
2 00700 騰訊控股 453,755,540 113,062,980 566,818,520 
3 01093 石藥集團 121,911,560 115,387,880 237,299,440 
4 00586 海螺創業 98,293,275 99,738,500 198,031,775 
5 02196 復星醫藥 120,712,925 70,319,950 191,032,875 
6 02328 中國財險 132,199,120 12,414,740 144,613,860 
7 02601 中國太保 69,480,530 27,702,690 97,183,220 
8 03988 中國銀行 32,509,780 61,534,620 94,044,400 
9 01066 威高股份 58,642,640 30,570,360 89,213,000 
10 01918 融創中國 34,873,050 50,490,150 85,363,200 

1 01177 中國生物製藥 141,939,610 80,888,935 222,828,545 
2 01093 石藥集團 113,278,920 61,722,936 175,001,856 
3 00700 騰訊控股 64,935,620 49,822,160 114,757,780 
4 01558 東陽光藥 61,065,390 5,173,330 66,238,720 
5 00763 中興通訊 44,769,520 17,145,624 61,915,144 
6 01918 融創中國 26,809,150 30,152,150 56,961,300 
7 01766 中國中車 39,965,200 5,774,600 45,739,800 
8 01211 比亞迪股份 25,833,850 12,975,700 38,809,550 
9 02186 綠葉製藥 13,128,575 24,991,140 38,119,715 
10 01088 中國神華 36,421,600 988,290 37,409,890 
