1 00700 騰訊控股 141,662,360 332,914,019 474,576,379 
2 01398 工商銀行 1,187,070 432,414,650 433,601,720 
3 00939 建設銀行 1,692,270 348,621,590 350,313,860 
4 01171 兗州煤業股份 168,985,240 129,632,800 298,618,040 
5 03968 招商銀行 26,847,675 266,838,985 293,686,660 
6 00241 阿里健康 140,036,740 148,175,860 288,212,600 
7 01060 阿里影業 128,075,100 153,217,200 281,292,300 
8 02318 中國平安 4,625,125 223,644,725 228,269,850 
9 01088 中國神華 193,089,435 22,233,315 215,322,750 
10 03333 中國恒大 161,838,800 18,250,350 180,089,150 

1 02001 新高教集團 198,806,080 34,916,190 233,722,270 
2 00700 騰訊控股 53,482,240 150,057,040 203,539,280 
3 00241 阿里健康 79,685,180 92,109,420 171,794,600 
4 00586 海螺創業 166,026,200 74,700 166,100,900 
5 01918 融創中國 29,198,650 128,022,200 157,220,850 
6 01060 阿里影業 91,695,300 63,641,400 155,336,700 
7 01317 楓葉教育 104,416,040 40,676,960 145,093,000 
8 00279 民眾金融科技 87,644,620 55,145,560 142,790,180 
9 00268 金蝶國際 94,591,800 20,345,220 114,937,020 
10 01548 金斯瑞生物科技 37,578,200 69,659,500 107,237,700 
