1 00700 騰訊控股 811,661,480 540,376,320 1,352,037,800 
2 01177 中國生物製藥 184,625,920 156,929,830 341,555,750 
3 00939 建設銀行 10,308,990 248,128,670 258,437,660 
4 00175 吉利汽車 55,470,320 190,494,740 245,965,060 
5 01918 融創中國 88,434,950 126,048,800 214,483,750 
6 01398 工商銀行 60,252,440 145,048,610 205,301,050 
7 01093 石藥集團 96,122,920 93,098,560 189,221,480 
8 02607 上海醫藥 73,493,112 80,934,132 154,427,244 
9 01288 農業銀行 74,335,480 62,684,610 137,020,090 
10 02238 廣汽集團 89,046,400 12,101,332 101,147,732 

1 00700 騰訊控股 317,773,820 293,217,500 610,991,320 
2 00763 中興通訊 84,423,868 90,199,688 174,623,556 
3 01093 石藥集團 56,276,240 90,777,280 147,053,520 
4 06828 北京燃氣藍天 73,642,592 39,560,600 113,203,192 
5 01918 融創中國 27,192,000 59,884,200 87,076,200 
6 01177 中國生物製藥 31,328,130 50,538,740 81,866,870 
7 00059 天譽置業（新） 41,842,270 39,737,240 81,579,510 
8 02601 中國太保 23,586,920 38,010,250 61,597,170 
9 00268 金蝶國際 19,182,730 38,503,710 57,686,440 
10 00939 建設銀行 1,264,080 44,410,490 45,674,570 
