1 00700 騰訊控股 360,172,120 117,202,440 477,374,560 
2 00175 吉利汽車 224,182,260 31,292,380 255,474,640 
3 01398 工商銀行 194,817,590 27,818,710 222,636,300 
4 01288 農業銀行 102,093,150 50,182,840 152,275,990 
5 01918 融創中國 82,217,100 62,981,000 145,198,100 
6 00388 香港交易所 24,582,820 88,101,040 112,683,860 
7 03968 招商銀行 46,452,025 51,831,875 98,283,900 
8 02318 中國平安 84,751,900 13,452,175 98,204,075 
9 01109 華潤置地 90,662,100 56,100 90,718,200 
10 02601 中國太保 83,110,310 6,926,990 90,037,300 

1 00700 騰訊控股 206,408,760 43,522,736 249,931,496 
2 01918 融創中國 37,351,850 83,949,500 121,301,350 
3 00763 中興通訊 62,659,280 54,862,544 117,521,824 
4 00175 吉利汽車 31,324,340 65,492,465 96,816,805 
5 00268 金蝶國際 60,688,880 28,291,370 88,980,250 
6 01548 金斯瑞生物科技 19,886,960 42,607,200 62,494,160 
7 01666 同仁堂科技 22,879,700 27,310,400 50,190,100 
8 02208 金風科技 33,224,454 11,919,130 45,143,584 
9 02039 中集集團 30,092,225 14,874,129 44,966,354 
10 03958 東方證券 12,411,268 25,133,884 37,545,152 
