1 00700 騰訊控股 590,011,260 286,222,840 876,234,100 
2 00005 匯豐控股 548,014,200 1,375,720 549,389,920 
3 02318 中國平安 393,174,550 36,538,550 429,713,100 
4 01288 農業銀行 329,622,610 7,657,550 337,280,160 
5 00966 中國太平 84,691,890 191,272,170 275,964,060 
6 01918 融創中國 127,108,850 139,196,950 266,305,800 
7 02601 中國太保 229,609,260 22,769,260 252,378,520 
8 01398 工商銀行 225,682,160 5,938,140 231,620,300 
9 00939 建設銀行 193,565,850 13,049,130 206,614,980 
10 03968 招商銀行 115,849,925 83,816,575 199,666,500 

1 00700 騰訊控股 106,067,200 88,810,760 194,877,960 
2 01918 融創中國 82,526,220 83,256,290 165,782,510 
3 01336 新華保險 89,925,045 37,202,075 127,127,120 
4 00175 吉利汽車 46,241,540 42,942,520 89,184,060 
5 00763 中興通訊 24,839,104 43,622,168 68,461,272 
6 00268 金蝶國際（一千） 36,859,920 28,171,698 65,031,618 
7 03883 中國奧園 30,229,850 31,184,020 61,413,870 
8 02601 中國太保 31,657,880 21,443,990 53,101,870 
9 00998 中信銀行 3,205,070 48,259,440 51,464,510 
10 00581 中國東方集團 6,599,780 43,336,220 49,936,000 
