1 01288 農業銀行 329,859,290 378,141,190 708,000,480 
2 00700 騰訊控股 346,278,820 187,636,020 533,914,840 
3 00939 建設銀行 207,669,450 188,375,580 396,045,030 
4 02318 中國平安 187,689,675 134,462,850 322,152,525 
5 01398 工商銀行 20,680,910 189,058,980 209,739,890 
6 01918 融創中國 82,135,700 93,561,050 175,696,750 
7 00175 吉利汽車 84,679,000 79,684,700 164,363,700 
8 00388 香港交易所 42,540,860 95,225,880 137,766,740 
9 02382 舜宇光學科技 23,487,270 113,094,010 136,581,280 
10 00762 中國聯通 10,609,200 110,918,660 121,527,860 

1 01548 金斯瑞生物科技 638,261,100 816,853,700 1,455,114,800 
2 00700 騰訊控股 92,855,420 148,334,480 241,189,900 
3 01918 融創中國 75,937,550 158,640,500 234,578,050 
4 00939 建設銀行 29,065,540 118,646,550 147,712,090 
5 00175 吉利汽車 97,548,100 26,077,800 123,625,900 
6 06869 長飛光纖光纜 43,887,225 78,419,650 122,306,875 
7 01288 農業銀行 83,269,120 34,666,270 117,935,390 
8 03883 中國奧園 66,239,320 50,260,510 116,499,830 
9 00799  29,556,700 56,036,680 85,593,380 
10 03993 洛陽鉬業 45,412,530 31,299,120 76,711,650 
