1 00700 騰訊控股 409,891,220 355,005,660 764,896,880 
2 00939 建設銀行 558,418,200 140,354,590 698,772,790 
3 01336 新華保險 236,011,170 401,764,180 637,775,350 
4 02318 中國平安 333,563,375 272,901,975 606,465,350 
5 01398 工商銀行 461,639,870 144,165,820 605,805,690 
6 03988 中國銀行 296,080,730 107,589,450 403,670,180 
7 01088 中國神華 246,344,650 137,279,075 383,623,725 
8 01918 融創中國 180,120,000 197,166,050 377,286,050 
9 00966 中國太平 190,590,040 179,207,740 369,797,780 
10 01171 兗州煤業股份 198,691,480 164,496,560 363,188,040 

1 01548 金斯瑞生物科技 253,720,900 271,179,700 524,900,600 
2 00700 騰訊控股 284,605,600 162,089,190 446,694,790 
3 00939 建設銀行 221,638,450 123,156,110 344,794,560 
4 00763 中興通訊 166,606,340 159,767,150 326,373,490 
5 01918 融創中國 121,595,350 117,086,050 238,681,400 
6 00388 香港交易所 28,561,600 147,635,400 176,197,000 
7 01171 兗州煤業股份 83,673,080 85,982,000 169,655,080 
8 02333 長城汽車 145,558,530 18,713,830 164,272,360 
9 01030 新城發展控股 90,589,920 61,154,240 151,744,160 
10 02899 紫金礦業 94,535,280 47,797,220 142,332,500 
