1 00700 騰訊控股 916,801,340 336,494,580 1,253,295,920 
2 00005 匯豐控股 586,029,560 98,476,680 684,506,240 
3 01398 工商銀行 457,460,040 161,203,160 618,663,200 
4 00981 中芯國際 259,573,335 309,697,540 569,270,875 
5 02318 中國平安 401,029,675 138,249,900 539,279,575 
6 03968 招商銀行 300,932,275 128,985,125 429,917,400 
7 00939 建設銀行 323,865,410 101,907,250 425,772,660 
8 00175 吉利汽車 314,994,050 72,961,800 387,955,850 
9 01288 農業銀行 115,476,640 255,575,180 371,051,820 
10 02018 瑞聲科技 269,300,600 76,769,350 346,069,950 

1 00700 騰訊控股 433,354,300 187,274,620 620,628,920 
2 01548 金斯瑞生物科技 151,064,000 102,931,620 253,995,620 
3 00981 中芯國際 123,027,600 124,779,805 247,807,405 
4 00951 超威動力 148,801,240 67,633,010 216,434,250 
5 00763 中興通訊 83,488,710 103,336,920 186,825,630 
6 01918 融創中國 111,598,750 36,310,450 147,909,200 
7 00388 香港交易所 123,262,120 12,795,620 136,057,740 
8 02318 中國平安 94,978,250 35,758,250 130,736,500 
9 01398 工商銀行 92,921,260 32,840,370 125,761,630 
10 02208 金風科技 57,261,524 67,181,632 124,443,156 
