1 00700 騰訊控股 167,335,540 457,486,620 624,822,160 
2 00939 建設銀行 6,268,930 250,229,820 256,498,750 
3 00902 華能國際電力股份 55,397,700 157,831,300 213,229,000 
4 01918 融創中國 130,772,900 66,716,300 197,489,200 
5 03968 招商銀行 27,425,450 168,294,750 195,720,200 
6 03988 中國銀行 1,485,380 160,791,270 162,276,650 
7 01171 兗州煤業股份 29,792,300 77,385,420 107,177,720 
8 00175 吉利汽車 54,630,540 45,076,380 99,706,920 
9 01055 中國南方航空股份 30,507,700 65,613,680 96,121,380 
10 01398 工商銀行 86,008,530 8,336,801 94,345,331 

1 00700 騰訊控股 82,736,660 278,285,620 361,022,280 
2 01918 融創中國 41,621,200 91,550,950 133,172,150 
3 00763 中興通訊 53,759,076 61,690,968 115,450,044 
4 00939 建設銀行 21,358,830 93,153,790 114,512,620 
5 02869 綠城服務 60,386,900 28,127,040 88,513,940 
6 01448 福壽園 41,629,940 35,089,840 76,719,780 
7 01317 楓葉教育（新） 50,836,300 23,284,640 74,120,940 
8 03883 中國奧園 35,043,340 33,023,270 68,066,610 
9 02318 中國平安 1,515,725 61,006,725 62,522,450 
10 00279 民眾金融科技 28,628,800 27,134,340 55,763,140 
