1 00939 建設銀行 344,339,220 20,431,640 364,770,860 
2 01918 融創中國 136,353,950 174,087,550 310,441,500 
3 00753 中國國航 111,303,100 196,931,600 308,234,700 
4 00700 騰訊控股 153,075,080 124,130,780 277,205,860 
5 02007 碧桂園 50,602,880 148,559,320 199,162,200 
6 00981 中芯國際 85,001,640 103,237,370 188,239,010 
7 03968 招商銀行 48,841,475 110,679,781 159,521,256 
8 02382 舜宇光學科技 117,369,380 30,529,290 147,898,670 
9 01055 中國南方航空股份 53,967,480 81,275,500 135,242,980 
10 00338 上海石油化工股份 21,014,160 104,067,660 125,081,820 

1 00700 騰訊控股 91,278,820 190,614,620 281,893,440 
2 00939 建設銀行 250,339,090 6,603,860 256,942,950 
3 02382 舜宇光學科技 18,760,060 188,471,690 207,231,750 
4 01918 融創中國 119,737,300 58,641,650 178,378,950 
5 00753 中國國航 57,610,400 98,927,340 156,537,740 
6 00895 東江環保 78,819,042 67,994,114 146,813,156 
7 00981 中芯國際 81,453,660 64,549,050 146,002,710 
8 01055 中國南方航空股份 63,046,540 65,687,120 128,733,660 
9 01548 金斯瑞生物科技 72,153,600 51,515,100 123,668,700 
10 00763 中興通訊 40,106,532 51,520,332 91,626,864 
