1 00700 騰訊控股 168,848,660 183,080,660 351,929,320 
2 01093 石藥集團 74,203,960 264,851,800 339,055,760 
3 01918 融創中國 39,011,650 129,494,050 168,505,700 
4 00941 中國移動 13,647,650 125,376,225 139,023,875 
5 02196 復星醫藥 110,333,825 21,312,525 131,646,350 
6 01060 阿里影業 83,749,400 45,590,200 129,339,600 
7 02357 中航科工 108,563,460 2,826,260 111,389,720 
8 00291 華潤啤酒 72,730,900 27,523,500 100,254,400 
9 06886 - 63,191,940 29,571,168 92,763,108 
10 00788 中國鐵塔 83,180,500 1,329,100 84,509,600 

1 00763 中興通訊 50,980,164 129,405,584 180,385,748 
2 01093 石藥集團 61,589,360 113,676,275 175,265,635 
3 02357 中航科工 130,621,950 6,334,170 136,956,120 
4 00700 騰訊控股 79,560,120 50,386,906 129,947,026 
5 02202 萬科企業 46,397,285 54,004,485 100,401,770 
6 02318 中國平安 852,125 92,697,625 93,549,750 
7 00607 豐盛控股 67,607,150 2,856,600 70,463,750 
8 01088 中國神華 62,230,640 6,846,330 69,076,970 
9 01211 比亞迪股份 6,699,775 54,693,575 61,393,350 
10 02196 復星醫藥 2,904,200 57,607,600 60,511,800 
