1 00700 騰訊控股 335,850,760 541,972,560 877,823,320 
2 02318 中國平安 141,503,950 546,868,900 688,372,850 
3 00005 匯豐控股 537,254,320 27,936,700 565,191,020 
4 01177 中國生物製藥 260,005,080 255,974,620 515,979,700 
5 01398 工商銀行 168,717,330 147,894,880 316,612,210 
6 01918 融創中國 90,124,750 157,932,700 248,057,450 
7 00998 中信銀行 51,566,350 151,998,440 203,564,790 
8 01093 石藥集團 136,508,200 66,236,100 202,744,300 
9 00939 建設銀行 78,398,450 74,637,970 153,036,420 
10 01066 威高股份 82,039,560 63,597,960 145,637,520 

1 00700 騰訊控股 195,512,740 93,070,240 288,582,980 
2 01177 中國生物製藥 56,089,700 131,542,285 187,631,985 
3 01093 石藥集團 70,852,280 69,202,640 140,054,920 
4 00883 中國海洋石油 116,335,160 5,358,320 121,693,480 
5 00386 中國石油化工股份 23,368,040 78,095,180 101,463,220 
6 00763 中興通訊 51,834,732 37,176,372 89,011,104 
7 02318 中國平安 15,854,850 66,326,900 82,181,750 
8 01918 融創中國 42,560,350 39,488,450 82,048,800 
9 06098 碧桂園服務 65,889,040 262,765 66,151,805 
10 01513 麗珠醫藥 17,477,990 41,194,030 58,672,020 
