1 00700 騰訊控股 411,085,300 607,379,020 1,018,464,320 
2 00939 建設銀行 156,368,850 314,914,648 471,283,498 
3 01918 融創中國 157,160,850 278,142,000 435,302,850 
4 03968 招商銀行 105,642,675 292,198,550 397,841,225 
5 02318 中國平安 262,979,050 91,674,275 354,653,325 
6 01398 工商銀行 132,307,710 184,653,650 316,961,360 
7 00175 吉利汽車 223,278,700 81,793,600 305,072,300 
8 00981 中芯國際 127,456,990 161,715,880 289,172,870 
9 02601 中國太保 98,767,290 178,674,120 277,441,410 
10 02007 碧桂園 65,113,520 163,492,740 228,606,260 

1 00700 騰訊控股 229,698,640 265,928,200 495,626,840 
2 02208 金風科技 264,215,844 85,517,752 349,733,596 
3 00175 吉利汽車 227,006,000 18,605,600 245,611,600 
4 01548 金斯瑞生物科技 130,348,600 107,885,900 238,234,500 
5 03968 招商銀行 46,419,625 149,971,625 196,391,250 
6 02601 中國太保 131,196,060 33,893,890 165,089,950 
7 00981 中芯國際 90,628,470 73,060,540 163,689,010 
8 00388 香港交易所 144,991,820 8,646,880 153,638,700 
9 00354 中國軟件國際 86,500,900 59,787,420 146,288,320 
10 02007 碧桂園 18,303,740 125,317,460 143,621,200 
