1 00700 騰訊控股 354,194,820 133,779,180 487,974,000 
2 00939 建設銀行 345,086,010 61,606,650 406,692,660 
3 02628 中國人壽 45,873,880 241,403,164 287,277,044 
4 01299 友邦保險 158,294,310 10,418,470 168,712,780 
5 01918 融創中國 52,899,650 106,741,600 159,641,250 
6 02318 中國平安 60,628,650 77,355,800 137,984,450 
7 02382 舜宇光學科技 88,999,890 34,222,805 123,222,695 
8 02601 中國太保 102,726,220 18,702,520 121,428,740 
9 01288 農業銀行 104,890,760 15,089,620 119,980,380 
10 01177 中國生物製藥 26,708,540 90,424,230 117,132,770 

1 00700 騰訊控股 102,372,260 19,037,640 121,409,900 
2 01787 山東黃金 53,912,950 21,592,410 75,505,360 
3 00958 華能新能源 9,576,440 60,759,800 70,336,240 
4 00763 中興通訊 40,417,030 19,459,490 59,876,520 
5 03993 洛陽鉬業 37,799,760 21,157,830 58,957,590 
6 02688 新奧能源 606,295 57,443,900 58,050,195 
7 02628 中國人壽 5,118,180 49,142,080 54,260,260 
8 01211 比亞迪股份 26,168,100 27,953,350 54,121,450 
9 01317 楓葉教育 17,623,880 27,509,220 45,133,100 
10 01347 華虹半導體 14,918,940 29,053,160 43,972,100 
