1 00288 萬洲國際 430,145,745 91,536,115 521,681,860 
2 00939 建設銀行 65,154,440 419,214,851 484,369,291 
3 03333 中國恒大 20,345,100 357,583,950 377,929,050 
4 00700 騰訊控股 201,656,080 83,134,276 284,790,356 
5 01398 工商銀行 66,506,300 184,741,510 251,247,810 
6 01918 融創中國 111,269,450 100,901,800 212,171,250 
7 01336 新華保險 81,912,475 126,716,120 208,628,595 
8 02601 中國太保 116,972,670 35,364,750 152,337,420 
9 00688 中國海外發展 59,195,900 91,651,600 150,847,500 
10 02333 長城汽車 132,848,585 13,820,195 146,668,780 

1 00268 金蝶國際 81,961,780 132,833,070 214,794,850 
2 00700 騰訊控股 116,196,200 75,292,840 191,489,040 
3 01336 新華保險 44,571,150 89,479,965 134,051,115 
4 01177 中國生物製藥 65,841,600 38,592,210 104,433,810 
5 06881 中國銀河 78,462,430 4,419,550 82,881,980 
6 06098 碧桂園服務 18,886,660 63,499,686 82,386,346 
7 02208 金風科技 48,261,796 33,872,530 82,134,326 
8 01918 融創中國 40,305,900 40,702,950 81,008,850 
9 02001 新高教集團 20,181,200 46,099,700 66,280,900 
10 01044 恒安國際 59,980,975 3,338,525 63,319,500 
