1 00939 建設銀行 454,396,560 590,227,650 1,044,624,210 
2 02318 中國平安 70,941,100 277,194,925 348,136,025 
3 03968 招商銀行 9,898,150 337,585,700 347,483,850 
4 01398 工商銀行 259,221,490 24,176,050 283,397,540 
5 00700 騰訊控股 80,898,020 176,342,682 257,240,702 
6 02382 舜宇光學科技 112,078,420 112,314,506 224,392,926 
7 00175 吉利汽車 66,516,500 155,726,720 222,243,220 
8 00285 比亞迪電子 107,899,360 32,143,210 140,042,570 
9 00966 中國太平 69,098,260 62,042,380 131,140,640 
10 01177 中國生物製藥 94,508,820 34,791,110 129,299,930 

1 01573 南方能源 111,824,520 97,630,100 209,454,620 
2 01398 工商銀行 30,371,170 167,747,400 198,118,570 
3 00763 中興通訊 125,909,620 61,334,310 187,243,930 
4 02382 舜宇光學科技 149,837,570 10,723,490 160,561,060 
5 01177 中國生物製藥 90,726,820 44,679,100 135,405,920 
6 01951 錦欣生殖 99,800,640 18,164,600 117,965,240 
7 00700 騰訊控股 40,201,520 72,743,900 112,945,420 
8 06098 碧桂園服務 29,632,500 79,128,441 108,760,941 
9 00981 中芯國際 38,093,175 55,412,965 93,506,140 
10 00762 中國聯通 76,009,300 5,352,900 81,362,200 
