1 00700 騰訊控股 235,561,480 230,983,820 466,545,300 
2 00939 建設銀行 251,285,680 48,560,130 299,845,810 
3 02318 中國平安 208,376,750 8,534,100 216,910,850 
4 01398 工商銀行 181,938,510 16,769,350 198,707,860 
5 01918 融創中國 57,592,550 131,578,600 189,171,150 
6 00388 香港交易所 64,975,420 17,572,840 82,548,260 
7 01299 友邦保險 64,263,120 7,661,610 71,924,730 
8 01088 中國神華 21,355,390 47,557,840 68,913,230 
9 00175 吉利汽車 4,045,900 60,752,260 64,798,160 
10 02899 紫金礦業 22,883,200 38,853,040 61,736,240 

1 00700 騰訊控股 188,801,460 26,360,980 215,162,440 
2 00939 建設銀行 181,517,840 31,471,520 212,989,360 
3 01398 工商銀行 68,974,130 134,377,620 203,351,750 
4 00388 香港交易所 22,550,800 80,010,180 102,560,980 
5 01299 友邦保險 9,430,540 91,845,410 101,275,950 
6 02601 中國太保 88,635,560 1,741,950 90,377,510 
7 01548 金斯瑞生物科技 28,998,060 37,785,560 66,783,620 
8 06098 碧桂園服務 48,011,600 18,216,052 66,227,652 
9 02318 中國平安 30,758,400 30,260,125 61,018,525 
10 03323 中國建材 50,639,740 9,560,860 60,200,600 
