1 01918 融創中國 339,138,450 305,128,400 644,266,850 
2 00175 吉利汽車 88,378,060 395,061,000 483,439,060 
3 02318 中國平安 354,642,075 67,445,050 422,087,125 
4 00939 建設銀行 38,686,920 277,462,860 316,149,780 
5 00700 騰訊控股 111,224,800 166,485,920 277,710,720 
6 00288 萬洲國際 175,271,890 55,575,750 230,847,640 
7 02333 長城汽車 50,607,230 86,639,360 137,246,590 
8 00966 中國太平 84,278,450 50,450,270 134,728,720 
9 00425 敏實集團 56,905,000 76,588,300 133,493,300 
10 00902 華能國際電力股份 114,112,920 4,482,300 118,595,220 

1 00175 吉利汽車 33,556,180 138,625,780 172,181,960 
2 01918 融創中國 27,473,750 73,178,950 100,652,700 
3 00966 中國太平 16,829,120 75,562,310 92,391,430 
4 00288 萬洲國際 85,875,115 4,462,750 90,337,865 
5 06169 宇華教育 55,950,680 13,919,580 69,870,260 
6 00902 華能國際電力股份 3,628,240 61,151,960 64,780,200 
7 02666 環球醫療 52,077,890 11,238,030 63,315,920 
8 00763 中興通訊 19,111,340 39,647,150 58,758,490 
9 03908 中金公司 41,116,696 12,954,320 54,071,016 
10 00700 騰訊控股 26,760,200 22,814,660 49,574,860 
