1 01918 融創中國 258,428,950 522,493,250 780,922,200 
2 01398 工商銀行 212,112,760 256,923,445 469,036,205 
3 00939 建設銀行 187,139,140 215,801,580 402,940,720 
4 02628 中國人壽 216,535,740 83,462,460 299,998,200 
5 00700 騰訊控股 111,381,540 142,138,080 253,519,620 
6 00788 中國鐵塔 177,148,780 17,202,940 194,351,720 
7 00688 中國海外發展 50,337,500 102,726,573 153,064,073 
8 02318 中國平安 83,626,250 41,417,978 125,044,228 
9 00960 龍湖集團 16,592,525 85,039,800 101,632,325 
10 02007 碧桂園 61,981,900 34,276,440 96,258,340 

1 01918 融創中國 127,525,700 152,001,400 279,527,100 
2 02202 萬科企業 110,569,455 41,066,680 151,636,135 
3 02768 佳源國際控股 60,849,300 53,606,000 114,455,300 
4 00700 騰訊控股 40,589,540 43,156,840 83,746,380 
5 00939 建設銀行 77,665,710 4,452,640 82,118,350 
6 01558 東陽光藥 40,461,810 31,437,890 71,899,700 
7 02601 中國太保 36,929,270 25,220,070 62,149,340 
8 00607 豐盛控股 58,678,350 962,925 59,641,275 
9 02208 金風科技 8,653,796 48,956,374 57,610,170 
10 03333 中國恒大 26,996,850 29,341,700 56,338,550 
