1 00939 建設銀行 558,893,820 7,039,530 565,933,350 
2 00700 騰訊控股 377,137,580 128,787,160 505,924,740 
3 02318 中國平安 245,830,275 73,776,775 319,607,050 
4 02601 中國太保 177,902,180 96,347,790 274,249,970 
5 01398 工商銀行 158,758,470 14,792,668 173,551,138 
6 01177 中國生物製藥 163,009,200 9,625,160 172,634,360 
7 01299 友邦保險 81,297,740 76,745,530 158,043,270 
8 06098 碧桂園服務 38,937,050 96,370,293 135,307,343 
9 01093 石藥集團 61,463,800 69,397,160 130,860,960 
10 01918 融創中國 54,053,850 63,853,500 117,907,350 

1 00700 騰訊控股 102,336,540 68,180,660 170,517,200 
2 01177 中國生物製藥 105,535,800 39,363,040 144,898,840 
3 01093 石藥集團 31,737,760 107,364,400 139,102,160 
4 00012 恒基地產 0 138,722,300 138,722,300 
5 02269 藥明生物 131,615,375 4,699,325 136,314,700 
6 06098 碧桂園服務 78,831,060 36,147,922 114,978,982 
7 03968 招商銀行 107,755,200 5,540,425 113,295,625 
8 02601 中國太保 76,637,540 15,200,050 91,837,590 
9 00285 比亞迪電子 66,424,880 21,494,080 87,918,960 
10 00763 中興通訊 66,873,180 15,989,140 82,862,320 
