1 00939 建設銀行 1,016,442,790 541,176,540 1,557,619,330 
2 00700 騰訊控股 838,671,500 243,005,520 1,081,677,020 
3 01398 工商銀行 544,365,780 18,127,690 562,493,470 
4 01918 融創中國 132,146,850 222,667,500 354,814,350 
5 00175 吉利汽車 253,119,320 46,589,040 299,708,360 
6 01288 農業銀行 265,358,850 26,670,830 292,029,680 
7 02328 中國財險 237,544,180 28,518,690 266,062,870 
8 06030 中信証券 88,371,450 159,429,394 247,800,844 
9 01088 中國神華 167,487,010 57,649,160 225,136,170 
10 00998 中信銀行 196,148,850 24,453,530 220,602,380 

1 00700 騰訊控股 278,002,700 111,820,880 389,823,580 
2 00763 中興通訊 55,271,050 87,008,940 142,279,990 
3 01918 融創中國 62,402,600 67,884,750 130,287,350 
4 01128 永利澳門 1,310,272 121,839,952 123,150,224 
5 00788 中國鐵塔 80,375,840 32,054,700 112,430,540 
6 00939 建設銀行 55,876,020 52,448,870 108,324,890 
7 02238 廣汽集團 91,338,300 14,666,520 106,004,820 
8 01288 農業銀行 59,444,660 43,064,140 102,508,800 
9 02208 金風科技 80,067,692 13,905,410 93,973,102 
10 00241 阿里健康 66,737,980 14,992,660 81,730,640 
