1 00700 騰訊控股 449,198,400 141,277,440 590,475,840 
2 06098 碧桂園服務 152,744,740 9,677,429 162,422,169 
3 03968 招商銀行 707,450 139,085,175 139,792,625 
4 01918 融創中國 50,371,750 87,935,600 138,307,350 
5 00966 中國太平 51,388,460 63,907,404 115,295,864 
6 02196 復星醫藥 59,042,550 41,582,875 100,625,425 
7 01055 中國南方航空股份 44,966,540 45,086,060 90,052,600 
8 01398 工商銀行 38,858,250 44,603,470 83,461,720 
9 00998 中信銀行 22,414,700 54,595,270 77,009,970 
10 00291 華潤啤酒 1,639,300 53,464,000 55,103,300 

1 01299 友邦保險 154,514,710 364,160 154,878,870 
2 01288 農業銀行 23,349,890 126,298,070 149,647,960 
3 06098 碧桂園服務 107,425,180 39,360,534 146,785,714 
4 00700 騰訊控股 61,866,280 80,208,140 142,074,420 
5 00763 中興通訊 52,856,936 70,741,560 123,598,496 
6 00027 銀河娛樂 971,150 91,542,900 92,514,050 
7 00939 建設銀行 25,237,310 57,887,670 83,124,980 
8 02238 廣汽集團 10,048,820 52,930,772 62,979,592 
9 00354 中國軟件國際 24,908,400 31,279,700 56,188,100 
10 01658 郵儲銀行 55,667,790 221,630 55,889,420 
