1 00700 騰訊控股 254,610,520 153,309,500 407,920,020 
2 01398 工商銀行 168,320,660 204,205,970 372,526,630 
3 01918 融創中國 62,620,000 286,860,250 349,480,250 
4 00939 建設銀行 79,625,090 206,980,130 286,605,220 
5 00788 中國鐵塔 192,139,340 55,911,660 248,051,000 
6 00388 香港交易所 2,456,660 153,516,480 155,973,140 
7 01060 阿里影業 55,402,500 87,238,700 142,641,200 
8 03968 招商銀行 1,281,375 124,129,450 125,410,825 
9 02601 中國太保 72,364,550 42,027,560 114,392,110 
10 01336 新華保險 60,300,220 40,211,215 100,511,435 

1 01918 融創中國 48,058,550 209,688,400 257,746,950 
2 00788 中國鐵塔 42,912,260 129,516,480 172,428,740 
3 01177 中國生物製藥 83,372,090 78,212,685 161,584,775 
4 00700 騰訊控股 90,860,600 64,272,360 155,132,960 
5 00189 東岳集團 88,911,610 57,603,840 146,515,450 
6 00763 中興通訊 88,128,264 50,596,632 138,724,896 
7 01093 石藥集團 78,636,120 28,357,240 106,993,360 
8 02208 金風科技 48,709,020 55,683,194 104,392,214 
9 02628 中國人壽 12,943,520 66,848,220 79,791,740 
10 00175 吉利汽車 53,710,140 19,918,520 73,628,660 
