1 00700 騰訊控股 262,422,980 204,357,080 466,780,060 
2 01398 工商銀行 374,070,180 37,593,470 411,663,650 
3 02318 中國平安 47,492,350 343,565,425 391,057,775 
4 01918 融創中國 110,507,100 141,694,000 252,201,100 
5 00941 中國移動 169,034,925 21,520,750 190,555,675 
6 00939 建設銀行 143,228,370 43,895,750 187,124,120 
7 00902 華能國際電力股份 54,470,780 97,998,620 152,469,400 
8 00288 萬洲國際 53,335,485 91,215,155 144,550,640 
9 02601 中國太保 66,022,450 46,345,420 112,367,870 
10 01336 新華保險 18,446,640 91,053,560 109,500,200 

1 00763 中興通訊 109,174,388 64,805,212 173,979,600 
2 01918 融創中國 77,551,900 55,370,594 132,922,494 
3 00857 中國石油股份 1,161,380 95,736,560 96,897,940 
4 00700 騰訊控股 41,706,120 49,366,180 91,072,300 
5 00788 中國鐵塔 46,757,500 34,923,240 81,680,740 
6 02318 中國平安 43,656,875 30,464,800 74,121,675 
7 00939 建設銀行 46,882,940 8,128,390 55,011,330 
8 00902 華能國際電力股份 49,202,000 2,743,720 51,945,720 
9 01818 招金礦業 37,361,005 10,037,165 47,398,170 
10 03333 中國恒大 41,654,050 2,414,000 44,068,050 
