1 00939 建設銀行 792,078,740 521,742,570 1,313,821,310 
2 03968 招商銀行 38,398,425 361,017,450 399,415,875 
3 00700 騰訊控股 83,843,880 266,732,060 350,575,940 
4 00388 香港交易所 171,537,780 11,792,420 183,330,200 
5 01918 融創中國 127,872,700 48,496,900 176,369,600 
6 01398 工商銀行 122,724,900 7,444,870 130,169,770 
7 00291 華潤啤酒 95,021,900 10,918,600 105,940,500 
8 02628 中國人壽 67,355,020 27,757,600 95,112,620 
9 02020 安踏體育 17,836,300 75,509,100 93,345,400 
10 02318 中國平安 39,660,775 48,830,975 88,491,750 

1 00700 騰訊控股 81,820,900 202,860,760 284,681,660 
2 00763 中興通訊 92,513,470 86,217,210 178,730,680 
3 02382 舜宇光學科技 14,057,210 121,135,590 135,192,800 
4 01398 工商銀行 22,036,350 109,958,610 131,994,960 
5 01828 大昌行集團 12,908,700 86,356,990 99,265,690 
6 01558 東陽光藥 50,487,760 34,630,830 85,118,590 
7 00175 吉利汽車 19,888,720 61,588,840 81,477,560 
8 01088 中國神華 2,202,990 64,839,810 67,042,800 
9 01177 中國生物製藥 19,701,320 46,019,580 65,720,900 
10 02051 ５１信用卡 27,899,455 36,171,165 64,070,620 
