1 00939 建設銀行 528,650,530 542,967,810 1,071,618,340 
2 00700 騰訊控股 471,535,280 154,309,440 625,844,720 
3 03888 金山軟件 222,438,740 55,547,748 277,986,488 
4 01398 工商銀行 165,727,940 15,024,510 180,752,450 
5 02238 廣汽集團 73,084,620 101,444,400 174,529,020 
6 01336 新華保險 69,942,195 68,878,440 138,820,635 
7 02318 中國平安 33,520,975 96,635,225 130,156,200 
8 00175 吉利汽車 15,535,800 111,660,080 127,195,880 
9 02382 舜宇光學科技 85,692,110 31,527,560 117,219,670 
10 01918 融創中國 76,323,100 40,553,800 116,876,900 

1 02382 舜宇光學科技 119,420,180 15,492,850 134,913,030 
2 06169 宇華教育 45,511,060 76,143,260 121,654,320 
3 01177 中國生物製藥 8,609,480 99,372,902 107,982,382 
4 00763 中興通訊 81,478,692 24,283,824 105,762,516 
5 03888 金山軟件 65,626,680 37,639,440 103,266,120 
6 06068 睿見教育 28,121,180 68,977,780 97,098,960 
7 00939 建設銀行 44,108,930 47,360,970 91,469,900 
8 01317 楓葉教育 37,244,160 24,784,180 62,028,340 
9 03323 中國建材 15,208,340 39,629,260 54,837,600 
10 01776 廣發証券 23,090,784 28,440,294 51,531,078 
