1 00939 建設銀行 366,493,200 180,091,950 546,585,150 
2 00700 騰訊控股 505,683,820 37,851,620 543,535,440 
3 01398 工商銀行 204,976,000 121,804,850 326,780,850 
4 01336 新華保險 100,910,615 39,089,035 139,999,650 
5 03968 招商銀行 4,564,400 127,095,275 131,659,675 
6 01918 融創中國 52,619,800 66,863,700 119,483,500 
7 00788 中國鐵塔 81,245,180 31,236,620 112,481,800 
8 02357 中航科工 17,552,490 61,791,340 79,343,830 
9 03328 交通銀行 17,527,400 56,377,000 73,904,400 
10 00968 信義光能 40,810,740 32,383,080 73,193,820 

1 00700 騰訊控股 34,959,740 114,079,860 149,039,600 
2 00939 建設銀行 83,526,780 25,022,250 108,549,030 
3 01109 華潤置地 47,783,300 55,929,000 103,712,300 
4 00941 中國移動 93,282,725 6,714,925 99,997,650 
5 01918 融創中國 11,609,100 71,126,100 82,735,200 
6 01088 中國神華 66,573,040 15,346,540 81,919,580 
7 00552 中國通信服務 55,163,860 12,297,360 67,461,220 
8 02357 中航科工 49,261,180 17,199,640 66,460,820 
9 00762 中國聯通 59,847,680 1,202,620 61,050,300 
10 01099 國藥控股 55,501,360 281,040 55,782,400 
