1 01918 融創中國 212,910,700 290,026,950 502,937,650 
2 01398 工商銀行 209,655,780 219,959,540 429,615,320 
3 00939 建設銀行 61,743,100 205,375,540 267,118,640 
4 00700 騰訊控股 85,857,400 123,935,100 209,792,500 
5 00291 華潤啤酒 156,801,700 33,787,100 190,588,800 
6 02318 中國平安 146,058,050 41,882,064 187,940,114 
7 00981 中芯國際 86,095,725 47,600,437 133,696,162 
8 01109 華潤置地 3,265,000 119,341,900 122,606,900 
9 00175 吉利汽車 84,065,820 9,522,520 93,588,340 
10 03968 招商銀行 3,366,775 88,411,450 91,778,225 

1 01918 融創中國 29,223,400 71,091,050 100,314,450 
2 00700 騰訊控股 34,627,380 54,124,720 88,752,100 
3 00607 豐盛控股 53,077,600 30,122,200 83,199,800 
4 02208 金風科技 34,081,988 37,947,164 72,029,152 
5 01288 農業銀行 68,227,860 474,430 68,702,290 
6 01359 中國信達 27,165,900 29,656,710 56,822,610 
7 06030 中信証券 25,279,490 14,887,010 40,166,500 
8 00966 中國太平 13,970,830 25,062,650 39,033,480 
9 00958 華能新能源 35,561,020 2,477,340 38,038,360 
10 00916 龍源電力 35,404,440 2,350,090 37,754,530 
