1 00700 騰訊控股 635,697,320 149,224,000 784,921,320 
2 02318 中國平安 449,720,175 45,855,125 495,575,300 
3 00288 萬洲國際 278,765,230 178,952,760 457,717,990 
4 01918 融創中國 221,856,000 201,242,900 423,098,900 
5 03988 中國銀行 18,556,050 337,406,420 355,962,470 
6 00175 吉利汽車 258,342,520 46,213,520 304,556,040 
7 01398 工商銀行 273,009,030 24,788,830 297,797,860 
8 00388 香港交易所 180,807,300 5,715,590 186,522,890 
9 03968 招商銀行 145,953,500 33,160,975 179,114,475 
10 02601 中國太保 127,368,820 36,456,820 163,825,640 

1 00700 騰訊控股 255,048,860 76,260,036 331,308,896 
2 00288 萬洲國際 37,542,185 263,465,140 301,007,325 
3 02318 中國平安 197,140,575 28,273,082 225,413,657 
4 00763 中興通訊 140,675,630 69,880,150 210,555,780 
5 03968 招商銀行 188,004,200 980,900 188,985,100 
6 01336 新華保險 92,582,970 91,401,975 183,984,945 
7 01918 融創中國 79,479,250 63,962,800 143,442,050 
8 00175 吉利汽車 33,361,640 91,672,540 125,034,180 
9 00788 中國鐵塔 100,308,320 3,893,780 104,202,100 
10 01776 廣發証券 47,829,210 34,707,150 82,536,360 
