1 00700 騰訊控股 701,037,500 247,890,022 948,927,522 
2 00939 建設銀行 461,283,650 81,965,730 543,249,380 
3 02318 中國平安 234,282,875 158,114,175 392,397,050 
4 01918 融創中國 141,350,450 117,773,350 259,123,800 
5 01336 新華保險 155,783,900 48,326,765 204,110,665 
6 00288 萬洲國際 170,133,525 22,621,235 192,754,760 
7 02601 中國太保 128,290,090 45,739,740 174,029,830 
8 02382 舜宇光學科技 60,745,305 106,296,640 167,041,945 
9 03968 招商銀行 78,297,875 62,596,850 140,894,725 
10 01177 中國生物製藥 64,580,690 57,584,220 122,164,910 

1 01398 工商銀行 303,128,560 22,745,790 325,874,350 
2 00700 騰訊控股 120,432,080 177,028,600 297,460,680 
3 00763 中興通訊 123,085,330 68,007,430 191,092,760 
4 01088 中國神華 132,817,460 7,424,030 140,241,490 
5 00288 萬洲國際 78,843,925 39,682,825 118,526,750 
6 02382 舜宇光學科技 61,044,310 50,937,410 111,981,720 
7 01177 中國生物製藥 76,934,380 31,931,790 108,866,170 
8 00939 建設銀行 68,521,250 27,604,270 96,125,520 
9 03323 中國建材 70,859,060 23,000,240 93,859,300 
10 01317 楓葉教育 37,088,080 52,729,060 89,817,140 
