1 00939 建設銀行 962,395,580 682,513,270 1,644,908,850 
2 02318 中國平安 285,234,500 147,034,800 432,269,300 
3 00700 騰訊控股 234,753,120 139,853,920 374,607,040 
4 01398 工商銀行 281,373,640 42,236,940 323,610,580 
5 06030 中信証券 170,152,180 118,355,370 288,507,550 
6 02018 瑞聲科技 238,129,975 24,577,175 262,707,150 
7 03908 中金公司 104,887,480 153,604,376 258,491,856 
8 01299 友邦保險 158,823,790 79,703,830 238,527,620 
9 01918 融創中國 83,025,550 138,716,500 221,742,050 
10 00388 香港交易所 154,277,580 64,323,780 218,601,360 

1 00700 騰訊控股 279,094,780 176,491,978 455,586,758 
2 00763 中興通訊 202,148,754 48,886,744 251,035,498 
3 01918 融創中國 118,326,550 95,667,700 213,994,250 
4 03323 中國建材 14,642,400 135,232,840 149,875,240 
5 06030 中信証券 112,227,370 35,424,810 147,652,180 
6 00981 中芯國際 95,117,485 41,153,780 136,271,265 
7 01177 中國生物製藥 105,255,960 24,068,900 129,324,860 
8 01776 廣發証券 94,618,768 28,810,070 123,428,838 
9 01398 工商銀行 29,526,150 79,145,030 108,671,180 
10 02269 藥明生物 76,244,300 1,440,250 77,684,550 
