1 00700 騰訊控股 282,937,700 143,903,700 426,841,400 
2 01398 工商銀行 380,362,330 22,892,250 403,254,580 
3 00939 建設銀行 268,968,110 35,673,820 304,641,930 
4 00981 中芯國際 162,678,005 113,586,016 276,264,021 
5 00288 萬洲國際 66,256,510 162,849,140 229,105,650 
6 01918 融創中國 47,522,750 125,582,050 173,104,800 
7 00788 中國鐵塔 134,223,260 27,636,240 161,859,500 
8 03908 中金公司 41,124,528 80,610,696 121,735,224 
9 00966 中國太平 44,924,160 43,193,416 88,117,576 
10 02328 中國財險 2,725,260 84,225,900 86,951,160 

1 00763 中興通訊 103,463,084 35,979,592 139,442,676 
2 00981 中芯國際 75,779,575 62,142,785 137,922,360 
3 00700 騰訊控股 70,064,820 35,800,980 105,865,800 
4 01918 融創中國 25,759,750 40,094,250 65,854,000 
5 02382 舜宇光學科技 55,698,595 7,537,805 63,236,400 
6 01336 新華保險 14,638,740 30,767,350 45,406,090 
7 02318 中國平安 38,843,300 3,948,725 42,792,025 
8 00189 東岳集團 25,776,340 3,667,020 29,443,360 
9 01398 工商銀行 7,379,480 22,061,840 29,441,320 
10 00631 三一國際 6,078,440 23,156,790 29,235,230 
