1 00175 吉利汽車 273,906,560 170,701,200 444,607,760 
2 01398 工商銀行 203,986,060 212,594,710 416,580,770 
3 01918 融創中國 104,727,850 185,065,666 289,793,516 
4 00939 建設銀行 25,055,390 222,779,390 247,834,780 
5 03968 招商銀行 11,628,800 189,314,175 200,942,975 
6 00700 騰訊控股 140,138,940 59,128,380 199,267,320 
7 02318 中國平安 139,534,325 51,312,500 190,846,825 
8 01336 新華保險 107,686,480 77,932,280 185,618,760 
9 01658 郵儲銀行 77,617,830 97,409,050 175,026,880 
10 00981 中芯國際 126,507,345 41,369,290 167,876,635 

1 00175 吉利汽車 213,738,040 37,962,200 251,700,240 
2 00700 騰訊控股 154,653,940 35,546,700 190,200,640 
3 01918 融創中國 32,587,450 98,109,050 130,696,500 
4 00763 中興通訊 55,335,040 62,520,172 117,855,212 
5 01558 東陽光藥 79,890,970 13,166,080 93,057,050 
6 00981 中芯國際 53,512,495 21,404,730 74,917,225 
7 03883 中國奧園 30,447,100 43,790,470 74,237,570 
8 02319 蒙牛乳業 69,982,250 3,516,650 73,498,900 
9 00388 香港交易所 49,766,540 18,373,860 68,140,400 
10 01211 比亞迪股份 41,627,175 24,743,150 66,370,325 
