1 00700 騰訊控股 355,411,040 156,561,200 511,972,240 
2 01093 石藥集團 101,907,640 85,164,360 187,072,000 
3 01336 新華保險 78,105,815 98,814,535 176,920,350 
4 01918 融創中國 96,848,250 59,408,050 156,256,300 
5 02196 復星醫藥 37,512,700 73,232,100 110,744,800 
6 00175 吉利汽車 29,205,320 76,516,255 105,721,575 
7 02601 中國太保 64,777,630 37,140,880 101,918,510 
8 02318 中國平安 17,224,675 81,354,700 98,579,375 
9 00883 中國海洋石油 78,264,400 19,753,200 98,017,600 
10 03968 招商銀行 42,563,700 50,538,275 93,101,975 

1 00700 騰訊控股 114,006,900 66,476,000 180,482,900 
2 01818 招金礦業 38,776,850 52,164,925 90,941,775 
3 00694 北京首都機場股份 66,448,800 7,829,920 74,278,720 
4 00763 中興通訊 28,935,192 43,547,476 72,482,668 
5 00354 中國軟件國際 14,804,920 55,721,520 70,526,440 
6 01093 石藥集團 43,014,560 25,278,320 68,292,880 
7 06030 中信証券 36,119,430 31,553,800 67,673,230 
8 00175 吉利汽車 47,978,980 14,295,800 62,274,780 
9 00939 建設銀行 40,161,550 13,969,680 54,131,230 
10 01299 友邦保險 3,499,720 47,771,170 51,270,890 
