1 00700 騰訊控股 140,747,080 82,000,640 222,747,720 
2 01030 新城發展控股 168,156,100 13,708,860 181,864,960 
3 01918 融創中國 97,247,750 65,872,800 163,120,550 
4 00288 萬洲國際 55,236,700 90,613,875 145,850,575 
5 00939 建設銀行 121,713,010 17,661,840 139,374,850 
6 02318 中國平安 68,510,050 67,972,225 136,482,275 
7 01093 石藥集團 62,116,240 66,037,320 128,153,560 
8 01336 新華保險 109,463,415 15,954,025 125,417,440 
9 01177 中國生物製藥 82,483,810 19,204,560 101,688,370 
10 00175 吉利汽車 31,536,800 65,160,660 96,697,460 

1 03323 中國建材 69,389,820 72,545,540 141,935,360 
2 02662 承興國際控股 81,202,910 50,650,290 131,853,200 
3 00175 吉利汽車 121,501,520 3,357,320 124,858,840 
4 02020 安踏體育 109,747,200 4,585,350 114,332,550 
5 02208 金風科技 46,125,240 56,606,956 102,732,196 
6 02331 李寧 70,616,230 19,061,590 89,677,820 
7 00700 騰訊控股 51,365,880 26,960,420 78,326,300 
8 01918 融創中國 12,158,650 60,498,150 72,656,800 
9 02202 萬科企業 62,584,230 8,305,315 70,889,545 
10 01177 中國生物製藥 58,397,360 9,079,970 67,477,330 
