1 02318 中國平安 225,629,250 160,936,150 386,565,400 
2 00700 騰訊控股 158,497,260 132,959,180 291,456,440 
3 02601 中國太保 173,818,550 75,809,000 249,627,550 
4 00939 建設銀行 192,335,400 11,993,280 204,328,680 
5 01918 融創中國 120,252,650 56,218,000 176,470,650 
6 01336 新華保險 90,330,810 33,471,165 123,801,975 
7 00386 中國石油化工股份 68,137,780 25,770,160 93,907,940 
8 06030 中信証券 38,830,340 29,067,070 67,897,410 
9 01088 中國神華 38,644,810 28,345,780 66,990,590 
10 00291 華潤啤酒 20,238,400 45,013,800 65,252,200 

1 00700 騰訊控股 77,589,240 68,537,260 146,126,500 
2 01918 融創中國 52,190,000 18,568,450 70,758,450 
3 00939 建設銀行 33,296,990 26,437,120 59,734,110 
4 06030 中信証券 21,005,000 29,046,670 50,051,670 
5 00763 中興通訊 29,633,050 19,710,330 49,343,380 
6 01398 工商銀行 22,402,720 25,727,860 48,130,580 
7 00285 比亞迪電子 35,510,200 12,551,800 48,062,000 
8 01177 中國生物製藥 16,043,180 28,641,530 44,684,710 
9 02601 中國太保 26,873,150 15,806,360 42,679,510 
10 00288 萬洲國際 10,621,920 29,024,170 39,646,090 
