1 00700 騰訊控股 840,274,380 229,383,060 1,069,657,440 
2 00175 吉利汽車 162,043,440 690,539,860 852,583,300 
3 00939 建設銀行 697,219,580 56,235,460 753,455,040 
4 00288 萬洲國際 281,709,290 34,717,785 316,427,075 
5 02628 中國人壽 11,343,150 284,566,900 295,910,050 
6 03988 中國銀行 203,620,310 62,830,360 266,450,670 
7 01398 工商銀行 236,138,280 28,629,730 264,768,010 
8 02318 中國平安 83,255,725 157,765,650 241,021,375 
9 01336 新華保險 180,212,590 59,598,935 239,811,525 
10 02382 舜宇光學科技 146,795,350 43,587,280 190,382,630 

1 00700 騰訊控股 271,836,320 185,476,855 457,313,175 
2 01548 金斯瑞生物科技 106,413,200 96,380,300 202,793,500 
3 00939 建設銀行 34,746,060 116,274,590 151,020,650 
4 00388 香港交易所 6,759,760 103,120,320 109,880,080 
5 02318 中國平安 19,930,400 73,113,600 93,044,000 
6 02208 金風科技 39,302,460 37,041,952 76,344,412 
7 03333 中國恒大 26,483,450 49,092,300 75,575,750 
8 00788 中國鐵塔 57,872,320 14,532,820 72,405,140 
9 00288 萬洲國際 56,249,455 8,946,550 65,196,005 
10 00027 銀河娛樂 2,923,650 59,535,000 62,458,650 
