1 03988 中國銀行 43,989,330 412,761,880 456,751,210 
2 01398 工商銀行 446,705,550 8,376,190 455,081,740 
3 00700 騰訊控股 162,257,400 111,285,940 273,543,340 
4 01918 融創中國 147,262,950 123,532,700 270,795,650 
5 01336 新華保險 71,495,785 163,136,545 234,632,330 
6 00939 建設銀行 196,550,950 26,811,380 223,362,330 
7 02601 中國太保 124,005,250 42,950,290 166,955,540 
8 01177 中國生物製藥 116,476,300 48,903,410 165,379,710 
9 00966 中國太平 104,056,880 56,821,592 160,878,472 
10 00857 中國石油股份 38,717,580 100,361,800 139,079,380 

1 00763 中興通訊 104,768,160 73,759,000 178,527,160 
2 00788 中國鐵塔 111,372,960 19,244,700 130,617,660 
3 00700 騰訊控股 75,368,600 47,458,220 122,826,820 
4 01918 融創中國 44,523,800 64,519,400 109,043,200 
5 01177 中國生物製藥 56,466,990 31,201,670 87,668,660 
6 02202 萬科企業 67,634,475 14,206,120 81,840,595 
7 02318 中國平安 5,312,750 66,506,650 71,819,400 
8 01336 新華保險 33,480,220 34,021,915 67,502,135 
9 01093 石藥集團 38,478,440 18,377,160 56,855,600 
10 01398 工商銀行 45,951,600 10,247,150 56,198,750 
