1 00939 建設銀行 121,609,670 959,165,230 1,080,774,900 
2 01398 工商銀行 62,217,910 462,774,780 524,992,690 
3 00700 騰訊控股 65,256,260 446,718,100 511,974,360 
4 03988 中國銀行 29,466,470 438,973,910 468,440,380 
5 03908 中金公司 66,573,680 185,456,120 252,029,800 
6 01918 融創中國 104,854,250 144,856,250 249,710,500 
7 01336 新華保險 90,884,795 139,716,295 230,601,090 
8 00586 海螺創業 109,998,300 112,789,725 222,788,025 
9 00762 中國聯通 130,695,860 73,109,860 203,805,720 
10 01093 石藥集團 119,442,000 74,216,680 193,658,680 

1 00763 中興通訊 315,212,400 252,893,140 568,105,540 
2 00700 騰訊控股 62,470,240 147,033,160 209,503,400 
3 01336 新華保險 105,073,645 100,329,760 205,403,405 
4 01918 融創中國 51,591,450 100,687,800 152,279,250 
5 00762 中國聯通 98,751,720 35,863,000 134,614,720 
6 06066 中信建投証券 76,899,030 51,966,335 128,865,365 
7 00175 吉利汽車 72,579,040 44,103,460 116,682,500 
8 02382 舜宇光學科技 16,648,165 80,580,855 97,229,020 
9 02601 中國太保 37,331,350 55,129,110 92,460,460 
10 01776 廣發証券 17,691,724 74,687,088 92,378,812 
