1 00700 騰訊控股 279,674,540 206,343,120 486,017,660 
2 01918 融創中國 101,200,750 155,396,700 256,597,450 
3 02020 安踏體育 179,672,200 54,725,700 234,397,900 
4 03333 中國恒大 109,618,450 66,022,177 175,640,627 
5 03969 中國通號 105,205,970 60,933,250 166,139,220 
6 03968 招商銀行 94,961,725 60,650,900 155,612,625 
7 02318 中國平安 109,103,100 40,276,625 149,379,725 
8 00388 香港交易所 99,659,140 12,275,780 111,934,920 
9 00788 中國鐵塔 2,780,260 102,906,640 105,686,900 
10 02601 中國太保 80,927,470 23,982,590 104,910,060 

1 03969 中國通號 61,866,090 134,133,900 195,999,990 
2 06169 宇華教育 59,720,560 49,067,480 108,788,040 
3 03883 中國奧園 17,922,460 81,237,400 99,159,860 
4 01918 融創中國 45,212,700 41,496,150 86,708,850 
5 01109 華潤置地 72,606,600 0 72,606,600 
6 00700 騰訊控股 27,166,500 44,361,700 71,528,200 
7 00996 嘉年華國際 27,141,910 31,678,010 58,819,920 
8 01776 廣發証券 55,820,604 2,020,126 57,840,730 
9 02382 舜宇光學科技 53,871,740 2,290,890 56,162,630 
10 01030 新城發展控股 38,217,380 6,225,840 44,443,220 
