1 00700 騰訊控股 84,535,620 256,193,680 340,729,300 
2 01030 新城發展控股 282,090,640 22,803,920 304,894,560 
3 03333 中國恒大 11,455,950 260,808,800 272,264,750 
4 02318 中國平安 57,114,350 110,142,850 167,257,200 
5 02777 富力地產 758,544 162,446,248 163,204,792 
6 01918 融創中國 44,963,700 70,985,400 115,949,100 
7 00386 中國石油化工股份 68,198,180 26,530,160 94,728,340 
8 01288 農業銀行 52,521,440 37,208,610 89,730,050 
9 00665 海通國際 64,982,090 17,708,110 82,690,200 
10 06808 高鑫零售 10,070,720 68,675,340 78,746,060 

1 02662 承興國際控股 70,484,600 58,911,390 129,395,990 
2 00700 騰訊控股 70,014,940 31,587,540 101,602,480 
3 01918 融創中國 17,834,600 62,497,450 80,332,050 
4 00966 中國太平 67,768,890 9,642,120 77,411,010 
5 01030 新城發展控股 12,621,980 54,415,340 67,037,320 
6 02020 安踏體育 49,038,050 4,829,800 53,867,850 
7 00268 金蝶國際 24,233,490 28,498,500 52,731,990 
8 01177 中國生物製藥 46,429,960 5,375,600 51,805,560 
9 02318 中國平安 11,783,950 37,711,750 49,495,700 
10 00081 中國海外宏洋集團 13,430,150 29,864,100 43,294,250 
