1 01398 工商銀行 605,917,930 43,152,360 649,070,290 
2 00939 建設銀行 366,006,330 3,527,740 369,534,070 
3 00700 騰訊控股 149,519,760 97,489,860 247,009,620 
4 02020 安踏體育 158,481,750 25,926,500 184,408,250 
5 02318 中國平安 69,217,825 76,581,075 145,798,900 
6 02328 中國財險 65,063,220 73,880,760 138,943,980 
7 01918 融創中國 40,841,850 88,811,400 129,653,250 
8 00175 吉利汽車 8,069,020 103,038,440 111,107,460 
9 00386 中國石油化工股份 21,065,000 82,187,100 103,252,100 
10 00981 中芯國際 49,514,090 46,394,930 95,909,020 

1 00763 中興通訊 56,732,710 124,133,285 180,865,995 
2 00700 騰訊控股 46,504,620 56,085,860 102,590,480 
3 01336 新華保險 13,405,390 72,027,240 85,432,630 
4 02382 舜宇光學科技 25,873,795 32,207,210 58,081,005 
5 03888 金山軟件 44,631,410 12,729,750 57,361,160 
6 02628 中國人壽 23,906,980 28,053,903 51,960,883 
7 00981 中芯國際 21,011,140 27,769,235 48,780,375 
8 03968 招商銀行 3,821,525 43,382,275 47,203,800 
9 00939 建設銀行 38,467,040 8,680,680 47,147,720 
10 02020 安踏體育 41,578,450 4,386,200 45,964,650 
