1 01918 融創中國 97,961,100 369,069,850 467,030,950 
2 00700 騰訊控股 192,672,920 127,967,080 320,640,000 
3 00939 建設銀行 194,260,050 46,462,929 240,722,979 
4 00288 萬洲國際 179,152,065 44,772,400 223,924,465 
5 00817 中國金茂 39,010,580 171,877,720 210,888,300 
6 02601 中國太保 107,333,940 54,678,010 162,011,950 
7 01398 工商銀行 4,035,970 151,221,118 155,257,088 
8 03968 招商銀行 1,456,850 123,258,788 124,715,638 
9 01088 中國神華 111,424,890 8,756,350 120,181,240 
10 03908 中金公司 105,838,688 7,313,944 113,152,632 

1 00700 騰訊控股 66,093,400 39,593,160 105,686,560 
2 02338 濰柴動力 81,547,180 23,700,360 105,247,540 
3 00288 萬洲國際 83,624,425 19,798,610 103,423,035 
4 01288 農業銀行 17,644,590 81,063,430 98,708,020 
5 00966 中國太平 27,738,070 62,013,030 89,751,100 
6 02208 金風科技 31,810,668 52,534,087 84,344,755 
7 00817 中國金茂 55,971,440 22,708,420 78,679,860 
8 06030 中信証券 1,427,510 68,335,680 69,763,190 
9 00347 鞍鋼股份 4,039,000 64,569,240 68,608,240 
10 01336 新華保險 31,790,370 35,920,570 67,710,940 
