1 00939 建設銀行 1,014,805,380 541,906,350 1,556,711,730 
2 03968 招商銀行 3,222,650 328,402,375 331,625,025 
3 00700 騰訊控股 172,490,100 133,568,580 306,058,680 
4 01398 工商銀行 265,574,530 29,886,350 295,460,880 
5 01918 融創中國 53,415,550 59,890,050 113,305,600 
6 02318 中國平安 50,557,450 53,369,400 103,926,850 
7 01299 友邦保險 35,153,920 50,662,110 85,816,030 
8 00388 香港交易所 695,620 77,242,140 77,937,760 
9 01088 中國神華 41,310,250 31,380,270 72,690,520 
10 00884 旭輝控股集團 25,037,340 43,215,420 68,252,760 

1 00700 騰訊控股 114,109,360 25,415,800 139,525,160 
2 01833 平安好醫生 51,266,845 22,944,000 74,210,845 
3 00763 中興通訊 50,391,040 21,835,920 72,226,960 
4 01398 工商銀行 17,754,180 47,182,720 64,936,900 
5 03998 波司登 39,913,780 23,243,760 63,157,540 
6 00902 華能國際電力股份 55,241,640 4,082,140 59,323,780 
7 02382 舜宇光學科技 13,499,240 41,032,200 54,531,440 
8 00175 吉利汽車 29,610,740 21,183,940 50,794,680 
9 00291 華潤啤酒 44,324,000 3,748,000 48,072,000 
10 01573 南方能源 21,616,080 23,338,360 44,954,440 
