1 00939 建設銀行 794,636,220 616,560,520 1,411,196,740 
2 02382 舜宇光學科技 245,439,240 185,805,840 431,245,080 
3 02318 中國平安 85,257,050 186,787,050 272,044,100 
4 03968 招商銀行 3,896,275 227,245,175 231,141,450 
5 01918 融創中國 49,300,750 151,690,950 200,991,700 
6 00700 騰訊控股 64,594,320 132,927,617 197,521,937 
7 02601 中國太保 11,602,960 134,291,330 145,894,290 
8 00966 中國太平 109,415,060 26,226,256 135,641,316 
9 00981 中芯國際 82,968,540 50,289,830 133,258,370 
10 02018 瑞聲科技 47,135,725 84,683,825 131,819,550 

1 02382 舜宇光學科技 181,328,910 126,737,790 308,066,700 
2 01299 友邦保險 3,534,560 147,989,890 151,524,450 
3 00763 中興通訊 71,765,060 70,612,740 142,377,800 
4 00005 匯豐控股 127,409,180 406,720 127,815,900 
5 00700 騰訊控股 16,384,360 99,858,120 116,242,480 
6 01918 融創中國 50,538,000 55,760,750 106,298,750 
7 00981 中芯國際 56,148,810 47,180,070 103,328,880 
8 01573 南方能源 48,590,520 45,117,720 93,708,240 
9 01177 中國生物製藥 36,533,620 55,782,980 92,316,600 
10 02018 瑞聲科技 74,924,725 10,045,475 84,970,200 
