1 01398 工商銀行 564,443,360 6,938,420 571,381,780 
2 01918 融創中國 140,669,900 198,837,400 339,507,300 
3 00700 騰訊控股 165,171,040 56,254,920 221,425,960 
4 02601 中國太保 132,366,430 12,728,260 145,094,690 
5 02318 中國平安 102,740,450 33,375,650 136,116,100 
6 03968 招商銀行 74,944,900 17,385,450 92,330,350 
7 02333 長城汽車 47,192,265 42,378,635 89,570,900 
8 00288 萬洲國際 42,220,555 44,714,650 86,935,205 
9 00175 吉利汽車 59,548,460 16,401,480 75,949,940 
10 02313 申洲國際 69,798,315 168,240 69,966,555 

1 00700 騰訊控股 161,517,900 52,382,780 213,900,680 
2 00763 中興通訊 69,179,230 43,915,810 113,095,040 
3 01336 新華保險 51,690,480 15,266,190 66,956,670 
4 02318 中國平安 26,430,000 39,961,825 66,391,825 
5 02628 中國人壽 4,864,940 57,271,240 62,136,180 
6 00288 萬洲國際 34,079,570 22,737,319 56,816,889 
7 01918 融創中國 36,055,900 17,508,100 53,564,000 
8 01177 中國生物製藥 45,475,930 7,640,900 53,116,830 
9 01558 東陽光藥 25,246,620 26,816,560 52,063,180 
10 00241 阿里健康 39,793,060 5,546,440 45,339,500 
