1 01398 工商銀行 472,063,880 17,351,330 489,415,210 
2 00939 建設銀行 396,148,820 2,755,810 398,904,630 
3 02328 中國財險 93,671,940 145,699,220 239,371,160 
4 00700 騰訊控股 148,478,180 31,643,020 180,121,200 
5 02601 中國太保 158,558,000 20,526,130 179,084,130 
6 00981 中芯國際 88,312,050 42,643,489 130,955,539 
7 00288 萬洲國際 51,360,140 58,530,395 109,890,535 
8 00425 敏實集團 97,523,000 11,847,800 109,370,800 
9 06886 - 81,915,308 22,020,124 103,935,432 
10 00968 信義光能 29,006,480 73,516,060 102,522,540 

1 00700 騰訊控股 75,561,780 78,977,020 154,538,800 
2 03888 金山軟件 100,182,100 24,378,250 124,560,350 
3 00857 中國石油股份 9,897,260 103,776,960 113,674,220 
4 00763 中興通訊 25,663,088 46,771,580 72,434,668 
5 01918 融創中國 35,945,400 35,034,100 70,979,500 
6 02318 中國平安 59,214,525 10,698,675 69,913,200 
7 00939 建設銀行 55,436,860 9,410,740 64,847,600 
8 00981 中芯國際 34,030,730 23,492,540 57,523,270 
9 00288 萬洲國際 25,773,750 30,003,305 55,777,055 
10 03988 中國銀行 23,232,680 13,091,480 36,324,160 
