1 00700 騰訊控股 212,855,220 246,303,600 459,158,820 
2 00175 吉利汽車 101,772,960 290,093,860 391,866,820 
3 02318 中國平安 107,890,825 241,101,825 348,992,650 
4 01918 融創中國 229,299,250 107,366,442 336,665,692 
5 01339 中國人民保險集團 105,807,750 74,725,860 180,533,610 
6 03968 招商銀行 114,303,625 49,741,575 164,045,200 
7 01177 中國生物製藥 70,111,860 89,796,310 159,908,170 
8 02601 中國太保 129,232,680 27,785,170 157,017,850 
9 00288 萬洲國際 136,827,740 16,674,770 153,502,510 
10 02382 舜宇光學科技 113,837,170 16,838,010 130,675,180 

1 01918 融創中國 149,962,900 78,713,550 228,676,450 
2 00700 騰訊控股 85,024,480 81,550,940 166,575,420 
3 01558 東陽光藥 130,901,580 14,705,770 145,607,350 
4 00027 銀河娛樂 132,335,550 4,750,100 137,085,650 
5 02208 金風科技 41,750,380 89,862,260 131,612,640 
6 03883 中國奧園 29,181,720 72,339,100 101,520,820 
7 03333 中國恒大 64,995,750 19,484,850 84,480,600 
8 01088 中國神華 5,051,930 73,811,470 78,863,400 
9 02238 廣汽集團 41,573,940 28,825,980 70,399,920 
10 00175 吉利汽車 43,673,040 25,304,120 68,977,160 
