1 01918 融創中國 90,044,950 128,255,250 218,300,200 
2 00700 騰訊控股 73,114,960 138,580,800 211,695,760 
3 01336 新華保險 63,220,735 95,352,305 158,573,040 
4 03333 中國恒大 26,702,550 116,819,600 143,522,150 
5 00175 吉利汽車 50,657,300 79,323,264 129,980,564 
6 02196 復星醫藥 78,061,075 40,105,995 118,167,070 
7 00291 華潤啤酒 25,106,000 84,926,500 110,032,500 
8 01177 中國生物製藥 51,152,430 57,474,340 108,626,770 
9 01093 石藥集團 40,380,380 50,551,660 90,932,040 
10 02318 中國平安 11,847,875 78,985,850 90,833,725 

1 00175 吉利汽車 144,317,660 45,137,640 189,455,300 
2 00700 騰訊控股 37,272,300 96,380,860 133,653,160 
3 00763 中興通訊 21,179,756 98,809,104 119,988,860 
4 01918 融創中國 29,480,450 81,955,575 111,436,025 
5 01093 石藥集團 14,724,540 90,162,220 104,886,760 
6 02269 藥明生物 20,037,050 68,647,300 88,684,350 
7 02196 復星醫藥 10,758,030 73,673,085 84,431,115 
8 00354 中國軟件國際 17,181,640 66,836,760 84,018,400 
9 02382 舜宇光學科技 13,004,955 67,327,935 80,332,890 
10 01177 中國生物製藥 38,746,740 25,792,065 64,538,805 
