1 01398 工商銀行 899,848,950 9,538,300 909,387,250 
2 00939 建設銀行 868,116,520 24,711,330 892,827,850 
3 00700 騰訊控股 157,336,120 91,727,780 249,063,900 
4 01918 融創中國 74,218,300 75,054,150 149,272,450 
5 01336 新華保險 78,752,130 60,334,905 139,087,035 
6 00288 萬洲國際 30,694,575 76,469,755 107,164,330 
7 00998 中信銀行 34,589,470 66,658,440 101,247,910 
8 02382 舜宇光學科技 46,131,565 49,999,295 96,130,860 
9 02318 中國平安 53,757,750 36,153,175 89,910,925 
10 01088 中國神華 76,529,130 4,990,520 81,519,650 

1 00700 騰訊控股 119,652,400 99,673,940 219,326,340 
2 00763 中興通訊 64,720,260 23,928,530 88,648,790 
3 01918 融創中國 50,566,600 28,305,700 78,872,300 
4 02202 萬科企業 56,819,090 16,729,055 73,548,145 
5 00288 萬洲國際 37,713,500 31,464,520 69,178,020 
6 02318 中國平安 65,516,575 2,101,825 67,618,400 
7 00939 建設銀行 51,081,750 448,050 51,529,800 
8 03888 金山軟件 21,479,280 27,340,720 48,820,000 
9 02208 金風科技 29,540,884 19,059,890 48,600,774 
10 03968 招商銀行 42,492,775 881,450 43,374,225 
