1 01398 工商銀行 480,935,180 89,139,400 570,074,580 
2 00939 建設銀行 333,841,850 46,198,110 380,039,960 
3 01088 中國神華 186,796,150 3,028,070 189,824,220 
4 00700 騰訊控股 74,380,100 81,711,780 156,091,880 
5 01918 融創中國 96,683,350 48,805,900 145,489,250 
6 02601 中國太保 105,631,380 9,390,670 115,022,050 
7 00883 中國海洋石油 109,760,200 487,500 110,247,700 
8 03968 招商銀行 28,003,175 63,482,650 91,485,825 
9 00966 中國太平 33,650,028 57,326,716 90,976,744 
10 02318 中國平安 41,670,150 39,795,575 81,465,725 

1 00939 建設銀行 164,779,850 1,153,100 165,932,950 
2 01088 中國神華 147,919,360 793,220 148,712,580 
3 01398 工商銀行 121,883,410 23,456,790 145,340,200 
4 00700 騰訊控股 26,613,560 65,185,360 91,798,920 
5 01918 融創中國 48,070,200 32,645,500 80,715,700 
6 00763 中興通訊 21,950,340 54,271,860 76,222,200 
7 03323 中國建材 58,680,880 8,063,140 66,744,020 
8 03968 招商銀行 12,086,175 47,123,000 59,209,175 
9 01177 中國生物製藥 44,467,890 2,898,420 47,366,310 
10 00386 中國石油化工股份 122,700 44,680,320 44,803,020 
