1 00939 建設銀行 505,066,980 799,113,202 1,304,180,182 
2 01398 工商銀行 402,412,590 91,946,310 494,358,900 
3 03968 招商銀行 16,505,925 277,530,550 294,036,475 
4 01177 中國生物製藥 213,574,100 75,196,340 288,770,440 
5 02382 舜宇光學科技 101,137,570 60,107,774 161,245,344 
6 02601 中國太保 14,359,520 121,060,440 135,419,960 
7 00857 中國石油股份 116,207,760 15,041,340 131,249,100 
8 02238 廣汽集團 67,834,180 57,424,000 125,258,180 
9 01336 新華保險 34,982,550 89,575,410 124,557,960 
10 00175 吉利汽車 51,464,040 72,517,700 123,981,740 

1 01088 中國神華 96,662,220 99,816,560 196,478,780 
2 02382 舜宇光學科技 118,484,610 46,638,760 165,123,370 
3 00763 中興通訊 50,632,070 113,357,150 163,989,220 
4 01398 工商銀行 80,570 146,190,080 146,270,650 
5 00700 騰訊控股 49,630,320 82,517,640 132,147,960 
6 01573 南方能源 68,482,780 59,993,700 128,476,480 
7 01177 中國生物製藥 19,198,020 69,101,620 88,299,640 
8 06881 中國銀河 6,239,870 74,681,105 80,920,975 
9 01951 錦欣生殖 72,301,520 8,052,400 80,353,920 
10 02601 中國太保 6,030,030 72,702,090 78,732,120 
