1 00175 吉利汽車 253,381,620 477,588,520 730,970,140 
2 00939 建設銀行 124,989,610 401,919,350 526,908,960 
3 00700 騰訊控股 286,470,660 85,465,500 371,936,160 
4 01398 工商銀行 162,316,370 158,234,340 320,550,710 
5 00288 萬洲國際 246,770,445 16,223,965 262,994,410 
6 02318 中國平安 30,003,850 220,874,725 250,878,575 
7 01918 融創中國 141,794,700 95,089,950 236,884,650 
8 02601 中國太保 183,674,260 51,469,620 235,143,880 
9 01336 新華保險 91,224,885 111,912,105 203,136,990 
10 02238 廣汽集團 169,732,240 22,843,254 192,575,494 

1 00175 吉利汽車 99,426,860 70,981,300 170,408,160 
2 01548 金斯瑞生物科技 75,190,900 72,398,300 147,589,200 
3 00700 騰訊控股 65,628,620 69,828,400 135,457,020 
4 00817 中國金茂 14,594,500 117,213,059 131,807,559 
5 02238 廣汽集團 85,594,100 18,248,284 103,842,384 
6 01918 融創中國 38,490,850 64,002,250 102,493,100 
7 00763 中興通訊 56,277,140 43,586,680 99,863,820 
8 03323 中國建材 71,773,460 16,748,840 88,522,300 
9 02357 中航科工 39,122,520 46,483,980 85,606,500 
10 02001 新高教集團 57,807,290 27,581,870 85,389,160 
