1 01398 工商銀行 579,223,440 6,362,400 585,585,840 
2 00939 建設銀行 407,600,450 74,068,920 481,669,370 
3 00968 信義光能 379,792,740 86,948,400 466,741,140 
4 01299 友邦保險 189,384,100 1,656,040 191,040,140 
5 02318 中國平安 131,675,525 29,151,650 160,827,175 
6 00700 騰訊控股 91,970,280 68,096,380 160,066,660 
7 02328 中國財險 37,233,320 114,648,520 151,881,840 
8 00388 香港交易所 132,048,220 11,476,100 143,524,320 
9 02601 中國太保 130,879,090 11,028,730 141,907,820 
10 01088 中國神華 92,769,940 29,935,380 122,705,320 

1 01398 工商銀行 196,069,130 2,451,100 198,520,230 
2 00939 建設銀行 185,730,500 4,484,600 190,215,100 
3 01088 中國神華 158,929,470 10,211,190 169,140,660 
4 00700 騰訊控股 117,596,300 41,330,300 158,926,600 
5 00968 信義光能 37,994,480 113,750,580 151,745,060 
6 01030 新城發展控股 2,076,400 45,757,220 47,833,620 
7 00016 新鴻基地產 40,009,350 1,635,900 41,645,250 
8 02202 萬科企業 26,664,685 12,960,540 39,625,225 
9 01918 融創中國 13,302,850 26,245,650 39,548,500 
10 01299 友邦保險 36,675,070 1,800,800 38,475,870 
