1 03968 招商銀行 468,764,625 127,103,400 595,868,025 
2 01398 工商銀行 480,982,270 46,253,720 527,235,990 
3 01088 中國神華 436,585,240 46,937,670 483,522,910 
4 02318 中國平安 151,201,725 175,741,350 326,943,075 
5 01918 融創中國 37,427,150 219,747,000 257,174,150 
6 00700 騰訊控股 44,203,460 189,043,300 233,246,760 
7 01787 山東黃金 126,621,087 59,232,762 185,853,849 
8 02628 中國人壽 17,904,460 134,422,240 152,326,700 
9 01336 新華保險 66,930,000 84,384,965 151,314,965 
10 00939 建設銀行 48,168,840 86,769,520 134,938,360 

1 03968 招商銀行 183,959,475 283,526,675 467,486,150 
2 00939 建設銀行 176,761,350 6,955,890 183,717,240 
3 03998 波司登 120,488,140 57,328,220 177,816,360 
4 01787 山東黃金 81,684,037 46,002,062 127,686,099 
5 00700 騰訊控股 59,343,580 58,013,840 117,357,420 
6 01918 融創中國 41,141,100 52,073,600 93,214,700 
7 02331 李寧 9,701,140 61,309,700 71,010,840 
8 02202 萬科企業 64,195,160 5,934,375 70,129,535 
9 02269 藥明生物 17,254,075 51,185,950 68,440,025 
10 01818 招金礦業 32,526,485 29,578,265 62,104,750 
