1 01398 工商銀行 1,003,054,380 49,322,187 1,052,376,567 
2 00700 騰訊控股 398,074,180 246,974,620 645,048,800 
3 00939 建設銀行 448,303,970 22,500,190 470,804,160 
4 01177 中國生物製藥 194,660,450 44,076,250 238,736,700 
5 01918 融創中國 56,972,450 139,046,900 196,019,350 
6 02601 中國太保 109,052,520 18,423,530 127,476,050 
7 06808 高鑫零售 17,758,725 83,827,540 101,586,265 
8 00981 中芯國際 26,830,670 57,353,565 84,184,235 
9 02328 中國財險 81,397,300 0 81,397,300 
10 02318 中國平安 22,525,000 51,569,850 74,094,850 

1 00700 騰訊控股 145,712,180 169,278,700 314,990,880 
2 00939 建設銀行 193,676,560 15,463,390 209,139,950 
3 00288 萬洲國際 43,302,590 82,257,810 125,560,400 
4 03323 中國建材 60,201,780 5,895,760 66,097,540 
5 00763 中興通訊 42,668,010 22,957,510 65,625,520 
6 01558 東陽光藥 31,675,860 23,177,740 54,853,600 
7 02382 舜宇光學科技 37,068,840 17,429,680 54,498,520 
8 01528 紅星美凱龍 14,528,824 39,668,077 54,196,901 
9 01918 融創中國 18,329,250 35,204,750 53,534,000 
10 01177 中國生物製藥 21,427,740 31,093,190 52,520,930 
