1 01398 工商銀行 84,798,570 259,071,360 343,869,930 
2 00700 騰訊控股 101,705,600 143,199,200 244,904,800 
3 03968 招商銀行 105,161,950 104,931,900 210,093,850 
4 00941 中國移動 0 119,257,000 119,257,000 
5 01918 融創中國 38,654,350 56,840,650 95,495,000 
6 06098 碧桂園服務 79,905,220 12,586,530 92,491,750 
7 06030 中信証券 27,823,180 61,385,550 89,208,730 
8 01336 新華保險 35,208,950 35,964,880 71,173,830 
9 00656 復星國際 52,191,480 14,582,030 66,773,510 
10 00175 吉利汽車 9,407,840 49,138,380 58,546,220 

1 00700 騰訊控股 81,467,340 79,828,100 161,295,440 
2 00939 建設銀行 91,003,800 6,189,570 97,193,370 
3 00175 吉利汽車 8,021,340 78,422,860 86,444,200 
4 00763 中興通訊 31,650,860 47,404,852 79,055,712 
5 01088 中國神華 68,211,410 4,343,760 72,555,170 
6 00857 中國石油股份 825,460 67,057,440 67,882,900 
7 03968 招商銀行 135,175 64,425,475 64,560,650 
8 00966 中國太平 27,316,488 32,566,008 59,882,496 
9 01336 新華保險 7,398,180 36,472,640 43,870,820 
10 00291 華潤啤酒 39,177,400 3,606,500 42,783,900 
