1 00939 建設銀行 951,543,720 477,381,859 1,428,925,579 
2 00700 騰訊控股 635,737,540 231,063,140 866,800,680 
3 02382 舜宇光學科技 314,160,890 27,737,780 341,898,670 
4 01177 中國生物製藥 176,791,620 62,857,710 239,649,330 
5 01088 中國神華 180,260,640 27,491,830 207,752,470 
6 02688 新奧能源 92,921,115 76,026,615 168,947,730 
7 02601 中國太保 97,966,510 54,485,560 152,452,070 
8 01336 新華保險 79,577,670 71,230,040 150,807,710 
9 01171 兗州煤業股份 45,532,040 97,607,460 143,139,500 
10 02238 廣汽集團 83,711,720 52,627,999 136,339,719 

1 00700 騰訊控股 122,836,060 73,068,000 195,904,060 
2 01177 中國生物製藥 115,795,980 59,299,680 175,095,660 
3 02382 舜宇光學科技 112,649,560 5,232,640 117,882,200 
4 00763 中興通訊 99,561,660 13,845,208 113,406,868 
5 01918 融創中國 55,613,550 29,819,600 85,433,150 
6 01171 兗州煤業股份 18,751,540 46,165,740 64,917,280 
7 01336 新華保險 16,058,765 47,850,715 63,909,480 
8 01109 華潤置地 690,900 58,072,200 58,763,100 
9 00981 中芯國際 6,727,830 49,655,335 56,383,165 
10 01513 麗珠醫藥 30,274,215 24,427,555 54,701,770 
