1 00939 建設銀行 837,144,990 690,808,470 1,527,953,460 
2 02318 中國平安 326,169,175 161,390,200 487,559,375 
3 00700 騰訊控股 331,647,560 140,566,300 472,213,860 
4 01177 中國生物製藥 176,726,190 77,366,010 254,092,200 
5 01093 石藥集團 33,465,000 179,632,045 213,097,045 
6 03968 招商銀行 6,810,650 198,099,900 204,910,550 
7 02382 舜宇光學科技 23,721,230 123,544,540 147,265,770 
8 00968 信義光能 77,963,140 48,671,200 126,634,340 
9 01398 工商銀行 106,698,990 1,660,350 108,359,340 
10 01918 融創中國 49,153,900 54,544,987 103,698,887 

1 00700 騰訊控股 124,117,660 39,886,700 164,004,360 
2 00763 中興通訊 92,840,300 50,549,970 143,390,270 
3 01177 中國生物製藥 58,866,780 33,646,960 92,513,740 
4 01772 贛鋒鋰業 53,955,280 29,437,228 83,392,508 
5 00981 中芯國際 49,856,795 33,290,095 83,146,890 
6 01787 山東黃金 31,960,915 27,957,880 59,918,795 
7 02196 復星醫藥 31,786,225 24,804,600 56,590,825 
8 02601 中國太保 12,214,520 43,535,050 55,749,570 
9 01573 南方能源 28,023,280 26,016,760 54,040,040 
10 01093 石藥集團 16,668,280 36,981,240 53,649,520 
