1 00700 騰訊控股 322,464,860 148,219,620 470,684,480 
2 01918 融創中國 121,428,400 206,388,700 327,817,100 
3 00939 建設銀行 7,199,210 239,981,530 247,180,740 
4 03968 招商銀行 1,417,350 182,884,975 184,302,325 
5 01336 新華保險 50,699,035 100,145,335 150,844,370 
6 00291 華潤啤酒 27,415,900 106,403,600 133,819,500 
7 00966 中國太平 51,137,572 80,123,748 131,261,320 
8 00175 吉利汽車 68,585,660 60,207,180 128,792,840 
9 01093 石藥集團 71,609,440 56,581,600 128,191,040 
10 00941 中國移動 19,261,950 94,716,000 113,977,950 

1 00700 騰訊控股 40,414,540 116,192,476 156,607,016 
2 01299 友邦保險 120,779,440 33,940,131 154,719,571 
3 00939 建設銀行 24,992,900 64,481,110 89,474,010 
4 01336 新華保險 16,400,820 68,976,760 85,377,580 
5 00763 中興通訊 50,015,044 34,036,304 84,051,348 
6 01211 比亞迪股份 15,382,575 46,629,050 62,011,625 
7 01093 石藥集團 39,549,280 21,626,440 61,175,720 
8 01288 農業銀行 26,241,410 33,582,110 59,823,520 
9 01918 融創中國 35,564,950 23,956,200 59,521,150 
10 00966 中國太平 4,404,828 52,463,492 56,868,320 
