1 01918 融創中國 145,194,650 311,734,400 456,929,050 
2 02318 中國平安 278,198,950 50,578,625 328,777,575 
3 00939 建設銀行 35,331,890 217,660,450 252,992,340 
4 06030 中信証券 22,523,740 228,440,840 250,964,580 
5 01398 工商銀行 71,667,470 154,158,250 225,825,720 
6 00700 騰訊控股 62,352,680 118,127,340 180,480,020 
7 01288 農業銀行 11,134,860 141,707,470 152,842,330 
8 02601 中國太保 132,317,190 17,880,990 150,198,180 
9 02238 廣汽集團 19,485,720 123,852,732 143,338,452 
10 01336 新華保險 50,526,895 64,466,790 114,993,685 

1 01918 融創中國 77,200,900 90,513,200 167,714,100 
2 00268 金蝶國際 43,289,990 94,698,471 137,988,461 
3 00700 騰訊控股 22,906,800 86,655,000 109,561,800 
4 01088 中國神華 82,191,860 15,822,750 98,014,610 
5 03301 融信中國 14,593,660 75,791,440 90,385,100 
6 01211 比亞迪股份 67,891,525 22,475,475 90,367,000 
7 00763 中興通訊 45,055,440 41,074,320 86,129,760 
8 03883 中國奧園 38,185,790 34,500,530 72,686,320 
9 00981 中芯國際 26,372,010 42,258,080 68,630,090 
10 02208 金風科技 36,442,608 22,479,212 58,921,820 
