1 00817 中國金茂 233,934,120 161,759,660 395,693,780 
2 00288 萬洲國際 209,151,270 124,158,820 333,310,090 
3 01918 融創中國 79,302,450 230,774,800 310,077,250 
4 01336 新華保險 87,052,470 121,392,090 208,444,560 
5 01169 海爾電器 98,466,400 90,144,200 188,610,600 
6 02601 中國太保 61,874,840 109,910,860 171,785,700 
7 00966 中國太平 66,326,080 99,403,100 165,729,180 
8 02319 蒙牛乳業 54,746,300 103,589,400 158,335,700 
9 03333 中國恒大 34,142,300 103,338,450 137,480,750 
10 01088 中國神華 55,925,790 66,646,400 122,572,190 

1 00817 中國金茂 217,608,380 83,125,180 300,733,560 
2 00763 中興通訊 149,318,390 126,561,640 275,880,030 
3 01918 融創中國 73,672,100 32,991,450 106,663,550 
4 02318 中國平安 6,822,900 96,888,025 103,710,925 
5 00799 - 55,061,300 31,658,960 86,720,260 
6 00607 豐盛控股 18,077,375 55,304,675 73,382,050 
7 01169 海爾電器 40,486,650 31,610,600 72,097,250 
8 00700 騰訊控股 32,370,460 36,805,820 69,176,280 
9 02601 中國太保 5,405,100 63,453,310 68,858,410 
10 00939 建設銀行 34,855,300 33,514,170 68,369,470 
