1 00939 建設銀行 126,303,670 49,341,090 175,644,760 
2 03333 中國恒大 54,425,850 116,440,800 170,866,650 
3 00700 騰訊控股 79,586,760 90,874,140 170,460,900 
4 02318 中國平安 92,302,700 66,776,575 159,079,275 
5 00388 香港交易所 96,154,300 61,334,800 157,489,100 
6 02899 紫金礦業 47,748,880 97,172,000 144,920,880 
7 02020 安踏體育 81,267,250 58,036,250 139,303,500 
8 01918 融創中國 41,361,200 63,237,650 104,598,850 
9 01787 山東黃金 64,806,970 16,928,715 81,735,685 
10 01299 友邦保險 79,094,740 2,321,120 81,415,860 

1 00996 嘉年華國際 86,533,060 70,016,550 156,549,610 
2 01918 融創中國 65,859,250 34,856,150 100,715,400 
3 00700 騰訊控股 52,503,080 33,392,800 85,895,880 
4 00763 中興通訊 10,358,330 70,488,230 80,846,560 
5 01818 招金礦業 62,699,520 2,791,910 65,491,430 
6 02628 中國人壽 62,223,700 1,292,200 63,515,900 
7 01776 廣發証券 35,188,932 22,443,964 57,632,896 
8 01177 中國生物製藥 43,307,470 6,422,190 49,729,660 
9 01787 山東黃金 23,873,565 20,371,150 44,244,715 
10 02020 安踏體育 37,753,500 6,279,500 44,033,000 
