1 00939 建設銀行 916,785,890 526,337,020 1,443,122,910 
2 03968 招商銀行 15,823,600 481,537,400 497,361,000 
3 01918 融創中國 112,363,350 245,345,900 357,709,250 
4 00700 騰訊控股 196,049,200 160,983,287 357,032,487 
5 01833 平安好醫生 106,140,735 80,438,090 186,578,825 
6 01398 工商銀行 73,776,330 52,014,680 125,791,010 
7 02020 安踏體育 57,957,600 60,916,000 118,873,600 
8 03888 金山軟件 57,715,340 59,475,200 117,190,540 
9 03908 中金公司 97,902,072 13,076,616 110,978,688 
10 02313 申洲國際 79,538,900 5,450,270 84,989,170 

1 00700 騰訊控股 118,490,080 23,898,620 142,388,700 
2 00763 中興通訊 88,326,920 35,349,000 123,675,920 
3 01558 東陽光藥 81,818,510 37,531,940 119,350,450 
4 00902 華能國際電力股份 12,250,680 99,303,480 111,554,160 
5 01797 新東方在 95,377,310 5,806,470 101,183,780 
6 01918 融創中國 71,928,200 24,278,400 96,206,600 
7 02020 安踏體育 26,663,750 56,155,400 82,819,150 
8 00981 中芯國際 48,340,660 32,373,635 80,714,295 
9 01177 中國生物製藥 31,938,680 43,767,620 75,706,300 
10 01833 平安好醫生 43,613,800 26,317,080 69,930,880 
