1 00175 吉利汽車 78,758,900 721,104,620 799,863,520 
2 00939 建設銀行 560,935,650 33,777,060 594,712,710 
3 01918 融創中國 73,920,750 250,294,500 324,215,250 
4 00700 騰訊控股 103,860,820 168,370,400 272,231,220 
5 01398 工商銀行 224,957,820 1,448,040 226,405,860 
6 02601 中國太保 121,313,340 12,950,610 134,263,950 
7 00288 萬洲國際 108,431,890 20,154,690 128,586,580 
8 00425 敏實集團 70,670,300 50,580,800 121,251,100 
9 02318 中國平安 31,628,375 87,231,800 118,860,175 
10 01336 新華保險 35,482,920 73,267,505 108,750,425 

1 01918 融創中國 144,896,150 60,010,400 204,906,550 
2 00175 吉利汽車 86,561,660 47,915,840 134,477,500 
3 00700 騰訊控股 59,988,780 45,133,500 105,122,280 
4 00288 萬洲國際 68,683,885 29,116,055 97,799,940 
5 02333 長城汽車 15,308,340 67,017,160 82,325,500 
6 02208 金風科技 14,650,326 62,029,816 76,680,142 
7 00881 中升控股 5,422,650 69,154,450 74,577,100 
8 01548 金斯瑞生物科技 37,073,200 24,787,700 61,860,900 
9 01317 楓葉教育 41,192,720 20,232,760 61,425,480 
10 00291 華潤啤酒 49,664,700 9,340,000 59,004,700 
