1 01918 融創中國 136,327,050 143,444,650 279,771,700 
2 00700 騰訊控股 144,666,040 60,163,600 204,829,640 
3 02020 安踏體育 141,315,350 44,629,350 185,944,700 
4 02328 中國財險 97,066,320 37,737,540 134,803,860 
5 03323 中國建材 64,479,700 58,686,120 123,165,820 
6 00388 香港交易所 300,700 100,579,900 100,880,600 
7 01177 中國生物製藥 63,802,290 33,899,300 97,701,590 
8 01030 新城發展控股 44,636,000 52,015,040 96,651,040 
9 03968 招商銀行 46,638,925 45,368,350 92,007,275 
10 00939 建設銀行 39,174,830 48,329,950 87,504,780 

1 03323 中國建材 43,427,260 95,803,320 139,230,580 
2 01177 中國生物製藥 92,892,370 7,435,300 100,327,670 
3 00700 騰訊控股 26,502,160 50,595,060 77,097,220 
4 02601 中國太保 74,372,310 1,406,230 75,778,540 
5 01918 融創中國 25,826,650 46,919,300 72,745,950 
6 01211 比亞迪股份 63,009,150 8,149,375 71,158,525 
7 01030 新城發展控股 34,893,960 23,774,660 58,668,620 
8 03888 金山軟件 49,044,960 2,401,140 51,446,100 
9 02020 安踏體育 43,496,100 2,075,550 45,571,650 
10 00268 金蝶國際 16,723,790 24,315,820 41,039,610 
