1 02318 中國平安 326,909,350 168,790,300 495,699,650 
2 00700 騰訊控股 217,840,920 260,868,320 478,709,240 
3 01398 工商銀行 258,963,040 25,671,120 284,634,160 
4 00656 復星國際 142,234,290 86,692,170 228,926,460 
5 01918 融創中國 71,143,600 96,233,300 167,376,900 
6 00939 建設銀行 110,375,080 56,415,930 166,791,010 
7 02601 中國太保 137,972,970 13,835,250 151,808,220 
8 06030 中信証券 105,363,950 43,207,360 148,571,310 
9 01339 中國人民保險集團 43,738,650 77,061,210 120,799,860 
10 06886 - 70,488,564 43,851,004 114,339,568 

1 00700 騰訊控股 261,268,920 70,930,280 332,199,200 
2 00939 建設銀行 138,659,950 6,034,920 144,694,870 
3 00268 金蝶國際 67,178,290 48,162,110 115,340,400 
4 01398 工商銀行 85,984,510 7,050,739 93,035,249 
5 03968 招商銀行 31,523,775 51,868,725 83,392,500 
6 01558 東陽光藥 31,117,460 50,482,810 81,600,270 
7 01336 新華保險 57,562,180 18,795,735 76,357,915 
8 00763 中興通訊 46,830,990 28,300,240 75,131,230 
9 00788 中國鐵塔 14,933,780 52,141,980 67,075,760 
10 02318 中國平安 54,058,700 11,626,200 65,684,900 
