1 02318 中國平安 264,465,400 40,343,300 304,808,700 
2 01177 中國生物製藥 146,397,640 71,034,510 217,432,150 
3 01093 石藥集團 161,337,080 52,222,680 213,559,760 
4 01918 融創中國 95,832,650 104,246,800 200,079,450 
5 02020 安踏體育 91,993,700 47,365,950 139,359,650 
6 00388 香港交易所 100,048,840 37,573,460 137,622,300 
7 00700 騰訊控股 53,218,980 78,744,060 131,963,040 
8 02601 中國太保 102,627,870 17,797,060 120,424,930 
9 03968 招商銀行 61,451,225 40,556,075 102,007,300 
10 01030 新城發展控股 38,710,860 60,248,500 98,959,360 

1 01177 中國生物製藥 121,108,450 19,438,750 140,547,200 
2 02318 中國平安 22,186,475 77,623,126 99,809,601 
3 02601 中國太保 76,556,230 8,118,100 84,674,330 
4 01093 石藥集團 47,530,280 31,341,320 78,871,600 
5 01918 融創中國 44,890,950 32,813,900 77,704,850 
6 01211 比亞迪股份 64,471,250 6,347,425 70,818,675 
7 03323 中國建材 22,190,320 44,276,020 66,466,340 
8 00700 騰訊控股 27,418,180 31,421,860 58,840,040 
9 01548 金斯瑞生物科技 36,691,920 19,324,720 56,016,640 
10 00763 中興通訊 37,694,570 15,803,170 53,497,740 
