1 00939 建設銀行 1,027,432,960 806,675,500 1,834,108,460 
2 03968 招商銀行 59,000,975 548,284,175 607,285,150 
3 00700 騰訊控股 376,623,480 166,261,600 542,885,080 
4 02318 中國平安 180,776,200 103,624,700 284,400,900 
5 00175 吉利汽車 96,816,680 114,112,204 210,928,884 
6 00388 香港交易所 108,920,980 91,699,220 200,620,200 
7 01918 融創中國 85,566,100 92,668,550 178,234,650 
8 01177 中國生物製藥 99,049,560 50,897,650 149,947,210 
9 03888 金山軟件 43,392,260 100,387,325 143,779,585 
10 01336 新華保險 91,260,710 50,846,814 142,107,524 

1 00700 騰訊控股 276,227,340 29,927,140 306,154,480 
2 00958 華能新能源 17,971,180 177,846,040 195,817,220 
3 02382 舜宇光學科技 41,062,760 75,968,420 117,031,180 
4 01918 融創中國 44,185,400 60,649,100 104,834,500 
5 01093 石藥集團 34,133,320 70,311,720 104,445,040 
6 01558 東陽光藥 37,778,000 53,512,220 91,290,220 
7 00763 中興通訊 26,666,770 52,163,310 78,830,080 
8 01177 中國生物製藥 40,653,500 34,758,800 75,412,300 
9 02318 中國平安 13,083,225 49,423,700 62,506,925 
10 01521 方達控股 23,954,080 37,970,600 61,924,680 
