1 00288 萬洲國際 650,473,280 49,165,970 699,639,250 
2 00939 建設銀行 33,148,140 288,644,945 321,793,085 
3 01918 融創中國 74,754,950 243,476,550 318,231,500 
4 02382 舜宇光學科技 238,785,430 40,036,790 278,822,220 
5 00700 騰訊控股 111,455,660 138,072,534 249,528,194 
6 02318 中國平安 126,393,475 100,533,800 226,927,275 
7 00902 華能國際電力股份 205,948,020 13,885,140 219,833,160 
8 03333 中國恒大 85,440,400 124,124,150 209,564,550 
9 01336 新華保險 53,856,470 122,318,055 176,174,525 
10 01398 工商銀行 56,218,100 102,323,410 158,541,510 

1 02208 金風科技 155,858,828 106,980,368 262,839,196 
2 03333 中國恒大 118,946,550 29,883,750 148,830,300 
3 00817 中國金茂 55,684,520 92,007,040 147,691,560 
4 02318 中國平安 135,968,675 3,155,925 139,124,600 
5 00939 建設銀行 51,016,960 77,582,010 128,598,970 
6 00996 嘉年華國際 85,892,930 22,878,740 108,771,670 
7 01918 融創中國 49,711,400 50,053,000 99,764,400 
8 00700 騰訊控股 65,628,560 23,882,680 89,511,240 
9 00081 中國海外宏洋集團 54,301,400 34,671,705 88,973,105 
10 03883 中國奧園 16,812,940 69,379,810 86,192,750 
