1 01398 工商銀行 641,022,290 6,255,810 647,278,100 
2 00700 騰訊控股 354,738,040 193,298,620 548,036,660 
3 01918 融創中國 181,910,800 212,035,350 393,946,150 
4 00939 建設銀行 373,524,830 4,066,880 377,591,710 
5 02318 中國平安 102,046,000 182,678,075 284,724,075 
6 02382 舜宇光學科技 75,522,915 187,795,090 263,318,005 
7 02628 中國人壽 4,822,060 216,675,780 221,497,840 
8 00175 吉利汽車 13,171,480 200,980,340 214,151,820 
9 00288 萬洲國際 28,532,260 119,902,190 148,434,450 
10 00914 海螺水泥 102,296,000 21,631,175 123,927,175 

1 00700 騰訊控股 143,197,140 157,627,656 300,824,796 
2 00763 中興通訊 87,336,034 106,030,968 193,367,002 
3 01336 新華保險 24,459,320 119,725,660 144,184,980 
4 02382 舜宇光學科技 69,363,060 62,100,700 131,463,760 
5 01918 融創中國 73,247,100 46,179,350 119,426,450 
6 03323 中國建材 41,678,140 46,958,040 88,636,180 
7 00175 吉利汽車 41,751,780 38,872,460 80,624,240 
8 00288 萬洲國際 13,555,165 37,544,030 51,099,195 
9 00354 中國軟件國際 14,941,640 36,111,940 51,053,580 
10 06030 中信証券 41,479,120 3,144,700 44,623,820 
