1 00700 騰訊控股 351,170,500 938,110,160 1,289,280,660 
2 00288 萬洲國際 530,739,200 29,158,020 559,897,220 
3 00175 吉利汽車 189,795,740 110,190,080 299,985,820 
4 00941 中國移動 206,960,625 8,599,625 215,560,250 
5 01336 新華保險 149,873,735 62,520,720 212,394,455 
6 02601 中國太保 108,336,720 69,371,470 177,708,190 
7 01088 中國神華 100,186,240 71,317,910 171,504,150 
8 00817 中國金茂 21,100,600 149,660,660 170,761,260 
9 02238 廣汽集團 128,962,820 18,246,856 147,209,676 
10 00001 長和 37,592,450 101,986,775 139,579,225 

1 00700 騰訊控股 94,000,160 146,624,100 240,624,260 
2 01336 新華保險 81,454,745 54,366,175 135,820,920 
3 00175 吉利汽車 41,218,640 81,869,500 123,088,140 
4 00268 金蝶國際 47,915,690 71,602,210 119,517,900 
5 00763 中興通訊 36,575,250 81,198,530 117,773,780 
6 03301 融信中國 32,162,100 69,783,500 101,945,600 
7 02318 中國平安 18,072,350 75,636,300 93,708,650 
8 00425 敏實集團 52,879,900 32,296,900 85,176,800 
9 01966 中駿集團控股 40,863,240 40,169,360 81,032,600 
10 00388 香港交易所 12,294,660 64,857,660 77,152,320 
