1 00700 騰訊控股 448,944,920 470,027,720 918,972,640 
2 01398 工商銀行 741,300,080 20,091,390 761,391,470 
3 00939 建設銀行 553,700,640 142,561,260 696,261,900 
4 02382 舜宇光學科技 126,862,390 170,301,714 297,164,104 
5 02318 中國平安 150,542,550 124,502,725 275,045,275 
6 00981 中芯國際 98,395,015 76,485,486 174,880,501 
7 00175 吉利汽車 37,921,840 120,806,116 158,727,956 
8 01093 石藥集團 68,436,160 90,141,880 158,578,040 
9 01918 融創中國 54,233,550 96,646,910 150,880,460 
10 02333 長城汽車 15,743,535 127,672,293 143,415,828 

1 00700 騰訊控股 108,596,880 232,110,300 340,707,180 
2 00981 中芯國際 72,227,175 38,289,495 110,516,670 
3 00788 中國鐵塔 6,923,280 96,640,200 103,563,480 
4 01211 比亞迪股份 13,720,350 83,552,225 97,272,575 
5 03988 中國銀行 84,264,470 8,591,120 92,855,590 
6 01336 新華保險 12,159,115 77,508,235 89,667,350 
7 01918 融創中國 26,588,650 62,825,000 89,413,650 
8 00763 中興通訊 35,008,822 53,086,726 88,095,548 
9 01299 友邦保險 15,501,490 58,399,680 73,901,170 
10 01093 石藥集團 29,340,080 33,325,120 62,665,200 
