1 00700 騰訊控股 395,436,620 47,352,780 442,789,400 
2 02318 中國平安 293,124,225 84,294,800 377,419,025 
3 01918 融創中國 105,830,500 83,598,150 189,428,650 
4 00939 建設銀行 140,421,490 6,278,600 146,700,090 
5 00817 中國金茂 16,105,180 79,294,120 95,399,300 
6 02601 中國太保 80,435,590 9,227,490 89,663,080 
7 00288 萬洲國際 53,019,325 36,527,970 89,547,295 
8 00386 中國石油化工股份 29,743,780 46,267,580 76,011,360 
9 00388 香港交易所 69,521,960 3,935,700 73,457,660 
10 01336 新華保險 60,327,235 8,397,625 68,724,860 

1 00700 騰訊控股 80,479,240 42,381,880 122,861,120 
2 01918 融創中國 73,180,400 34,985,950 108,166,350 
3 00817 中國金茂 47,404,300 29,374,000 76,778,300 
4 00288 萬洲國際 68,918,620 6,669,180 75,587,800 
5 01177 中國生物製藥 54,654,580 13,237,430 67,892,010 
6 02001 新高教集團 27,496,330 36,625,390 64,121,720 
7 01299 友邦保險 53,749,340 3,038,830 56,788,170 
8 02202 萬科企業 40,129,210 11,556,530 51,685,740 
9 02601 中國太保 44,697,200 3,232,640 47,929,840 
10 01966 中駿集團控股 20,850,030 23,132,020 43,982,050 
