1 00939 建設銀行 441,713,370 525,404,790 967,118,160 
2 02318 中國平安 313,545,200 171,829,175 485,374,375 
3 03968 招商銀行 169,687,875 226,570,875 396,258,750 
4 00700 騰訊控股 128,377,600 132,681,460 261,059,060 
5 02020 安踏體育 28,896,550 87,930,850 116,827,400 
6 01093 石藥集團 74,697,120 25,619,880 100,317,000 
7 01299 友邦保險 11,386,820 86,093,140 97,479,960 
8 01918 融創中國 47,478,150 38,453,450 85,931,600 
9 01398 工商銀行 71,784,530 8,190,720 79,975,250 
10 00388 香港交易所 56,738,500 22,700,400 79,438,900 

1 02318 中國平安 49,800,275 250,464,275 300,264,550 
2 00700 騰訊控股 98,688,940 93,495,440 192,184,380 
3 01299 友邦保險 5,657,540 100,786,260 106,443,800 
4 03998 波司登 80,039,700 18,902,340 98,942,040 
5 00763 中興通訊 56,222,710 30,338,110 86,560,820 
6 01177 中國生物製藥 74,388,120 9,432,420 83,820,540 
7 01573 南方能源 43,877,860 37,176,280 81,054,140 
8 02238 廣汽集團 72,203,220 130,220 72,333,440 
9 01558 東陽光藥 22,795,670 46,451,370 69,247,040 
10 01797 新東方在 65,163,750 895,300 66,059,050 
