1 01030 新城發展控股 149,703,500 243,079,764 392,783,264 
2 01918 融創中國 96,892,950 164,879,750 261,772,700 
3 00700 騰訊控股 110,749,700 118,255,900 229,005,600 
4 03323 中國建材 102,527,080 116,929,560 219,456,640 
5 00175 吉利汽車 93,521,420 123,682,100 217,203,520 
6 02318 中國平安 65,883,100 93,024,700 158,907,800 
7 01336 新華保險 67,020,060 21,139,815 88,159,875 
8 00939 建設銀行 37,238,090 37,895,280 75,133,370 
9 01093 石藥集團 15,060,720 58,080,800 73,141,520 
10 00966 中國太平 33,200,890 37,079,420 70,280,310 

1 00939 建設銀行 8,250,170 215,353,340 223,603,510 
2 01030 新城發展控股 75,230,960 88,519,120 163,750,080 
3 01918 融創中國 46,087,900 93,695,950 139,783,850 
4 02202 萬科企業 129,772,515 6,533,100 136,305,615 
5 03323 中國建材 103,663,480 27,505,140 131,168,620 
6 00998 中信銀行 7,819,880 89,654,270 97,474,150 
7 01177 中國生物製藥 60,304,710 33,331,930 93,636,640 
8 00268 金蝶國際 34,428,330 46,633,470 81,061,800 
9 00700 騰訊控股 38,468,240 39,514,060 77,982,300 
10 00175 吉利汽車 31,336,580 43,220,167 74,556,747 
