1 00939 建設銀行 27,173,980 561,992,410 589,166,390 
2 01398 工商銀行 106,963,110 327,068,800 434,031,910 
3 00700 騰訊控股 77,178,340 222,041,800 299,220,140 
4 01093 石藥集團 67,931,560 152,123,520 220,055,080 
5 01336 新華保險 30,400,365 160,111,205 190,511,570 
6 00966 中國太平 124,077,570 43,208,400 167,285,970 
7 02318 中國平安 71,154,175 86,107,800 157,261,975 
8 01339 中國人民保險集團 90,553,440 45,963,610 136,517,050 
9 00981 中芯國際 65,792,995 68,859,280 134,652,275 
10 01918 融創中國 43,496,350 89,832,050 133,328,400 

1 00175 吉利汽車 228,382,880 7,833,740 236,216,620 
2 00939 建設銀行 152,413,030 15,340,260 167,753,290 
3 01093 石藥集團 43,419,880 122,030,520 165,450,400 
4 00700 騰訊控股 68,247,860 96,358,140 164,606,000 
5 06030 中信証券 62,315,280 88,967,140 151,282,420 
6 01336 新華保險 107,068,155 20,072,430 127,140,585 
7 02628 中國人壽 115,748,140 4,939,740 120,687,880 
8 01339 中國人民保險集團 67,683,800 52,699,710 120,383,510 
9 01918 融創中國 74,690,450 44,039,500 118,729,950 
10 02202 萬科企業 69,475,080 43,393,645 112,868,725 
