1 00700 騰訊控股 472,656,120 105,165,280 577,821,400 
2 01398 工商銀行 516,228,250 3,045,220 519,273,470 
3 00175 吉利汽車 125,636,220 53,696,740 179,332,960 
4 03968 招商銀行 6,720,125 170,051,800 176,771,925 
5 01918 融創中國 70,344,900 102,865,700 173,210,600 
6 01336 新華保險 93,347,310 57,312,930 150,660,240 
7 00291 華潤啤酒 97,211,500 22,988,800 120,200,300 
8 00966 中國太平 81,248,740 19,977,710 101,226,450 
9 00960 龍湖集團 98,611,700 1,499,650 100,111,350 
10 01813 合景泰富集團 77,970,450 14,220,550 92,191,000 

1 02768 佳源國際控股 121,162,560 15,629,740 136,792,300 
2 01211 比亞迪股份 43,548,925 91,140,125 134,689,050 
3 00700 騰訊控股 54,393,820 64,811,180 119,205,000 
4 01177 中國生物製藥 54,794,170 58,798,740 113,592,910 
5 01336 新華保險 83,285,165 30,233,360 113,518,525 
6 00939 建設銀行 59,596,470 34,208,600 93,805,070 
7 06030 中信証券 67,798,060 8,781,680 76,579,740 
8 02338 濰柴動力 44,149,030 28,337,070 72,486,100 
9 00175 吉利汽車 57,952,940 13,301,980 71,254,920 
10 01918 融創中國 40,612,250 26,149,000 66,761,250 
