1 00939 建設銀行 25,839,250 528,578,450 554,417,700 
2 01918 融創中國 93,718,500 134,873,850 228,592,350 
3 00700 騰訊控股 58,904,360 162,912,400 221,816,760 
4 03988 中國銀行 80,552,810 128,276,690 208,829,500 
5 06030 中信証券 172,764,120 32,525,820 205,289,940 
6 00175 吉利汽車 101,435,580 94,405,880 195,841,460 
7 01928 金沙中國有限公司 181,559,280 6,330,220 187,889,500 
8 00586 海螺創業 61,326,375 124,854,275 186,180,650 
9 00753 中國國航 127,231,460 35,739,940 162,971,400 
10 02238 廣汽集團 50,564,120 110,631,228 161,195,348 

1 00763 中興通訊 113,463,514 101,914,042 215,377,556 
2 00175 吉利汽車 168,466,560 15,941,800 184,408,360 
3 01918 融創中國 58,145,850 110,627,450 168,773,300 
4 00288 萬洲國際 76,307,705 69,710,685 146,018,390 
5 06030 中信証券 98,996,790 29,123,940 128,120,730 
6 00939 建設銀行 26,534,680 96,061,750 122,596,430 
7 00880 澳博控股 87,876,710 11,386,830 99,263,540 
8 02601 中國太保 93,951,860 1,362,770 95,314,630 
9 02001 新高教集團 20,472,060 74,021,110 94,493,170 
10 01299 友邦保險 92,953,880 395,430 93,349,310 
