1 00939 建設銀行 1,242,577,550 27,557,120 1,270,134,670 
2 02318 中國平安 171,178,650 417,596,625 588,775,275 
3 01918 融創中國 105,822,000 216,121,100 321,943,100 
4 03968 招商銀行 186,518,950 124,651,550 311,170,500 
5 00700 騰訊控股 71,516,960 57,061,160 128,578,120 
6 00175 吉利汽車 45,220,920 79,504,020 124,724,940 
7 02628 中國人壽 102,804,460 1,057,120 103,861,580 
8 00966 中國太平 36,419,600 56,311,180 92,730,780 
9 06886 - 38,946,260 45,336,140 84,282,400 
10 01336 新華保險 41,711,850 41,291,835 83,003,685 

1 03323 中國建材 116,223,820 20,755,020 136,978,840 
2 00763 中興通訊 49,135,830 83,965,610 133,101,440 
3 00388 香港交易所 3,076,020 107,815,380 110,891,400 
4 02382 舜宇光學科技 5,608,445 77,355,290 82,963,735 
5 01918 融創中國 33,713,100 46,740,000 80,453,100 
6 00939 建設銀行 56,304,950 18,431,860 74,736,810 
7 02202 萬科企業 62,622,045 7,194,885 69,816,930 
8 02313 申洲國際 44,393,070 25,379,320 69,772,390 
9 01776 廣發証券 42,957,198 22,687,234 65,644,432 
10 01336 新華保險 16,124,865 48,355,530 64,480,395 
