1 01398 工商銀行 142,668,570 178,045,350 320,713,920 
2 02318 中國平安 130,370,650 95,556,700 225,927,350 
3 00939 建設銀行 93,528,150 78,274,860 171,803,010 
4 01088 中國神華 148,072,300 15,519,510 163,591,810 
5 00288 萬洲國際 44,866,745 109,497,775 154,364,520 
6 00175 吉利汽車 14,865,280 139,249,520 154,114,800 
7 00700 騰訊控股 22,282,560 97,572,300 119,854,860 
8 02020 安踏體育 8,749,250 103,782,000 112,531,250 
9 01918 融創中國 28,180,400 80,302,200 108,482,600 
10 01177 中國生物製藥 51,946,450 30,446,210 82,392,660 

1 00939 建設銀行 259,334,010 10,668,040 270,002,050 
2 02388 中銀香港 91,950 128,548,675 128,640,625 
3 03998 波司登 64,861,720 44,158,260 109,019,980 
4 02202 萬科企業 64,456,735 40,868,195 105,324,930 
5 01398 工商銀行 95,397,150 799,310 96,196,460 
6 00763 中興通訊 61,586,720 33,264,240 94,850,960 
7 01109 華潤置地 75,498,600 2,946,800 78,445,400 
8 01776 廣發証券 49,096,634 24,521,392 73,618,026 
9 01177 中國生物製藥 53,201,630 20,025,430 73,227,060 
10 00700 騰訊控股 41,785,540 29,676,280 71,461,820 
