1 00939 建設銀行 827,358,240 942,157,380 1,769,515,620 
2 01918 融創中國 270,946,900 298,539,050 569,485,950 
3 02318 中國平安 408,154,475 32,759,350 440,913,825 
4 00175 吉利汽車 77,102,980 268,784,040 345,887,020 
5 03988 中國銀行 314,788,100 17,433,260 332,221,360 
6 02601 中國太保 289,033,270 24,951,770 313,985,040 
7 01398 工商銀行 235,673,510 26,175,480 261,848,990 
8 00700 騰訊控股 78,870,840 170,677,040 249,547,880 
9 00966 中國太平 192,365,100 51,123,869 243,488,969 
10 00998 中信銀行 101,157,820 138,111,830 239,269,650 

1 00763 中興通訊 151,471,960 83,460,860 234,932,820 
2 01918 融創中國 51,746,850 141,287,050 193,033,900 
3 01548 金斯瑞生物科技 48,120,900 69,742,800 117,863,700 
4 01336 新華保險 96,641,670 21,112,295 117,753,965 
5 00939 建設銀行 80,241,840 18,261,180 98,503,020 
6 02202 萬科企業 29,366,535 68,611,010 97,977,545 
7 00175 吉利汽車 77,398,240 8,480,040 85,878,280 
8 01398 工商銀行 81,454,520 2,776,720 84,231,240 
9 00700 騰訊控股 43,214,140 39,943,160 83,157,300 
10 01317 楓葉教育 58,832,100 17,557,420 76,389,520 
