1 00700 騰訊控股 276,052,480 58,818,180 334,870,660 
2 02318 中國平安 250,935,800 64,352,025 315,287,825 
3 02601 中國太保 175,925,700 28,653,730 204,579,430 
4 00788 中國鐵塔 15,931,260 137,877,600 153,808,860 
5 01177 中國生物製藥 84,882,270 66,306,290 151,188,560 
6 00288 萬洲國際 119,168,505 6,929,535 126,098,040 
7 02382 舜宇光學科技 49,800,705 68,411,410 118,212,115 
8 01336 新華保險 52,330,715 61,018,010 113,348,725 
9 03968 招商銀行 21,487,300 84,051,450 105,538,750 
10 00939 建設銀行 93,511,980 5,107,610 98,619,590 

1 00700 騰訊控股 308,485,720 84,058,440 392,544,160 
2 02601 中國太保 88,856,570 1,669,010 90,525,580 
3 00763 中興通訊 56,101,510 33,598,140 89,699,650 
4 01177 中國生物製藥 61,153,810 17,773,007 78,926,817 
5 02202 萬科企業 59,108,300 13,957,890 73,066,190 
6 00981 中芯國際 30,983,870 29,409,315 60,393,185 
7 01478 丘鈦科技 17,399,560 34,493,880 51,893,440 
8 01558 東陽光藥 21,109,340 28,463,520 49,572,860 
9 06169 宇華教育 18,217,900 26,513,700 44,731,600 
10 01093 石藥集團 20,006,120 24,416,720 44,422,840 
