1 00700 騰訊控股 188,857,580 342,987,660 531,845,240 
2 02318 中國平安 224,949,975 215,451,325 440,401,300 
3 01918 融創中國 77,301,250 177,471,600 254,772,850 
4 01398 工商銀行 102,804,570 151,320,100 254,124,670 
5 00175 吉利汽車 62,971,920 163,084,060 226,055,980 
6 01336 新華保險 102,710,030 94,200,555 196,910,585 
7 00288 萬洲國際 173,403,355 22,011,050 195,414,405 
8 00902 華能國際電力股份 138,381,560 55,753,560 194,135,120 
9 03888 金山軟件 47,010,300 93,776,980 140,787,280 
10 01093 石藥集團 11,170,960 121,698,640 132,869,600 

1 00508 鼎億集團投資 224,429,950 42,660,150 267,090,100 
2 00700 騰訊控股 111,725,280 119,197,700 230,922,980 
3 01918 融創中國 38,526,450 121,531,650 160,058,100 
4 00788 中國鐵塔 50,932,520 79,475,000 130,407,520 
5 00288 萬洲國際 103,248,490 17,225,035 120,473,525 
6 00175 吉利汽車 21,663,760 96,562,020 118,225,780 
7 01558 東陽光藥 77,663,290 19,911,920 97,575,210 
8 02666 環球醫療 47,786,915 27,824,910 75,611,825 
9 00763 中興通訊 13,225,330 60,435,720 73,661,050 
10 00939 建設銀行 21,333,510 47,324,600 68,658,110 
