1 01918 融創中國 157,560,600 156,461,850 314,022,450 
2 02318 中國平安 85,727,975 157,143,650 242,871,625 
3 02020 安踏體育 158,626,800 69,849,896 228,476,696 
4 00700 騰訊控股 137,600,960 90,387,080 227,988,040 
5 02328 中國財險 176,308,260 7,119,220 183,427,480 
6 01030 新城發展控股 63,764,840 85,150,000 148,914,840 
7 02601 中國太保 35,313,420 107,728,240 143,041,660 
8 00939 建設銀行 98,621,840 21,761,160 120,383,000 
9 00656 復星國際 46,091,010 49,929,540 96,020,550 
10 03333 中國恒大 15,774,300 65,662,600 81,436,900 

1 01918 融創中國 117,081,900 36,918,750 154,000,650 
2 01030 新城發展控股 38,195,220 86,826,220 125,021,440 
3 02020 安踏體育 5,723,950 98,647,550 104,371,500 
4 00700 騰訊控股 55,820,880 23,118,600 78,939,480 
5 06169 宇華教育 56,085,580 14,045,940 70,131,520 
6 01177 中國生物製藥 53,928,450 9,705,735 63,634,185 
7 03883 中國奧園 26,864,400 33,766,480 60,630,880 
8 01558 東陽光藥 35,240,720 23,016,260 58,256,980 
9 01211 比亞迪股份 38,268,650 8,925,775 47,194,425 
10 00981 中芯國際 23,786,235 20,013,355 43,799,590 
