1 00700 騰訊控股 434,320,300 719,785,572 1,154,105,872 
2 01918 融創中國 140,272,200 226,334,800 366,607,000 
3 00939 建設銀行 167,814,630 195,147,960 362,962,590 
4 00788 中國鐵塔 182,996,700 79,910,480 262,907,180 
5 01398 工商銀行 11,422,540 186,207,660 197,630,200 
6 00386 中國石油化工股份 114,454,520 17,957,380 132,411,900 
7 01336 新華保險 80,673,380 38,347,880 119,021,260 
8 00291 華潤啤酒 1,276,800 110,253,500 111,530,300 
9 01055 中國南方航空股份 72,485,540 34,871,600 107,357,140 
10 00175 吉利汽車 66,252,580 29,014,980 95,267,560 

1 00700 騰訊控股 167,405,360 61,355,980 228,761,340 
2 01918 融創中國 52,000,050 66,405,150 118,405,200 
3 01398 工商銀行 55,453,690 49,626,360 105,080,050 
4 02208 金風科技 33,983,260 62,424,805 96,408,065 
5 01093 石藥集團 27,501,800 55,576,640 83,078,440 
6 01109 華潤置地 61,535,600 590,500 62,126,100 
7 01558 東陽光藥 26,504,170 30,827,160 57,331,330 
8 00939 建設銀行 36,719,360 19,316,490 56,035,850 
9 00268 金蝶國際 20,237,410 35,251,570 55,488,980 
10 01336 新華保險 29,172,005 19,405,205 48,577,210 
