1 00939 建設銀行 806,512,280 62,567,600 869,079,880 
2 02318 中國平安 128,224,400 232,032,200 360,256,600 
3 00700 騰訊控股 186,417,180 98,838,580 285,255,760 
4 01177 中國生物製藥 243,046,900 37,923,930 280,970,830 
5 03888 金山軟件 227,498,660 16,761,020 244,259,680 
6 01093 石藥集團 101,356,200 134,115,573 235,471,773 
7 02382 舜宇光學科技 135,528,130 70,105,960 205,634,090 
8 01918 融創中國 57,377,950 148,153,850 205,531,800 
9 01398 工商銀行 157,405,800 29,356,400 186,762,200 
10 00968 信義光能 94,247,680 43,747,740 137,995,420 

1 01093 石藥集團 173,585,440 85,405,280 258,990,720 
2 00763 中興通訊 133,158,452 48,621,234 181,779,686 
3 00700 騰訊控股 134,277,400 37,811,395 172,088,795 
4 01177 中國生物製藥 122,961,380 44,244,500 167,205,880 
5 03888 金山軟件 39,297,560 122,701,420 161,998,980 
6 01579 頤海國際 59,167,850 91,283,050 150,450,900 
7 01918 融創中國 87,170,950 30,015,200 117,186,150 
8 00285 比亞迪電子 66,541,460 22,840,610 89,382,070 
9 00788 中國鐵塔 1,320,300 69,104,760 70,425,060 
10 02382 舜宇光學科技 54,359,210 15,991,330 70,350,540 
