1 00939 建設銀行 699,780,430 985,386,220 1,685,166,650 
2 01398 工商銀行 381,876,980 104,899,830 486,776,810 
3 03968 招商銀行 2,208,900 401,322,125 403,531,025 
4 00700 騰訊控股 150,383,000 252,078,320 402,461,320 
5 00857 中國石油股份 204,306,220 104,958,040 309,264,260 
6 00981 中芯國際 207,729,150 78,963,902 286,693,052 
7 00388 香港交易所 28,078,700 245,019,532 273,098,232 
8 03888 金山軟件 192,209,220 65,849,460 258,058,680 
9 00175 吉利汽車 194,400,080 48,023,060 242,423,140 
10 00288 萬洲國際 40,579,450 161,296,285 201,875,735 

1 00700 騰訊控股 210,614,780 514,850,620 725,465,400 
2 01573 南方能源 170,241,080 142,118,300 312,359,380 
3 00763 中興通訊 90,568,180 127,683,580 218,251,760 
4 02382 舜宇光學科技 137,439,010 24,840,640 162,279,650 
5 00981 中芯國際 83,858,805 54,993,240 138,852,045 
6 01088 中國神華 71,555,400 64,621,030 136,176,430 
7 00388 香港交易所 11,659,140 123,356,420 135,015,560 
8 01398 工商銀行 20,357,360 110,690,930 131,048,290 
9 01177 中國生物製藥 97,126,000 30,902,380 128,028,380 
10 00939 建設銀行 42,815,710 66,914,250 109,729,960 
