1 00939 建設銀行 470,220,340 135,128,770 605,349,110 
2 00700 騰訊控股 308,603,300 87,707,200 396,310,500 
3 02318 中國平安 237,847,625 140,355,825 378,203,450 
4 02382 舜宇光學科技 255,284,020 15,337,645 270,621,665 
5 01787 山東黃金 113,278,950 56,084,385 169,363,335 
6 00981 中芯國際 51,074,805 72,950,185 124,024,990 
7 00656 復星國際 49,029,890 53,181,930 102,211,820 
8 02899 紫金礦業 30,984,020 66,301,720 97,285,740 
9 02319 蒙牛乳業 94,037,000 1,143,800 95,180,800 
10 01299 友邦保險 52,186,960 40,041,510 92,228,470 

1 02269 藥明生物 134,343,650 566,100 134,909,750 
2 01093 石藥集團 42,045,560 73,336,000 115,381,560 
3 02382 舜宇光學科技 99,518,635 11,579,805 111,098,440 
4 00700 騰訊控股 79,518,540 30,408,540 109,927,080 
5 01398 工商銀行 80,376,400 11,055,600 91,432,000 
6 01787 山東黃金 32,857,595 36,179,255 69,036,850 
7 02020 安踏體育 2,220,050 55,454,300 57,674,350 
8 01109 華潤置地 53,938,800 2,697,900 56,636,700 
9 00763 中興通訊 30,928,062 16,090,414 47,018,476 
10 01288 農業銀行 41,381,640 643,730 42,025,370 
