1 01918 融創中國 568,593,100 314,350,600 882,943,700 
2 00700 騰訊控股 167,318,220 191,332,810 358,651,030 
3 00817 中國金茂 254,128,000 63,733,340 317,861,340 
4 00288 萬洲國際 195,939,620 37,119,955 233,059,575 
5 00939 建設銀行 168,561,710 55,545,770 224,107,480 
6 00688 中國海外發展 160,817,600 50,346,000 211,163,600 
7 00966 中國太平 56,343,220 148,210,150 204,553,370 
8 01398 工商銀行 192,291,030 8,284,290 200,575,320 
9 00291 華潤啤酒 118,976,800 80,843,700 199,820,500 
10 00753 中國國航 101,842,720 87,476,951 189,319,671 

1 01918 融創中國 183,527,850 126,749,050 310,276,900 
2 02318 中國平安 220,762,450 1,837,275 222,599,725 
3 00700 騰訊控股 149,147,940 56,346,180 205,494,120 
4 00817 中國金茂 135,820,200 43,472,340 179,292,540 
5 01336 新華保險 104,399,125 51,128,945 155,528,070 
6 00763 中興通訊 101,952,430 45,902,260 147,854,690 
7 01766 中國中車 13,707,950 121,635,340 135,343,290 
8 00753 中國國航 108,892,860 21,936,440 130,829,300 
9 00288 萬洲國際 63,311,620 51,780,295 115,091,915 
10 01288 農業銀行 27,976,030 78,099,700 106,075,730 
