1 01398 工商銀行 642,320,310 44,626,240 686,946,550 
2 00700 騰訊控股 451,468,240 81,647,320 533,115,560 
3 00939 建設銀行 464,999,110 31,558,760 496,557,870 
4 00981 中芯國際 115,488,885 94,761,515 210,250,400 
5 01918 融創中國 128,840,150 57,012,750 185,852,900 
6 02318 中國平安 47,843,175 69,429,925 117,273,100 
7 00998 中信銀行 76,245,640 35,810,390 112,056,030 
8 00175 吉利汽車 36,796,280 70,891,540 107,687,820 
9 03888 金山軟件 87,818,050 16,758,950 104,577,000 
10 03908 中金公司 26,704,816 73,052,144 99,756,960 

1 00700 騰訊控股 247,508,940 51,524,500 299,033,440 
2 00981 中芯國際 88,264,175 46,213,035 134,477,210 
3 00763 中興通訊 37,247,494 58,598,524 95,846,018 
4 01918 融創中國 41,540,650 33,719,150 75,259,800 
5 03888 金山軟件 46,960,300 14,730,800 61,691,100 
6 01928 金沙中國有限公司 55,821,380 0 55,821,380 
7 00175 吉利汽車 39,643,900 13,772,100 53,416,000 
8 00788 中國鐵塔 43,375,920 2,485,820 45,861,740 
9 02318 中國平安 31,892,100 12,723,525 44,615,625 
10 06862 海底撈 26,566,900 17,109,450 43,676,350 
