1 03988 中國銀行 91,349,960 302,992,370 394,342,330 
2 01398 工商銀行 281,133,280 681,000 281,814,280 
3 00700 騰訊控股 118,840,960 110,952,120 229,793,080 
4 01336 新華保險 58,080,375 134,090,782 192,171,157 
5 01918 融創中國 86,404,250 65,780,000 152,184,250 
6 00966 中國太平 90,318,736 38,826,485 129,145,221 
7 00939 建設銀行 104,658,270 5,475,440 110,133,710 
8 02601 中國太保 80,945,500 22,047,710 102,993,210 
9 01288 農業銀行 62,080,450 29,970,000 92,050,450 
10 00175 吉利汽車 29,721,280 48,177,480 77,898,760 

1 00788 中國鐵塔 179,641,100 22,499,340 202,140,440 
2 00763 中興通訊 58,151,770 47,819,960 105,971,730 
3 00700 騰訊控股 30,382,380 44,394,380 74,776,760 
4 01336 新華保險 13,667,385 55,923,200 69,590,585 
5 00966 中國太平 55,034,624 10,327,824 65,362,448 
6 00981 中芯國際 34,779,655 30,183,730 64,963,385 
7 01918 融創中國 14,426,250 40,584,150 55,010,400 
8 01398 工商銀行 54,799,030 0 54,799,030 
9 00939 建設銀行 50,912,260 263,900 51,176,160 
10 01818 招金礦業 40,231,275 5,270,115 45,501,390 
