1 01398 工商銀行 217,175,140 895,927,520 1,113,102,660 
2 00939 建設銀行 134,253,700 909,711,580 1,043,965,280 
3 00700 騰訊控股 160,028,580 715,655,140 875,683,720 
4 03908 中金公司 102,857,920 327,430,672 430,288,592 
5 02601 中國太保 137,888,600 215,062,890 352,951,490 
6 00586 海螺創業 143,834,000 207,057,150 350,891,150 
7 03988 中國銀行 31,732,170 313,057,329 344,789,499 
8 01336 新華保險 138,832,120 126,986,726 265,818,846 
9 06886 - 81,258,336 159,766,072 241,024,408 
10 06881 中國銀河 96,879,425 110,576,295 207,455,720 

1 00763 中興通訊 250,157,940 167,124,620 417,282,560 
2 02018 瑞聲科技 69,048,600 110,922,200 179,970,800 
3 00883 中國海洋石油 463,680 179,145,520 179,609,200 
4 06881 中國銀河 92,523,100 78,189,575 170,712,675 
5 06066 中信建投証券 56,146,125 109,915,225 166,061,350 
6 00700 騰訊控股 32,572,580 131,712,200 164,284,780 
7 00939 建設銀行 77,652,160 69,290,950 146,943,110 
8 06030 中信証券 45,661,830 82,166,380 127,828,210 
9 06886 - 49,150,292 68,724,688 117,874,980 
10 02328 中國財險 77,377,040 34,445,140 111,822,180 
