1 01398 工商銀行 495,273,430 156,094,900 651,368,330 
2 00939 建設銀行 226,214,410 134,393,260 360,607,670 
3 00700 騰訊控股 182,623,720 160,371,320 342,995,040 
4 01918 融創中國 59,868,700 145,400,000 205,268,700 
5 01088 中國神華 131,577,180 26,423,490 158,000,670 
6 03988 中國銀行 108,830,660 19,143,230 127,973,890 
7 03968 招商銀行 7,585,425 117,820,163 125,405,588 
8 02382 舜宇光學科技 80,559,195 18,754,700 99,313,895 
9 00966 中國太平 11,761,770 57,989,700 69,751,470 
10 02768 佳源國際控股 39,336,260 29,341,020 68,677,280 

1 00700 騰訊控股 59,247,420 97,709,740 156,957,160 
2 00175 吉利汽車 12,904,420 75,127,440 88,031,860 
3 00857 中國石油股份 9,202,500 75,363,420 84,565,920 
4 02768 佳源國際控股 44,258,960 37,559,280 81,818,240 
5 02318 中國平安 47,368,525 22,517,050 69,885,575 
6 00939 建設銀行 23,551,930 40,120,360 63,672,290 
7 01288 農業銀行 19,530,000 43,581,060 63,111,060 
8 00763 中興通訊 29,429,504 31,835,428 61,264,932 
9 01558 東陽光藥 39,010,950 20,040,740 59,051,690 
10 01918 融創中國 35,903,850 20,282,000 56,185,850 
