1 01336 新華保險 359,238,385 281,528,825 640,767,210 
2 00700 騰訊控股 462,914,580 160,062,400 622,976,980 
3 00939 建設銀行 454,062,610 9,486,560 463,549,170 
4 01177 中國生物製藥 249,457,560 136,969,570 386,427,130 
5 00966 中國太平 132,495,044 121,188,444 253,683,488 
6 02601 中國太保 118,263,680 79,980,330 198,244,010 
7 03328 交通銀行 11,493,480 154,649,250 166,142,730 
8 01288 農業銀行 95,759,620 67,957,480 163,717,100 
9 01299 友邦保險 115,093,270 44,760,030 159,853,300 
10 02318 中國平安 132,672,975 26,333,475 159,006,450 

1 00700 騰訊控股 117,922,600 332,147,340 450,069,940 
2 01336 新華保險 68,638,060 126,773,425 195,411,485 
3 01177 中國生物製藥 49,523,320 116,713,970 166,237,290 
4 02382 舜宇光學科技 96,073,820 15,644,460 111,718,280 
5 01918 融創中國 37,111,600 42,054,650 79,166,250 
6 03323 中國建材 9,416,700 64,126,580 73,543,280 
7 02020 安踏體育 68,095,650 3,368,350 71,464,000 
8 01558 東陽光藥 24,204,090 43,213,340 67,417,430 
9 01066 威高股份 17,981,960 49,227,880 67,209,840 
10 00285 比亞迪電子 30,383,280 35,803,795 66,187,075 
