1 00700 騰訊控股 293,501,180 132,006,600 425,507,780 
2 00175 吉利汽車 236,080,140 50,415,280 286,495,420 
3 02318 中國平安 94,961,425 70,752,750 165,714,175 
4 00939 建設銀行 141,368,280 2,527,630 143,895,910 
5 02328 中國財險 129,460,860 9,449,320 138,910,180 
6 00388 香港交易所 12,185,260 119,785,040 131,970,300 
7 02238 廣汽集團 68,015,840 62,237,640 130,253,480 
8 01030 新城發展控股 63,964,720 65,063,480 129,028,200 
9 02020 安踏體育 78,822,500 47,770,950 126,593,450 
10 01918 融創中國 47,810,400 41,120,150 88,930,550 

1 02662 承興國際控股 99,912,760 92,479,540 192,392,300 
2 01030 新城發展控股 68,233,720 65,824,260 134,057,980 
3 00175 吉利汽車 76,713,500 41,242,360 117,955,860 
4 00700 騰訊控股 80,766,060 31,115,078 111,881,138 
5 02020 安踏體育 51,853,100 50,340,750 102,193,850 
6 02318 中國平安 33,799,850 57,952,725 91,752,575 
7 03323 中國建材 62,905,320 15,418,720 78,324,040 
8 03883 中國奧園 26,370,700 44,116,860 70,487,560 
9 01177 中國生物製藥 66,358,870 2,364,670 68,723,540 
10 01918 融創中國 19,209,950 42,509,000 61,718,950 
