1 00700 騰訊控股 395,916,580 460,577,073 856,493,653 
2 01398 工商銀行 371,843,540 268,781,117 640,624,657 
3 00939 建設銀行 124,537,160 291,155,480 415,692,640 
4 00175 吉利汽車 220,237,980 62,654,420 282,892,400 
5 00388 香港交易所 197,249,580 68,703,620 265,953,200 
6 02382 舜宇光學科技 95,181,655 129,517,370 224,699,025 
7 01336 新華保險 164,639,445 44,618,690 209,258,135 
8 02318 中國平安 128,290,625 44,059,200 172,349,825 
9 02601 中國太保 143,445,640 23,957,080 167,402,720 
10 00981 中芯國際 109,621,490 43,181,485 152,802,975 

1 00700 騰訊控股 145,010,860 151,912,480 296,923,340 
2 00763 中興通訊 139,408,708 119,335,656 258,744,364 
3 00388 香港交易所 121,384,280 7,570,760 128,955,040 
4 02601 中國太保 105,866,320 4,407,030 110,273,350 
5 03883 中國奧園 30,650,340 64,421,750 95,072,090 
6 00788 中國鐵塔 74,696,960 18,959,820 93,656,780 
7 01398 工商銀行 9,992,290 81,051,350 91,043,640 
8 01093 石藥集團 64,883,720 25,780,000 90,663,720 
9 01336 新華保險 69,598,490 16,701,975 86,300,465 
10 01918 融創中國 41,690,700 44,026,612 85,717,312 
