1 00939 建設銀行 1,360,044,510 988,934,450 2,348,978,960 
2 01177 中國生物製藥 416,198,090 376,945,384 793,143,474 
3 03968 招商銀行 131,740,575 341,403,450 473,144,025 
4 00700 騰訊控股 122,296,380 148,271,784 270,568,164 
5 01093 石藥集團 148,346,280 107,909,640 256,255,920 
6 01918 融創中國 43,018,750 203,563,800 246,582,550 
7 00175 吉利汽車 139,675,200 74,656,960 214,332,160 
8 02318 中國平安 95,110,350 110,656,100 205,766,450 
9 02601 中國太保 126,161,540 71,470,560 197,632,100 
10 03888 金山軟件 38,207,520 99,409,580 137,617,100 

1 01177 中國生物製藥 174,319,690 278,850,549 453,170,239 
2 00763 中興通訊 99,766,280 71,403,270 171,169,550 
3 01093 石藥集團 26,461,800 101,883,120 128,344,920 
4 00700 騰訊控股 61,194,600 63,607,800 124,802,400 
5 01918 融創中國 81,376,400 33,588,200 114,964,600 
6 01558 東陽光藥 31,476,500 57,339,230 88,815,730 
7 02601 中國太保 16,301,240 69,367,400 85,668,640 
8 02318 中國平安 17,743,225 49,324,050 67,067,275 
9 02382 舜宇光學科技 51,732,280 13,521,110 65,253,390 
10 06169 宇華教育 43,115,420 17,084,320 60,199,740 
