1 00939 建設銀行 1,467,359,470 938,099,236 2,405,458,706 
2 03968 招商銀行 26,266,975 425,622,450 451,889,425 
3 00700 騰訊控股 133,940,600 105,476,400 239,417,000 
4 01398 工商銀行 156,766,770 8,830,080 165,596,850 
5 02318 中國平安 53,741,150 110,181,775 163,922,925 
6 00005 匯豐控股 133,634,740 11,606,300 145,241,040 
7 00175 吉利汽車 77,186,700 51,350,360 128,537,060 
8 02020 安踏體育 84,013,900 39,146,750 123,160,650 
9 01177 中國生物製藥 106,083,660 14,236,160 120,319,820 
10 01833 平安好醫生 80,707,935 31,589,180 112,297,115 

1 00700 騰訊控股 102,524,780 63,807,560 166,332,340 
2 00175 吉利汽車 64,105,260 60,138,700 124,243,960 
3 00763 中興通訊 47,002,910 61,442,060 108,444,970 
4 01177 中國生物製藥 55,803,100 13,623,640 69,426,740 
5 03998 波司登 48,072,060 15,876,060 63,948,120 
6 01918 融創中國 16,779,750 44,633,550 61,413,300 
7 01833 平安好醫生 42,463,600 16,989,355 59,452,955 
8 01573 南方能源 27,327,180 28,898,440 56,225,620 
9 00788 中國鐵塔 45,442,300 9,495,526 54,937,826 
10 00388 香港交易所 4,873,160 47,803,240 52,676,400 
