1 01398 工商銀行 841,756,020 7,147,920 848,903,940 
2 00939 建設銀行 528,537,030 76,379,920 604,916,950 
3 00700 騰訊控股 533,734,300 49,328,000 583,062,300 
4 01918 融創中國 314,986,600 167,297,550 482,284,150 
5 03323 中國建材 144,065,940 65,946,520 210,012,460 
6 00388 香港交易所 164,138,220 9,360,540 173,498,760 
7 01336 新華保險 49,739,495 120,516,550 170,256,045 
8 06030 中信証券 67,748,790 82,100,450 149,849,240 
9 02328 中國財險 98,934,140 44,346,120 143,280,260 
10 06837 海通證券 74,097,408 60,509,372 134,606,780 

1 00700 騰訊控股 213,398,080 47,669,460 261,067,540 
2 00763 中興通訊 165,111,260 42,889,790 208,001,050 
3 00939 建設銀行 180,481,540 2,767,220 183,248,760 
4 01398 工商銀行 62,784,850 101,811,540 164,596,390 
5 01918 融創中國 81,435,300 70,930,350 152,365,650 
6 03323 中國建材 57,232,640 92,987,620 150,220,260 
7 00388 香港交易所 133,463,460 3,638,860 137,102,320 
8 02202 萬科企業 66,408,250 8,553,695 74,961,945 
9 00175 吉利汽車 37,056,340 30,075,140 67,131,480 
10 02318 中國平安 52,823,350 6,779,054 59,602,404 
