1 00700 騰訊控股 608,538,780 224,610,400 833,149,180 
2 00288 萬洲國際 433,338,610 30,943,720 464,282,330 
3 00941 中國移動 306,787,450 15,159,375 321,946,825 
4 02601 中國太保 203,891,910 114,400,908 318,292,818 
5 01336 新華保險 202,954,730 98,628,802 301,583,532 
6 01398 工商銀行 112,665,750 63,221,330 175,887,080 
7 03908 中金公司 60,142,088 106,030,064 166,172,152 
8 01339 中國人民保險集團 81,844,230 82,023,790 163,868,020 
9 01918 融創中國 55,264,550 94,262,150 149,526,700 
10 00939 建設銀行 30,166,100 104,296,890 134,462,990 

1 01336 新華保險 90,938,595 85,777,355 176,715,950 
2 00700 騰訊控股 74,546,860 74,326,520 148,873,380 
3 02331 李寧 32,680,550 104,572,790 137,253,340 
4 00288 萬洲國際 118,308,075 17,764,350 136,072,425 
5 00836 華潤電力 13,636,640 108,831,400 122,468,040 
6 02869 綠城服務 60,842,320 53,114,020 113,956,340 
7 02601 中國太保 56,345,000 55,308,770 111,653,770 
8 00763 中興通訊 67,157,650 36,786,630 103,944,280 
9 02269 藥明生物 61,575,875 27,627,600 89,203,475 
10 02018 瑞聲科技 64,426,575 18,852,875 83,279,450 
