1 01918 融創中國 483,365,600 350,187,050 833,552,650 
2 00700 騰訊控股 179,202,680 353,101,840 532,304,520 
3 00288 萬洲國際 232,404,295 39,732,710 272,137,005 
4 02601 中國太保 228,487,770 27,174,430 255,662,200 
5 01336 新華保險 96,872,310 140,181,295 237,053,605 
6 00168 青島啤酒股份 143,430,600 93,349,900 236,780,500 
7 00817 中國金茂 125,660,220 104,904,660 230,564,880 
8 02238 廣汽集團 127,455,820 67,191,028 194,646,848 
9 00966 中國太平 146,776,180 36,580,990 183,357,170 
10 00175 吉利汽車 86,198,900 96,393,480 182,592,380 

1 01918 融創中國 111,917,050 150,015,500 261,932,550 
2 00700 騰訊控股 139,729,160 54,784,660 194,513,820 
3 00175 吉利汽車 132,456,760 37,501,420 169,958,180 
4 00763 中興通訊 117,304,700 32,179,800 149,484,500 
5 00817 中國金茂 99,632,720 24,462,300 124,095,020 
6 00939 建設銀行 100,675,840 22,843,360 123,519,200 
7 01288 農業銀行 38,566,830 81,030,150 119,596,980 
8 02318 中國平安 112,608,050 4,621,525 117,229,575 
9 03311 中國建築國際 402,140 111,037,160 111,439,300 
10 01336 新華保險 55,681,980 54,477,735 110,159,715 
