1 00939 建設銀行 19,754,800 801,799,170 821,553,970 
2 00700 騰訊控股 228,064,880 476,835,840 704,900,720 
3 02628 中國人壽 357,312,870 12,959,300 370,272,170 
4 01398 工商銀行 10,157,670 332,728,417 342,886,087 
5 00586 海螺創業 76,618,825 161,539,600 238,158,425 
6 02601 中國太保 130,212,840 96,941,600 227,154,440 
7 06030 中信証券 164,986,360 56,432,520 221,418,880 
8 01918 融創中國 95,262,150 124,242,250 219,504,400 
9 00175 吉利汽車 169,960,580 48,505,140 218,465,720 
10 03908 中金公司 60,992,184 146,685,056 207,677,240 

1 00175 吉利汽車 166,236,420 26,119,080 192,355,500 
2 00939 建設銀行 38,703,760 106,022,640 144,726,400 
3 00700 騰訊控股 34,952,680 84,786,960 119,739,640 
4 03993 洛陽鉬業 99,962,250 11,431,200 111,393,450 
5 00388 香港交易所 109,035,900 1,244,920 110,280,820 
6 02601 中國太保 107,807,560 1,544,480 109,352,040 
7 01918 融創中國 60,486,200 46,591,800 107,078,000 
8 00753 中國國航 43,384,780 56,442,460 99,827,240 
9 01211 比亞迪股份 51,272,975 45,728,400 97,001,375 
10 01093 石藥集團 17,202,480 78,498,760 95,701,240 
