1 01398 工商銀行 852,812,500 146,914,400 999,726,900 
2 00700 騰訊控股 359,329,080 476,587,200 835,916,280 
3 01918 融創中國 169,287,900 236,138,450 405,426,350 
4 03988 中國銀行 254,694,270 65,161,370 319,855,640 
5 02318 中國平安 131,074,225 156,994,425 288,068,650 
6 00981 中芯國際 80,996,230 172,649,314 253,645,544 
7 02388 中銀香港 62,850 226,151,800 226,214,650 
8 00175 吉利汽車 13,564,720 175,439,384 189,004,104 
9 02269 藥明生物 24,620,900 151,027,250 175,648,150 
10 00966 中國太平 58,201,880 109,543,084 167,744,964 

1 00700 騰訊控股 149,543,180 102,553,320 252,096,500 
2 01918 融創中國 97,205,050 81,838,400 179,043,450 
3 01336 新華保險 35,793,220 98,653,685 134,446,905 
4 01288 農業銀行 122,373,890 1,606,790 123,980,680 
5 00981 中芯國際 41,930,520 60,188,400 102,118,920 
6 00763 中興通訊 35,208,848 57,165,344 92,374,192 
7 00388 香港交易所 938,720 85,265,120 86,203,840 
8 00817 中國金茂 23,496,000 61,363,660 84,859,660 
9 00939 建設銀行 68,984,650 15,448,520 84,433,170 
10 00386 中國石油化工股份 79,828,400 4,449,300 84,277,700 
