1 01398 工商銀行 412,180,400 15,379,520 427,559,920 
2 03988 中國銀行 23,835,050 368,695,170 392,530,220 
3 00968 信義光能 108,028,520 36,560,180 144,588,700 
4 02880 大連港 190,580 142,124,768 142,315,348 
5 00700 騰訊控股 50,976,240 78,281,110 129,257,350 
6 00966 中國太平 50,688,344 31,130,348 81,818,692 
7 02318 中國平安 30,650,700 50,179,900 80,830,600 
8 00168 青島啤酒股份 741,000 75,785,400 76,526,400 
9 01336 新華保險 27,227,905 47,273,320 74,501,225 
10 01918 融創中國 48,515,200 23,136,600 71,651,800 

1 00763 中興通訊 74,817,508 111,611,084 186,428,592 
2 00788 中國鐵塔 21,945,960 159,001,820 180,947,780 
3 01211 比亞迪股份 23,877,500 119,582,350 143,459,850 
4 00700 騰訊控股 49,734,800 27,481,300 77,216,100 
5 01918 融創中國 28,964,350 31,194,700 60,159,050 
6 00968 信義光能 35,802,380 13,906,200 49,708,580 
7 01288 農業銀行 38,139,460 3,363,940 41,503,400 
8 03888 金山軟件 7,616,210 31,530,510 39,146,720 
9 02318 中國平安 1,619,025 36,474,175 38,093,200 
10 01558 東陽光藥 5,125,130 30,396,390 35,521,520 
