1 00700 騰訊控股 1,246,850,620 238,101,500 1,484,952,120 
2 01918 融創中國 465,010,900 787,537,200 1,252,548,100 
3 01398 工商銀行 10,551,080 519,152,630 529,703,710 
4 00939 建設銀行 150,585,430 218,966,580 369,552,010 
5 00788 中國鐵塔 235,519,960 98,564,580 334,084,540 
6 03988 中國銀行 93,713,740 123,209,070 216,922,810 
7 02382 舜宇光學科技 32,128,380 182,083,585 214,211,965 
8 02318 中國平安 190,975,800 12,025,825 203,001,625 
9 03968 招商銀行 11,450,350 156,894,475 168,344,825 
10 01336 新華保險 70,090,050 77,357,305 147,447,355 

1 00700 騰訊控股 76,738,340 108,722,640 185,460,980 
2 01918 融創中國 84,807,450 79,169,700 163,977,150 
3 00939 建設銀行 77,291,080 7,281,380 84,572,460 
4 02208 金風科技 22,695,624 53,324,082 76,019,706 
5 00175 吉利汽車 18,072,720 54,624,280 72,697,000 
6 00354 中國軟件國際 25,494,880 46,505,800 72,000,680 
7 02601 中國太保 60,334,600 2,618,850 62,953,450 
8 00762 中國聯通 54,300 60,747,100 60,801,400 
9 00976 齊合環保 23,634,340 37,019,040 60,653,380 
10 01398 工商銀行 51,420,940 4,180,100 55,601,040 
