1 00939 建設銀行 1,323,566,790 1,078,709,810 2,402,276,600 
2 03968 招商銀行 149,544,550 581,702,425 731,246,975 
3 00700 騰訊控股 282,490,580 180,765,720 463,256,300 
4 01918 融創中國 160,944,350 233,049,400 393,993,750 
5 02601 中國太保 102,827,120 173,444,546 276,271,666 
6 02382 舜宇光學科技 40,841,560 218,454,440 259,296,000 
7 02318 中國平安 189,832,550 34,512,275 224,344,825 
8 01299 友邦保險 108,628,680 34,798,470 143,427,150 
9 00981 中芯國際 40,510,480 92,738,795 133,249,275 
10 01177 中國生物製藥 113,431,960 11,585,200 125,017,160 

1 00981 中芯國際 41,196,535 132,251,605 173,448,140 
2 00763 中興通訊 86,204,490 56,613,810 142,818,300 
3 01658 郵儲銀行 131,597,410 33,500 131,630,910 
4 01918 融創中國 40,075,000 81,468,300 121,543,300 
5 00839 中教控股 71,884,080 35,914,240 107,798,320 
6 01177 中國生物製藥 22,856,170 80,240,260 103,096,430 
7 02628 中國人壽 726,920 80,901,700 81,628,620 
8 00700 騰訊控股 52,875,400 22,904,200 75,779,600 
9 01093 石藥集團 34,639,120 30,925,000 65,564,120 
10 01088 中國神華 62,155,860 1,634,170 63,790,030 
