1 00939 建設銀行 247,888,140 523,878,610 771,766,750 
2 03968 招商銀行 13,440,650 599,018,100 612,458,750 
3 00700 騰訊控股 493,985,100 108,650,380 602,635,480 
4 00005 匯豐控股 586,475,740 1,901,800 588,377,540 
5 01093 石藥集團 151,146,960 231,521,680 382,668,640 
6 01918 融創中國 77,628,400 168,850,400 246,478,800 
7 01299 友邦保險 174,136,260 13,158,670 187,294,930 
8 02318 中國平安 91,191,100 83,634,275 174,825,375 
9 02601 中國太保 127,749,210 10,599,710 138,348,920 
10 01088 中國神華 42,743,700 78,756,750 121,500,450 

1 01573 南方能源 176,741,480 155,130,440 331,871,920 
2 01093 石藥集團 72,074,400 188,013,221 260,087,621 
3 00700 騰訊控股 179,748,640 22,726,160 202,474,800 
4 00763 中興通訊 98,147,050 68,492,170 166,639,220 
5 01918 融創中國 35,955,550 60,841,100 96,796,650 
6 02238 廣汽集團 79,343,860 8,292,280 87,636,140 
7 01398 工商銀行 53,852,460 28,890,830 82,743,290 
8 02382 舜宇光學科技 23,633,160 57,142,800 80,775,960 
9 00175 吉利汽車 13,869,720 62,487,340 76,357,060 
10 01177 中國生物製藥 49,170,000 25,170,860 74,340,860 
