1 00700 騰訊控股 203,558,180 302,674,440 506,232,620 
2 01336 新華保險 279,393,870 140,575,060 419,968,930 
3 00288 萬洲國際 362,216,230 52,390,325 414,606,555 
4 02007 碧桂園 292,329,180 35,661,460 327,990,640 
5 00941 中國移動 86,178,575 234,295,250 320,473,825 
6 00586 海螺創業 154,145,175 150,116,825 304,262,000 
7 00425 敏實集團 193,055,800 54,781,200 247,837,000 
8 00291 華潤啤酒 31,755,500 203,411,100 235,166,600 
9 02601 中國太保 167,286,000 12,462,110 179,748,110 
10 02318 中國平安 52,233,550 120,818,025 173,051,575 

1 01336 新華保險 238,615,850 104,797,615 343,413,465 
2 00700 騰訊控股 48,347,260 92,426,660 140,773,920 
3 00175 吉利汽車 95,139,160 32,747,940 127,887,100 
4 02601 中國太保 28,856,380 97,722,140 126,578,520 
5 00817 中國金茂 34,974,240 64,349,480 99,323,720 
6 02208 金風科技 28,930,476 60,719,630 89,650,106 
7 01918 融創中國 23,789,950 64,798,150 88,588,100 
8 00354 中國軟件國際 36,200,660 49,283,700 85,484,360 
9 02269 藥明生物 72,824,000 10,204,200 83,028,200 
10 01966 中駿集團控股 44,380,220 37,444,470 81,824,690 
