1 01398 工商銀行 668,645,710 39,548,550 708,194,260 
2 00939 建設銀行 555,619,490 43,477,050 599,096,540 
3 00700 騰訊控股 195,385,740 94,445,980 289,831,720 
4 02318 中國平安 68,334,400 163,344,900 231,679,300 
5 02628 中國人壽 5,979,980 157,322,200 163,302,180 
6 00288 萬洲國際 22,131,955 117,083,295 139,215,250 
7 01918 融創中國 77,673,600 56,366,600 134,040,200 
8 06886 - 52,663,604 74,752,412 127,416,016 
9 02601 中國太保 61,841,710 33,784,510 95,626,220 
10 00981 中芯國際 47,033,080 43,144,248 90,177,328 

1 00700 騰訊控股 119,854,020 47,420,467 167,274,487 
2 01398 工商銀行 105,625,960 27,026,500 132,652,460 
3 00763 中興通訊 82,156,370 44,999,760 127,156,130 
4 01918 融創中國 28,403,450 97,429,250 125,832,700 
5 03888 金山軟件 69,802,200 20,424,769 90,226,969 
6 00939 建設銀行 67,145,790 6,588,200 73,733,990 
7 02202 萬科企業 37,665,190 18,093,020 55,758,210 
8 03883 中國奧園 27,359,360 23,839,860 51,199,220 
9 03968 招商銀行 27,130,525 22,951,250 50,081,775 
10 00981 中芯國際 30,058,090 18,136,720 48,194,810 
