1 00939 建設銀行 693,104,190 562,180,110 1,255,284,300 
2 00700 騰訊控股 349,285,080 483,465,560 832,750,640 
3 02318 中國平安 345,864,750 134,328,375 480,193,125 
4 01398 工商銀行 454,755,340 10,232,790 464,988,130 
5 01918 融創中國 105,720,150 260,496,600 366,216,750 
6 03333 中國恒大 218,382,800 119,446,050 337,828,850 
7 03988 中國銀行 302,608,500 21,218,850 323,827,350 
8 06030 中信証券 263,150,945 34,584,545 297,735,490 
9 00175 吉利汽車 247,217,920 50,173,940 297,391,860 
10 01339 中國人民保險集團 52,288,110 214,705,000 266,993,110 

1 00763 中興通訊 609,491,470 285,435,830 894,927,300 
2 06030 中信証券 61,267,635 176,609,085 237,876,720 
3 06886 - 44,040,492 153,019,296 197,059,788 
4 00700 騰訊控股 66,707,240 108,940,300 175,647,540 
5 01918 融創中國 36,363,450 88,035,700 124,399,150 
6 00175 吉利汽車 96,633,600 20,150,880 116,784,480 
7 03333 中國恒大 81,131,250 32,214,200 113,345,450 
8 00921 海信家電 68,993,740 39,142,300 108,136,040 
9 02601 中國太保 15,821,680 89,841,580 105,663,260 
10 02238 廣汽集團 56,253,600 47,839,096 104,092,696 
