1 00700 騰訊控股 601,170,680 249,066,960 850,237,640 
2 02318 中國平安 237,271,925 91,344,950 328,616,875 
3 01918 融創中國 206,431,050 97,350,300 303,781,350 
4 00939 建設銀行 232,650,160 25,109,200 257,759,360 
5 01299 友邦保險 166,012,410 66,769,490 232,781,900 
6 02601 中國太保 125,620,370 100,982,130 226,602,500 
7 01336 新華保險 158,576,225 47,648,625 206,224,850 
8 03968 招商銀行 106,392,475 51,306,625 157,699,100 
9 01177 中國生物製藥 57,881,080 86,893,640 144,774,720 
10 06030 中信証券 40,645,160 85,184,800 125,829,960 

1 00700 騰訊控股 295,270,420 143,506,280 438,776,700 
2 01398 工商銀行 184,231,860 9,296,910 193,528,770 
3 01918 融創中國 72,866,100 113,026,150 185,892,250 
4 01088 中國神華 106,178,800 22,209,720 128,388,520 
5 00763 中興通訊 68,784,840 21,879,270 90,664,110 
6 01093 石藥集團 62,095,600 23,333,040 85,428,640 
7 00268 金蝶國際 26,466,600 51,245,540 77,712,140 
8 01317 楓葉教育 30,516,660 45,955,680 76,472,340 
9 01177 中國生物製藥 37,193,140 29,609,860 66,803,000 
10 01336 新華保險 29,583,100 31,112,740 60,695,840 
