1 00939 建設銀行 941,604,990 565,634,050 1,507,239,040 
2 00700 騰訊控股 540,945,240 741,619,920 1,282,565,160 
3 00175 吉利汽車 724,368,260 300,191,260 1,024,559,520 
4 06837 海通證券 370,360,800 37,244,080 407,604,880 
5 01398 工商銀行 377,084,390 9,745,740 386,830,130 
6 03988 中國銀行 316,009,270 21,791,300 337,800,570 
7 06030 中信証券 185,087,160 147,140,845 332,228,005 
8 01918 融創中國 134,979,400 123,021,250 258,000,650 
9 00998 中信銀行 180,717,190 47,089,800 227,806,990 
10 06886 - 131,825,924 55,241,564 187,067,488 

1 00763 中興通訊 206,601,420 201,931,100 408,532,520 
2 00700 騰訊控股 80,151,040 260,474,244 340,625,284 
3 00175 吉利汽車 112,230,680 85,860,120 198,090,800 
4 00268 金蝶國際 32,483,470 106,079,180 138,562,650 
5 01336 新華保險 23,139,695 113,841,815 136,981,510 
6 00799 - 83,206,880 31,690,180 114,897,060 
7 06837 海通證券 78,747,648 33,174,632 111,922,280 
8 01339 中國人民保險集團 26,808,750 72,883,140 99,691,890 
9 06030 中信証券 62,957,780 29,533,590 92,491,370 
10 00939 建設銀行 28,730,010 61,799,710 90,529,720 
