1 00700 騰訊控股 537,453,440 173,948,800 711,402,240 
2 00939 建設銀行 461,427,110 56,492,460 517,919,570 
3 02382 舜宇光學科技 398,732,400 97,763,510 496,495,910 
4 01918 融創中國 75,337,150 221,682,500 297,019,650 
5 01177 中國生物製藥 174,540,100 78,399,470 252,939,570 
6 01336 新華保險 129,999,125 84,291,290 214,290,415 
7 01398 工商銀行 166,827,030 16,231,220 183,058,250 
8 02601 中國太保 122,965,200 20,607,840 143,573,040 
9 01093 石藥集團 16,031,680 110,967,920 126,999,600 
10 03323 中國建材 28,382,820 97,615,780 125,998,600 

1 00700 騰訊控股 98,136,840 138,839,800 236,976,640 
2 02382 舜宇光學科技 146,662,630 36,322,510 182,985,140 
3 03323 中國建材 68,842,340 67,343,280 136,185,620 
4 01336 新華保險 33,827,755 57,669,030 91,496,785 
5 01398 工商銀行 42,883,720 47,742,860 90,626,580 
6 00817 中國金茂 13,522,660 65,269,620 78,792,280 
7 02331 李寧 4,128,325 69,699,125 73,827,450 
8 01918 融創中國 27,058,500 43,287,650 70,346,150 
9 00857 中國石油股份 51,501,360 16,533,820 68,035,180 
10 01177 中國生物製藥 39,937,640 25,893,330 65,830,970 
