1 01918 融創中國 378,805,750 363,729,900 742,535,650 
2 06030 中信証券 39,670,010 483,549,770 523,219,780 
3 02318 中國平安 202,456,900 170,924,050 373,380,950 
4 00939 建設銀行 16,913,650 290,069,770 306,983,420 
5 01299 友邦保險 27,198,240 188,866,930 216,065,170 
6 00288 萬洲國際 168,801,975 15,682,655 184,484,630 
7 00966 中國太平 8,164,230 127,144,770 135,309,000 
8 03333 中國恒大 66,898,750 54,063,950 120,962,700 
9 02601 中國太保 102,155,010 8,755,300 110,910,310 
10 02020 安踏體育 50,111,650 60,450,350 110,562,000 

1 00700 騰訊控股 167,732,480 69,363,600 237,096,080 
2 01918 融創中國 71,003,100 68,602,050 139,605,150 
3 00763 中興通訊 72,109,600 43,264,470 115,374,070 
4 01044 恒安國際 96,090,600 720,200 96,810,800 
5 00939 建設銀行 34,997,550 54,617,070 89,614,620 
6 01211 比亞迪股份 44,534,825 35,209,950 79,744,775 
7 06030 中信証券 13,652,660 62,408,070 76,060,730 
8 00268 金蝶國際 18,004,360 56,745,880 74,750,240 
9 02382 舜宇光學科技 20,036,530 48,773,940 68,810,470 
10 02601 中國太保 4,300,080 63,636,920 67,937,000 
