1 00939 建設銀行 491,267,170 34,942,360 526,209,530 
2 00700 騰訊控股 143,832,100 272,306,540 416,138,640 
3 02318 中國平安 69,162,875 301,854,125 371,017,000 
4 06808 高鑫零售 50,099,035 180,780,555 230,879,590 
5 01288 農業銀行 197,469,010 4,673,840 202,142,850 
6 00941 中國移動 155,567,300 3,390,775 158,958,075 
7 01918 融創中國 57,295,350 60,642,850 117,938,200 
8 00981 中芯國際 52,400,565 60,787,233 113,187,798 
9 01336 新華保險 31,693,005 62,060,155 93,753,160 
10 00285 比亞迪電子 68,596,540 15,356,270 83,952,810 

1 00939 建設銀行 210,230,830 23,347,000 233,577,830 
2 01398 工商銀行 187,203,830 24,448,530 211,652,360 
3 00763 中興通訊 60,958,212 133,937,022 194,895,234 
4 02318 中國平安 42,834,175 99,964,575 142,798,750 
5 00700 騰訊控股 116,011,660 24,575,080 140,586,740 
6 01288 農業銀行 73,957,790 14,956,570 88,914,360 
7 00981 中芯國際 64,583,240 21,517,545 86,100,785 
8 01336 新華保險 7,627,700 67,464,125 75,091,825 
9 01177 中國生物製藥 51,466,270 19,912,230 71,378,500 
10 01918 融創中國 17,787,050 47,532,350 65,319,400 
