1 00939 建設銀行 859,953,700 4,887,480 864,841,180 
2 01398 工商銀行 615,073,270 30,305,100 645,378,370 
3 01288 農業銀行 97,126,770 122,061,708 219,188,478 
4 01918 融創中國 109,455,850 103,469,350 212,925,200 
5 00700 騰訊控股 132,291,600 71,865,720 204,157,320 
6 02318 中國平安 51,924,675 119,449,525 171,374,200 
7 02601 中國太保 116,446,290 11,283,500 127,729,790 
8 00291 華潤啤酒 47,024,200 69,446,200 116,470,400 
9 00966 中國太平 46,196,224 57,676,148 103,872,372 
10 06886 - 35,901,168 42,566,472 78,467,640 

1 00763 中興通訊 56,444,520 32,180,070 88,624,590 
2 01918 融創中國 43,677,950 33,018,600 76,696,550 
3 01088 中國神華 72,068,260 227,700 72,295,960 
4 03888 金山軟件 11,889,120 44,749,340 56,638,460 
5 03883 中國奧園 25,088,120 28,963,780 54,051,900 
6 00700 騰訊控股 19,533,000 34,221,060 53,754,060 
7 01776 廣發証券 34,403,312 9,058,530 43,461,842 
8 03323 中國建材 34,345,420 4,880,400 39,225,820 
9 00817 中國金茂 11,489,800 20,952,920 32,442,720 
10 01398 工商銀行 30,706,240 744,790 31,451,030 
