1 00700 騰訊控股 244,073,540 515,220,740 759,294,280 
2 00939 建設銀行 543,899,650 10,623,440 554,523,090 
3 01398 工商銀行 206,804,840 173,568,130 380,372,970 
4 02318 中國平安 158,928,700 120,754,600 279,683,300 
5 01177 中國生物製藥 174,220,000 77,800,980 252,020,980 
6 01093 石藥集團 77,405,040 169,482,800 246,887,840 
7 03328 交通銀行 58,140,280 155,195,340 213,335,620 
8 00941 中國移動 23,636,600 136,992,675 160,629,275 
9 02601 中國太保 130,791,820 27,139,640 157,931,460 
10 00656 復星國際 24,334,835 133,217,490 157,552,325 

1 00700 騰訊控股 113,796,300 118,339,040 232,135,340 
2 00241 阿里健康 103,001,280 97,263,960 200,265,240 
3 01093 石藥集團 54,704,720 65,337,400 120,042,120 
4 00656 復星國際 94,355,110 23,041,995 117,397,105 
5 02319 蒙牛乳業 77,990,100 34,730,800 112,720,900 
6 01177 中國生物製藥 61,765,780 30,673,580 92,439,360 
7 01918 融創中國 72,896,200 15,597,550 88,493,750 
8 01787 山東黃金 36,510,075 48,624,285 85,134,360 
9 02269 藥明生物 54,512,325 30,621,900 85,134,225 
10 03883 中國奧園 40,253,800 41,414,770 81,668,570 
