1 00939 建設銀行 870,388,020 517,081,730 1,387,469,750 
2 00005 匯豐控股 506,561,100 1,443,805 508,004,905 
3 00700 騰訊控股 322,582,900 159,499,180 482,082,080 
4 03968 招商銀行 6,877,925 334,301,350 341,179,275 
5 00175 吉利汽車 170,518,140 53,635,340 224,153,480 
6 01398 工商銀行 163,685,870 4,648,980 168,334,850 
7 00753 中國國航 29,838,960 129,107,200 158,946,160 
8 01288 農業銀行 127,734,160 11,293,630 139,027,790 
9 02318 中國平安 39,514,575 89,319,900 128,834,475 
10 01833 平安好醫生 81,952,365 43,553,275 125,505,640 

1 00763 中興通訊 67,215,820 85,484,690 152,700,510 
2 00700 騰訊控股 100,720,900 17,969,360 118,690,260 
3 01918 融創中國 47,066,050 28,837,500 75,903,550 
4 01177 中國生物製藥 57,701,540 17,847,900 75,549,440 
5 02382 舜宇光學科技 35,623,040 38,534,950 74,157,990 
6 00958 華能新能源 925,300 70,880,640 71,805,940 
7 01833 平安好醫生 36,744,340 32,264,920 69,009,260 
8 00981 中芯國際 57,475,535 7,644,425 65,119,960 
9 01093 石藥集團 37,339,240 27,474,720 64,813,960 
10 01573 南方能源 25,317,080 35,095,560 60,412,640 
