1 00700 騰訊控股 213,601,880 100,217,780 313,819,660 
2 01918 融創中國 92,169,700 159,466,950 251,636,650 
3 00966 中國太平 106,999,268 48,760,230 155,759,498 
4 01336 新華保險 96,200,570 40,579,750 136,780,320 
5 00388 香港交易所 69,824,860 58,495,800 128,320,660 
6 06030 中信証券 82,993,730 22,682,760 105,676,490 
7 03968 招商銀行 397,350 93,402,550 93,799,900 
8 01171 兗州煤業股份 57,836,900 35,535,560 93,372,460 
9 06098 碧桂園服務 78,249,760 13,248,401 91,498,161 
10 00291 華潤啤酒 36,414,000 48,180,500 84,594,500 

1 00700 騰訊控股 147,228,380 54,495,680 201,724,060 
2 03968 招商銀行 121,073,525 3,576,975 124,650,500 
3 02628 中國人壽 84,388,560 378,220 84,766,780 
4 02018 瑞聲科技 72,502,725 11,251,150 83,753,875 
5 02382 舜宇光學科技 57,711,470 18,465,090 76,176,560 
6 06098 碧桂園服務 75,364,000 464,097 75,828,097 
7 00291 華潤啤酒 42,460,100 30,642,100 73,102,200 
8 00788 中國鐵塔 68,612,280 4,103,640 72,715,920 
9 02202 萬科企業 8,825,380 63,755,385 72,580,765 
10 06030 中信証券 59,303,120 12,089,440 71,392,560 
