1 00939 建設銀行 1,230,210,160 806,640,370 2,036,850,530 
2 00700 騰訊控股 372,796,120 167,115,640 539,911,760 
3 03968 招商銀行 55,415,175 474,605,025 530,020,200 
4 01918 融創中國 57,226,350 231,134,050 288,360,400 
5 01088 中國神華 78,832,230 166,197,140 245,029,370 
6 01398 工商銀行 142,837,440 83,652,210 226,489,650 
7 02020 安踏體育 181,246,900 33,890,200 215,137,100 
8 00016 新鴻基地產 165,703,400 3,673,750 169,377,150 
9 01833 平安好醫生 120,030,215 37,108,485 157,138,700 
10 03988 中國銀行 119,031,250 14,048,710 133,079,960 

1 00763 中興通訊 42,973,950 150,912,131 193,886,081 
2 01918 融創中國 91,663,300 51,324,550 142,987,850 
3 00700 騰訊控股 56,869,180 75,572,200 132,441,380 
4 01317 楓葉教育 55,915,120 71,387,400 127,302,520 
5 02020 安踏體育 61,109,000 23,718,300 84,827,300 
6 00165 中國光大控股 52,226,840 21,132,360 73,359,200 
7 01573 南方能源 37,747,240 34,484,040 72,231,280 
8 01398 工商銀行 38,770,050 28,313,050 67,083,100 
9 06169 宇華教育 35,380,500 19,693,820 55,074,320 
10 00939 建設銀行 43,343,130 11,396,100 54,739,230 
