1 00939 建設銀行 844,879,820 316,911,670 1,161,791,490 
2 00586 海螺創業 175,923,500 164,929,925 340,853,425 
3 01918 融創中國 194,095,950 146,199,250 340,295,200 
4 00981 中芯國際 146,763,835 166,822,705 313,586,540 
5 00700 騰訊控股 147,730,900 131,726,880 279,457,780 
6 02318 中國平安 64,655,100 193,279,375 257,934,475 
7 01288 農業銀行 144,074,980 95,858,700 239,933,680 
8 00998 中信銀行 165,997,920 61,361,660 227,359,580 
9 01398 工商銀行 204,441,540 10,488,620 214,930,160 
10 06030 中信証券 100,065,540 102,205,590 202,271,130 

1 01918 融創中國 141,799,850 65,121,800 206,921,650 
2 00700 騰訊控股 129,151,740 41,099,720 170,251,460 
3 00966 中國太平 32,752,090 117,473,420 150,225,510 
4 00763 中興通訊 69,389,310 44,210,930 113,600,240 
5 02208 金風科技 45,235,174 55,136,864 100,372,038 
6 03883 中國奧園 48,737,400 48,892,020 97,629,420 
7 06030 中信証券 25,794,810 62,589,950 88,384,760 
8 00175 吉利汽車 43,369,000 36,302,740 79,671,740 
9 00817 中國金茂 70,464,200 8,910,920 79,375,120 
10 01093 石藥集團 14,963,360 62,403,080 77,366,440 
