1 00700 騰訊控股 116,959,860 244,114,080 361,073,940 
2 01918 融創中國 81,766,850 156,858,050 238,624,900 
3 00288 萬洲國際 143,536,335 35,397,235 178,933,570 
4 03988 中國銀行 152,454,560 8,253,480 160,708,040 
5 02382 舜宇光學科技 90,409,105 52,949,220 143,358,325 
6 02318 中國平安 100,945,200 30,988,125 131,933,325 
7 00175 吉利汽車 24,547,700 96,165,200 120,712,900 
8 00902 華能國際電力股份 81,264,460 33,394,280 114,658,740 
9 02601 中國太保 94,273,150 18,398,430 112,671,580 
10 00939 建設銀行 11,082,120 99,659,880 110,742,000 

1 00175 吉利汽車 23,925,200 219,187,660 243,112,860 
2 00700 騰訊控股 63,996,860 76,573,120 140,569,980 
3 01317 楓葉教育 35,180,940 78,915,320 114,096,260 
4 02318 中國平安 32,794,850 78,619,300 111,414,150 
5 01558 東陽光藥 89,911,270 12,505,130 102,416,400 
6 00788 中國鐵塔 75,746,800 15,086,740 90,833,540 
7 02666 環球醫療 38,871,025 43,406,860 82,277,885 
8 01918 融創中國 21,737,500 49,863,150 71,600,650 
9 02319 蒙牛乳業 1,170,250 68,251,350 69,421,600 
10 03968 招商銀行 4,034,075 60,045,275 64,079,350 
