1 01398 工商銀行 445,689,180 8,280,510 453,969,690 
2 00939 建設銀行 423,980,330 5,157,090 429,137,420 
3 00788 中國鐵塔 86,944,720 173,461,940 260,406,660 
4 00700 騰訊控股 132,601,920 82,690,260 215,292,180 
5 00288 萬洲國際 13,988,870 160,868,490 174,857,360 
6 00175 吉利汽車 61,352,200 104,211,604 165,563,804 
7 02318 中國平安 57,688,575 86,603,975 144,292,550 
8 00998 中信銀行 82,443,280 57,381,820 139,825,100 
9 02601 中國太保 77,424,940 60,327,410 137,752,350 
10 01918 融創中國 21,317,250 107,948,800 129,266,050 

1 00700 騰訊控股 143,812,540 51,695,440 195,507,980 
2 03968 招商銀行 2,239,025 98,139,325 100,378,350 
3 00788 中國鐵塔 13,375,380 82,800,160 96,175,540 
4 00291 華潤啤酒 9,526,700 66,815,900 76,342,600 
5 01299 友邦保險 23,102,990 46,826,444 69,929,434 
6 02328 中國財險 62,522,220 2,940,020 65,462,240 
7 00763 中興通訊 24,243,296 33,362,372 57,605,668 
8 01211 比亞迪股份 6,710,375 40,084,400 46,794,775 
9 00981 中芯國際 22,416,130 22,119,850 44,535,980 
10 02318 中國平安 30,584,425 10,962,800 41,547,225 
