1 00700 騰訊控股 1,315,871,520 158,945,100 1,474,816,620 
2 00788 中國鐵塔 91,136,280 204,183,640 295,319,920 
3 00939 建設銀行 231,188,780 16,112,590 247,301,370 
4 00388 香港交易所 18,008,720 184,984,240 202,992,960 
5 02601 中國太保 61,316,860 71,379,880 132,696,740 
6 01918 融創中國 70,380,750 49,872,950 120,253,700 
7 01336 新華保險 73,189,860 34,921,295 108,111,155 
8 01088 中國神華 27,437,550 77,284,700 104,722,250 
9 02318 中國平安 76,174,975 25,802,950 101,977,925 
10 03969 中國通號 60,948,470 25,801,850 86,750,320 

1 00700 騰訊控股 140,345,480 151,926,696 292,272,176 
2 02601 中國太保 62,618,810 24,890,230 87,509,040 
3 00268 金蝶國際 37,698,560 48,106,090 85,804,650 
4 01558 東陽光藥 40,715,980 40,938,180 81,654,160 
5 03323 中國建材 65,132,440 9,910,840 75,043,280 
6 02202 萬科企業 62,196,020 11,377,105 73,573,125 
7 03888 金山軟件 56,675,340 10,342,920 67,018,260 
8 00763 中興通訊 32,317,910 30,246,600 62,564,510 
9 01030 新城發展控股 37,885,980 19,399,080 57,285,060 
10 01918 融創中國 20,566,050 23,615,100 44,181,150 
