1 00939 建設銀行 802,661,040 582,911,350 1,385,572,390 
2 03968 招商銀行 6,088,675 344,050,875 350,139,550 
3 01109 華潤置地 280,550,200 13,182,600 293,732,800 
4 00175 吉利汽車 27,702,040 202,550,880 230,252,920 
5 00700 騰訊控股 65,504,260 139,824,152 205,328,412 
6 01918 融創中國 108,021,450 90,403,200 198,424,650 
7 02318 中國平安 67,294,775 94,678,550 161,973,325 
8 01398 工商銀行 121,368,910 37,983,870 159,352,780 
9 01833 平安好醫生 97,496,545 47,488,905 144,985,450 
10 02020 安踏體育 38,570,400 75,006,100 113,576,500 

1 01109 華潤置地 236,194,500 30,736,800 266,931,300 
2 00700 騰訊控股 41,188,000 86,509,080 127,697,080 
3 02051 ５１信用卡 54,306,815 36,373,550 90,680,365 
4 01030 新城發展控股 74,797,820 13,858,580 88,656,400 
5 01398 工商銀行 24,305,730 54,744,590 79,050,320 
6 01918 融創中國 23,502,950 46,780,550 70,283,500 
7 00175 吉利汽車 16,964,440 50,943,180 67,907,620 
8 00763 中興通訊 53,423,460 4,027,660 57,451,120 
9 00939 建設銀行 36,851,200 9,802,800 46,654,000 
10 02238 廣汽集團 41,587,240 1,705,300 43,292,540 
