1 01918 融創中國 332,833,100 393,533,400 726,366,500 
2 00939 建設銀行 203,871,130 457,902,000 661,773,130 
3 02318 中國平安 387,527,450 52,079,725 439,607,175 
4 00700 騰訊控股 344,585,640 82,255,180 426,840,820 
5 03988 中國銀行 242,941,520 92,786,900 335,728,420 
6 00175 吉利汽車 147,040,520 158,535,120 305,575,640 
7 01336 新華保險 221,978,550 82,259,070 304,237,620 
8 01398 工商銀行 66,472,780 211,693,830 278,166,610 
9 02601 中國太保 181,925,530 32,462,050 214,387,580 
10 00998 中信銀行 84,335,210 96,764,680 181,099,890 

1 01918 融創中國 148,697,650 164,995,150 313,692,800 
2 01336 新華保險 74,235,600 75,562,190 149,797,790 
3 00700 騰訊控股 31,238,160 101,713,460 132,951,620 
4 00817 中國金茂 30,363,280 92,257,060 122,620,340 
5 00175 吉利汽車 52,765,000 50,116,600 102,881,600 
6 01112 Ｈ＆Ｈ國際控股 77,648,750 23,933,275 101,582,025 
7 00939 建設銀行 54,561,030 44,649,980 99,211,010 
8 02318 中國平安 21,777,875 53,707,725 75,485,600 
9 01548 金斯瑞生物科技 44,630,600 29,586,300 74,216,900 
10 02628 中國人壽 20,728,700 51,085,150 71,813,850 
