1 01398 工商銀行 667,869,470 2,607,900 670,477,370 
2 00939 建設銀行 409,423,820 70,899,830 480,323,650 
3 00700 騰訊控股 323,608,120 106,798,156 430,406,276 
4 01918 融創中國 137,031,350 111,420,123 248,451,473 
5 00288 萬洲國際 157,200,875 60,992,232 218,193,107 
6 02318 中國平安 119,386,550 98,376,100 217,762,650 
7 02601 中國太保 104,358,310 21,354,480 125,712,790 
8 02628 中國人壽 5,760,640 116,269,480 122,030,120 
9 00175 吉利汽車 92,638,400 29,050,260 121,688,660 
10 01336 新華保險 51,406,935 56,537,125 107,944,060 

1 00700 騰訊控股 642,117,800 87,692,860 729,810,660 
2 01918 融創中國 63,509,250 165,826,350 229,335,600 
3 00939 建設銀行 198,416,580 11,124,142 209,540,722 
4 02318 中國平安 89,503,975 91,704,307 181,208,282 
5 00288 萬洲國際 80,556,005 69,739,766 150,295,771 
6 00763 中興通訊 51,769,360 36,978,380 88,747,740 
7 01336 新華保險 51,470,495 29,723,235 81,193,730 
8 03968 招商銀行 75,127,725 4,393,150 79,520,875 
9 00817 中國金茂 21,673,060 46,538,910 68,211,970 
10 00175 吉利汽車 52,996,360 13,133,680 66,130,040 
