1 00700 騰訊控股 243,136,400 290,853,120 533,989,520 
2 01918 融創中國 208,024,700 70,347,400 278,372,100 
3 00817 中國金茂 106,650,260 134,794,260 241,444,520 
4 00288 萬洲國際 143,199,925 69,920,345 213,120,270 
5 00168 青島啤酒股份 147,277,100 38,588,200 185,865,300 
6 03333 中國恒大 80,096,250 102,218,900 182,315,150 
7 02601 中國太保 34,188,010 134,396,080 168,584,090 
8 02318 中國平安 107,569,750 54,990,675 162,560,425 
9 01813 合景泰富集團 140,465,815 16,737,655 157,203,470 
10 03898 中車時代電氣 1,497,495 123,408,690 124,906,185 

1 01336 新華保險 77,858,070 33,265,905 111,123,975 
2 00288 萬洲國際 62,720,240 43,217,990 105,938,230 
3 00700 騰訊控股 52,865,280 45,987,020 98,852,300 
4 01918 融創中國 57,682,500 39,645,550 97,328,050 
5 00817 中國金茂 48,361,220 39,558,540 87,919,760 
6 03333 中國恒大 37,816,850 49,539,200 87,356,050 
7 00996 嘉年華國際 39,633,890 44,870,520 84,504,410 
8 01638 佳兆業集團 37,707,990 45,529,860 83,237,850 
9 03888 金山軟件 43,960,920 31,912,760 75,873,680 
10 01288 農業銀行 15,531,070 55,837,900 71,368,970 
