1 00700 騰訊控股 578,643,380 263,564,480 842,207,860 
2 00175 吉利汽車 194,994,180 452,261,900 647,256,080 
3 00902 華能國際電力股份 185,002,200 104,435,050 289,437,250 
4 00288 萬洲國際 224,510,350 15,576,595 240,086,945 
5 01030 新城發展控股 65,424,340 159,105,220 224,529,560 
6 01918 融創中國 127,298,500 90,552,700 217,851,200 
7 02238 廣汽集團 68,467,200 143,890,859 212,358,059 
8 00688 中國海外發展 7,253,800 155,713,500 162,967,300 
9 06881 中國銀河 62,350,120 98,901,885 161,252,005 
10 02601 中國太保 134,580,680 26,149,720 160,730,400 

1 00700 騰訊控股 138,201,660 158,993,960 297,195,620 
2 01918 融創中國 112,302,750 69,349,550 181,652,300 
3 01336 新華保險 111,745,300 23,908,510 135,653,810 
4 01030 新城發展控股 24,671,900 99,138,760 123,810,660 
5 02208 金風科技 33,128,456 90,184,136 123,312,592 
6 00939 建設銀行 37,459,110 75,056,950 112,516,060 
7 02318 中國平安 50,201,600 53,990,275 104,191,875 
8 00175 吉利汽車 65,480,780 30,999,620 96,480,400 
9 03301 融信中國 74,369,690 20,217,630 94,587,320 
10 00168 青島啤酒股份 71,398,400 4,397,700 75,796,100 
