1 01398 工商銀行 141,294,550 330,698,420 471,992,970 
2 00700 騰訊控股 170,639,280 253,469,080 424,108,360 
3 00939 建設銀行 37,226,880 267,789,230 305,016,110 
4 01336 新華保險 107,616,615 89,837,685 197,454,300 
5 02382 舜宇光學科技 74,678,315 91,563,970 166,242,285 
6 00493 國美零售 77,711,290 69,783,420 147,494,710 
7 02238 廣汽集團 26,413,460 115,146,656 141,560,116 
8 00753 中國國航 120,537,100 10,573,760 131,110,860 
9 00175 吉利汽車 55,867,000 74,985,960 130,852,960 
10 01177 中國生物製藥 57,756,430 64,721,080 122,477,510 

1 00700 騰訊控股 123,186,160 107,984,020 231,170,180 
2 00763 中興通訊 90,202,608 104,675,220 194,877,828 
3 01918 融創中國 23,373,900 75,327,700 98,701,600 
4 00175 吉利汽車 61,052,300 25,874,504 86,926,804 
5 01336 新華保險 64,767,150 17,160,415 81,927,565 
6 01211 比亞迪股份 57,123,000 19,520,025 76,643,025 
7 00788 中國鐵塔 55,495,580 18,815,760 74,311,340 
8 02238 廣汽集團 8,993,320 54,727,049 63,720,369 
9 01177 中國生物製藥 12,569,030 48,442,187 61,011,217 
10 02382 舜宇光學科技 22,683,360 38,163,800 60,847,160 
