1 00939 建設銀行 137,716,740 919,351,340 1,057,068,080 
2 00700 騰訊控股 307,441,580 734,432,820 1,041,874,400 
3 00586 海螺創業 197,202,675 249,658,725 446,861,400 
4 01398 工商銀行 210,481,560 193,245,900 403,727,460 
5 06886 - 214,878,884 154,832,760 369,711,644 
6 00175 吉利汽車 40,688,840 222,277,560 262,966,400 
7 06881 中國銀河 161,370,235 95,775,345 257,145,580 
8 02318 中國平安 216,993,400 8,749,500 225,742,900 
9 03908 中金公司 151,181,112 73,822,440 225,003,552 
10 06837 海通證券 212,120,408 10,183,688 222,304,096 

1 00763 中興通訊 219,012,450 259,033,500 478,045,950 
2 01336 新華保險 148,625,295 82,513,965 231,139,260 
3 01776 廣發証券 172,985,076 47,395,384 220,380,460 
4 03908 中金公司 81,642,280 74,361,496 156,003,776 
5 02601 中國太保 63,419,260 85,541,180 148,960,440 
6 01918 融創中國 91,221,300 47,782,250 139,003,550 
7 00700 騰訊控股 50,375,280 61,911,380 112,286,660 
8 00027 銀河娛樂 4,373,300 82,948,150 87,321,450 
9 06066 中信建投証券 45,475,905 40,114,625 85,590,530 
10 06865 福萊特玻璃 79,225,420 2,234,060 81,459,480 
