1 00700 騰訊控股 306,611,740 95,860,140 402,471,880 
2 01918 融創中國 83,328,500 164,134,850 247,463,350 
3 01030 新城發展控股 88,616,840 99,855,080 188,471,920 
4 00175 吉利汽車 49,820,620 132,461,708 182,282,328 
5 02318 中國平安 66,904,950 78,400,100 145,305,050 
6 01336 新華保險 97,523,005 34,420,950 131,943,955 
7 00656 復星國際 83,283,740 29,682,570 112,966,310 
8 01177 中國生物製藥 59,610,920 48,676,170 108,287,090 
9 00291 華潤啤酒 103,459,400 600,500 104,059,900 
10 03968 招商銀行 8,452,700 92,955,125 101,407,825 

1 00268 金蝶國際 194,242,460 80,014,980 274,257,440 
2 02662 承興國際控股 150,684,450 115,581,860 266,266,310 
3 03883 中國奧園 73,180,740 107,713,940 180,894,680 
4 00700 騰訊控股 112,171,500 65,957,240 178,128,740 
5 01030 新城發展控股 51,892,860 102,673,940 154,566,800 
6 02202 萬科企業 132,126,125 14,358,585 146,484,710 
7 01585 雅迪控股 89,763,280 37,759,120 127,522,400 
8 03323 中國建材 56,093,080 61,325,100 117,418,180 
9 01918 融創中國 45,500,750 54,385,100 99,885,850 
10 01177 中國生物製藥 67,324,750 31,741,340 99,066,090 
