1 00175 吉利汽車 92,477,380 302,833,540 395,310,920 
2 00700 騰訊控股 162,484,740 62,961,200 225,445,940 
3 01398 工商銀行 87,788,580 36,550,100 124,338,680 
4 00941 中國移動 109,734,500 1,611,950 111,346,450 
5 01336 新華保險 56,128,435 37,502,035 93,630,470 
6 00966 中國太平 24,379,136 57,879,824 82,258,960 
7 02318 中國平安 9,442,350 65,751,225 75,193,575 
8 03968 招商銀行 6,111,475 67,630,950 73,742,425 
9 00939 建設銀行 39,107,630 29,756,550 68,864,180 
10 02601 中國太保 32,588,170 29,336,410 61,924,580 

1 00175 吉利汽車 139,091,220 101,555,820 240,647,040 
2 00700 騰訊控股 55,118,060 67,730,040 122,848,100 
3 00763 中興通訊 45,288,320 28,669,708 73,958,028 
4 02328 中國財險 61,882,040 790,100 62,672,140 
5 01336 新華保險 8,964,615 52,479,590 61,444,205 
6 01211 比亞迪股份 52,074,475 8,454,425 60,528,900 
7 03311 中國建築國際 59,667,480 518,400 60,185,880 
8 00016 新鴻基地產 59,061,050 0 59,061,050 
9 01317 楓葉教育 17,949,000 40,066,940 58,015,940 
10 00354 中國軟件國際 3,162,660 52,629,720 55,792,380 
