1 00939 建設銀行 1,044,652,520 862,211,425 1,906,863,945 
2 03968 招商銀行 55,319,325 534,249,625 589,568,950 
3 00700 騰訊控股 297,138,660 85,993,540 383,132,200 
4 01918 融創中國 165,001,300 128,231,200 293,232,500 
5 02318 中國平安 103,797,350 52,683,200 156,480,550 
6 02382 舜宇光學科技 144,105,370 8,873,770 152,979,140 
7 00998 中信銀行 100,638,590 49,973,260 150,611,850 
8 01398 工商銀行 127,731,850 13,818,330 141,550,180 
9 00388 香港交易所 123,632,700 14,100,620 137,733,320 
10 02020 安踏體育 80,927,400 28,533,550 109,460,950 

1 00700 騰訊控股 97,443,460 84,114,900 181,558,360 
2 00763 中興通訊 66,156,700 83,538,990 149,695,690 
3 01918 融創中國 53,797,400 65,570,750 119,368,150 
4 03900 綠城中國 62,302,075 11,739,960 74,042,035 
5 01233 時代中國控股 11,276,860 61,286,840 72,563,700 
6 02269 藥明生物 48,677,525 21,108,250 69,785,775 
7 02382 舜宇光學科技 57,904,470 6,504,880 64,409,350 
8 00939 建設銀行 3,687,250 60,600,410 64,287,660 
9 01398 工商銀行 2,746,520 57,573,130 60,319,650 
10 03968 招商銀行 4,699,000 51,810,325 56,509,325 
