1 00939 建設銀行 41,619,390 733,199,890 774,819,280 
2 01918 融創中國 412,159,900 299,143,000 711,302,900 
3 00288 萬洲國際 622,140,495 82,087,745 704,228,240 
4 00700 騰訊控股 280,050,840 146,578,880 426,629,720 
5 03333 中國恒大 79,427,750 302,884,200 382,311,950 
6 00941 中國移動 216,025 370,357,075 370,573,100 
7 01288 農業銀行 39,968,500 289,224,820 329,193,320 
8 02007 碧桂園 135,944,980 186,817,120 322,762,100 
9 00874 白雲山 112,514,100 174,125,700 286,639,800 
10 00857 中國石油股份 223,989,260 26,850,500 250,839,760 

1 00268 金蝶國際 124,851,240 110,686,690 235,537,930 
2 01918 融創中國 91,842,950 116,955,000 208,797,950 
3 03883 中國奧園 83,356,080 118,252,930 201,609,010 
4 00288 萬洲國際 181,121,625 17,965,095 199,086,720 
5 00700 騰訊控股 76,506,060 57,290,880 133,796,940 
6 02007 碧桂園 58,700,680 67,340,280 126,040,960 
7 00817 中國金茂 82,637,480 27,853,720 110,491,200 
8 02208 金風科技 74,287,002 36,168,240 110,455,242 
9 01030 新城發展控股 67,250,660 30,220,500 97,471,160 
10 00291 華潤啤酒 83,923,200 6,124,300 90,047,500 
