1 00700 騰訊控股 195,913,660 162,454,500 358,368,160 
2 00288 萬洲國際 58,562,175 288,924,680 347,486,855 
3 02382 舜宇光學科技 109,036,275 171,920,760 280,957,035 
4 01398 工商銀行 251,896,930 25,185,960 277,082,890 
5 00939 建設銀行 68,162,700 191,291,860 259,454,560 
6 02628 中國人壽 205,101,880 23,815,280 228,917,160 
7 00175 吉利汽車 22,390,140 194,263,300 216,653,440 
8 01336 新華保險 43,091,355 170,683,100 213,774,455 
9 01918 融創中國 54,559,250 156,309,450 210,868,700 
10 02318 中國平安 151,406,725 57,564,200 208,970,925 

1 00700 騰訊控股 202,461,760 85,809,200 288,270,960 
2 00763 中興通訊 128,201,940 88,705,100 216,907,040 
3 02382 舜宇光學科技 71,049,010 109,370,660 180,419,670 
4 06030 中信証券 90,475,550 26,622,990 117,098,540 
5 02269 藥明生物 108,055,100 8,641,825 116,696,925 
6 01398 工商銀行 81,074,450 4,958,750 86,033,200 
7 01928 金沙中國有限公司 73,806,780 74,980 73,881,760 
8 01336 新華保險 52,872,460 5,677,190 58,549,650 
9 00288 萬洲國際 31,035,625 22,171,730 53,207,355 
10 00753 中國國航 39,388,280 7,143,820 46,532,100 
