1 00939 建設銀行 608,579,820 560,528,720 1,169,108,540 
2 00700 騰訊控股 212,291,700 183,743,480 396,035,180 
3 02382 舜宇光學科技 298,571,660 84,074,970 382,646,630 
4 02018 瑞聲科技 263,201,850 23,032,625 286,234,475 
5 01398 工商銀行 255,176,030 5,892,040 261,068,070 
6 00966 中國太平 169,886,076 11,042,196 180,928,272 
7 01336 新華保險 76,623,415 58,681,935 135,305,350 
8 00388 香港交易所 100,922,280 30,892,380 131,814,660 
9 03908 中金公司 77,933,328 50,652,664 128,585,992 
10 02238 廣汽集團 62,942,120 56,581,284 119,523,404 

1 00763 中興通訊 179,178,120 130,655,920 309,834,040 
2 00700 騰訊控股 84,207,840 94,465,760 178,673,600 
3 01776 廣發証券 39,516,024 94,318,772 133,834,796 
4 01918 融創中國 101,245,050 28,708,850 129,953,900 
5 01299 友邦保險 65,258,740 28,626,740 93,885,480 
6 02018 瑞聲科技 44,282,725 49,205,925 93,488,650 
7 01787 山東黃金 24,931,725 59,392,420 84,324,145 
8 00981 中芯國際 27,637,600 44,276,395 71,913,995 
9 03968 招商銀行 14,113,200 56,781,125 70,894,325 
10 02382 舜宇光學科技 25,646,210 40,754,210 66,400,420 
