1 00700 騰訊控股 310,990,540 265,288,322 576,278,862 
2 01398 工商銀行 181,328,190 250,981,100 432,309,290 
3 00939 建設銀行 36,376,640 237,859,650 274,236,290 
4 02382 舜宇光學科技 182,732,780 41,788,870 224,521,650 
5 00241 阿里健康 115,280,660 42,010,440 157,291,100 
6 02328 中國財險 104,220,700 39,816,260 144,036,960 
7 02333 長城汽車 77,724,895 64,769,800 142,494,695 
8 02601 中國太保 131,746,280 1,640,530 133,386,810 
9 01918 融創中國 42,675,350 75,461,500 118,136,850 
10 00175 吉利汽車 42,172,220 72,776,300 114,948,520 

1 00700 騰訊控股 90,081,980 109,543,120 199,625,100 
2 02382 舜宇光學科技 90,854,970 36,694,075 127,549,045 
3 01918 融創中國 31,528,100 80,162,200 111,690,300 
4 00763 中興通訊 49,688,888 50,248,584 99,937,472 
5 00175 吉利汽車 22,651,840 65,963,610 88,615,450 
6 06169 宇華教育 50,422,620 23,636,120 74,058,740 
7 01336 新華保險 57,745,645 10,276,100 68,021,745 
8 01776 廣發証券 45,929,140 21,300,236 67,229,376 
9 02018 瑞聲科技 56,011,475 5,110,825 61,122,300 
10 02001 新高教集團 48,515,630 4,538,350 53,053,980 
