1 00939 建設銀行 180,955,390 301,272,440 482,227,830 
2 01055 中國南方航空股份 229,519,460 113,884,180 343,403,640 
3 01918 融創中國 170,173,350 169,182,800 339,356,150 
4 00753 中國國航 161,032,880 111,622,223 272,655,103 
5 00966 中國太平 201,614,590 67,894,150 269,508,740 
6 00175 吉利汽車 160,113,040 102,318,140 262,431,180 
7 00700 騰訊控股 92,751,900 158,065,880 250,817,780 
8 01398 工商銀行 105,156,610 109,855,170 215,011,780 
9 00670 中國東方航空股份 83,621,800 121,403,060 205,024,860 
10 01816 中廣核電力 81,028,500 98,107,170 179,135,670 

1 03301 融信中國 213,772,330 17,982,880 231,755,210 
2 00175 吉利汽車 41,715,300 162,393,780 204,109,080 
3 00700 騰訊控股 113,389,840 83,949,400 197,339,240 
4 01336 新華保險 86,884,530 72,463,715 159,348,245 
5 03908 中金公司 139,864,640 3,949,752 143,814,392 
6 01060 阿里影業 111,106,400 5,529,100 116,635,500 
7 03323 中國建材 87,996,440 23,841,200 111,837,640 
8 01918 融創中國 44,301,800 56,609,550 100,911,350 
9 00939 建設銀行 83,795,520 9,431,670 93,227,190 
10 00788 中國鐵塔 48,088,920 41,360,720 89,449,640 
