1 00700 騰訊控股 338,827,400 193,913,620 532,741,020 
2 01918 融創中國 175,240,000 140,257,800 315,497,800 
3 06030 中信証券 283,323,600 29,609,780 312,933,380 
4 00175 吉利汽車 74,796,600 140,539,840 215,336,440 
5 03988 中國銀行 129,817,280 78,188,540 208,005,820 
6 02628 中國人壽 180,421,040 6,387,800 186,808,840 
7 00386 中國石油化工股份 64,499,320 105,184,160 169,683,480 
8 00291 華潤啤酒 54,172,700 91,173,600 145,346,300 
9 01398 工商銀行 129,921,100 13,662,970 143,584,070 
10 01336 新華保險 40,829,815 69,428,700 110,258,515 

1 00700 騰訊控股 98,057,100 57,059,980 155,117,080 
2 01336 新華保險 74,097,115 26,840,065 100,937,180 
3 00966 中國太平 81,802,100 10,643,220 92,445,320 
4 02601 中國太保 68,209,100 2,102,640 70,311,740 
5 06030 中信証券 46,999,000 16,431,850 63,430,850 
6 01918 融創中國 23,657,350 39,471,600 63,128,950 
7 00799 - 40,574,040 19,545,480 60,119,520 
8 02202 萬科企業 10,205,190 47,136,095 57,341,285 
9 01177 中國生物製藥 36,420,800 20,851,470 57,272,270 
10 00175 吉利汽車 46,080,360 9,157,500 55,237,860 
