1 00939 建設銀行 459,831,290 17,018,160 476,849,450 
2 00700 騰訊控股 179,326,760 134,639,780 313,966,540 
3 02318 中國平安 116,741,400 44,872,775 161,614,175 
4 01398 工商銀行 129,309,060 2,137,590 131,446,650 
5 01288 農業銀行 118,572,970 10,106,200 128,679,170 
6 06886 - 76,766,708 46,659,032 123,425,740 
7 01918 融創中國 73,008,650 26,135,950 99,144,600 
8 02601 中國太保 61,811,820 26,600,460 88,412,280 
9 02899 紫金礦業 46,842,180 37,046,160 83,888,340 
10 01177 中國生物製藥 37,436,410 32,732,040 70,168,450 

1 00700 騰訊控股 129,284,420 67,154,500 196,438,920 
2 00939 建設銀行 164,617,270 8,530,100 173,147,370 
3 01398 工商銀行 134,442,450 14,203,970 148,646,420 
4 01288 農業銀行 46,927,080 51,969,650 98,896,730 
5 00175 吉利汽車 63,784,240 7,524,360 71,308,600 
6 00388 香港交易所 31,971,600 38,743,766 70,715,366 
7 01787 山東黃金 52,819,315 14,117,260 66,936,575 
8 00788 中國鐵塔 32,576,640 30,379,880 62,956,520 
9 00763 中興通訊 20,247,900 40,785,640 61,033,540 
10 01177 中國生物製藥 49,895,680 10,585,900 60,481,580 
