1 00700 騰訊控股 102,634,760 239,029,060 341,663,820 
2 01336 新華保險 10,756,280 154,000,885 164,757,165 
3 01918 融創中國 106,526,450 54,762,200 161,288,650 
4 01398 工商銀行 112,684,400 8,720,830 121,405,230 
5 02196 復星醫藥 61,613,625 59,039,625 120,653,250 
6 01093 石藥集團 39,869,080 66,207,400 106,076,480 
7 02388 中銀香港 1,580,200 85,332,050 86,912,250 
8 02238 廣汽集團 54,440,200 30,172,764 84,612,964 
9 00363 上海實業控股 5,572,200 71,783,880 77,356,080 
10 00175 吉利汽車 27,757,820 48,630,040 76,387,860 

1 00700 騰訊控股 56,351,860 171,334,120 227,685,980 
2 00857 中國石油股份 13,782,040 128,929,940 142,711,980 
3 00386 中國石油化工股份 2,770,440 115,006,940 117,777,380 
4 01918 融創中國 67,850,450 44,316,450 112,166,900 
5 03968 招商銀行 35,264,250 56,699,725 91,963,975 
6 03883 中國奧園 43,278,390 37,270,120 80,548,510 
7 01299 友邦保險 72,589,760 0 72,589,760 
8 02196 復星醫藥 14,162,250 54,079,800 68,242,050 
9 00763 中興通訊 28,852,980 32,871,888 61,724,868 
10 01530 三生製藥 7,695,625 52,741,750 60,437,375 
