1 00939 建設銀行 1,237,012,810 141,410,730 1,378,423,540 
2 00700 騰訊控股 511,639,600 472,535,380 984,174,980 
3 02318 中國平安 487,184,675 31,730,325 518,915,000 
4 01398 工商銀行 259,091,280 4,848,740 263,940,020 
5 01288 農業銀行 171,012,710 46,888,750 217,901,460 
6 00388 香港交易所 192,551,700 3,762,860 196,314,560 
7 01336 新華保險 93,867,160 90,460,685 184,327,845 
8 01088 中國神華 164,628,610 18,541,770 183,170,380 
9 00941 中國移動 172,336,750 8,648,775 180,985,525 
10 02899 紫金礦業 85,591,780 78,774,080 164,365,860 

1 00763 中興通訊 153,155,400 207,131,376 360,286,776 
2 00700 騰訊控股 155,289,700 110,922,444 266,212,144 
3 00788 中國鐵塔 18,297,260 161,916,900 180,214,160 
4 00939 建設銀行 137,578,540 12,663,500 150,242,040 
5 02318 中國平安 108,046,875 22,318,475 130,365,350 
6 01398 工商銀行 92,843,410 9,255,660 102,099,070 
7 02382 舜宇光學科技 73,626,935 24,160,135 97,787,070 
8 00285 比亞迪電子 75,911,630 18,139,230 94,050,860 
9 01818 招金礦業 34,765,580 46,566,150 81,331,730 
10 01177 中國生物製藥 35,103,450 44,216,880 79,320,330 
