1 00939 建設銀行 307,902,910 46,636,270 354,539,180 
2 00700 騰訊控股 160,262,320 120,546,760 280,809,080 
3 02601 中國太保 118,285,710 103,719,830 222,005,540 
4 01918 融創中國 39,262,750 130,874,050 170,136,800 
5 00656 復星國際 94,302,240 28,283,190 122,585,430 
6 02333 長城汽車 7,700,750 96,485,365 104,186,115 
7 02318 中國平安 50,978,150 50,811,200 101,789,350 
8 00966 中國太平 58,407,520 36,002,500 94,410,020 
9 02196 復星醫藥 49,055,350 42,135,825 91,191,175 
10 00857 中國石油股份 86,697,700 1,651,720 88,349,420 

1 00700 騰訊控股 116,681,920 61,560,840 178,242,760 
2 01918 融創中國 33,257,350 32,926,850 66,184,200 
3 03323 中國建材 23,135,720 32,751,700 55,887,420 
4 06030 中信証券 22,882,980 31,427,100 54,310,080 
5 01317 楓葉教育 23,946,060 29,882,240 53,828,300 
6 01966 中駿集團控股 11,109,510 39,026,350 50,135,860 
7 01299 友邦保險 41,600,130 6,257,040 47,857,170 
8 01333 中國忠旺 35,964,808 10,346,684 46,311,492 
9 00175 吉利汽車 37,452,760 5,073,340 42,526,100 
10 06169 宇華教育 15,890,520 25,295,140 41,185,660 
