1 00700 騰訊控股 541,426,700 118,854,580 660,281,280 
2 00939 建設銀行 626,823,440 7,091,830 633,915,270 
3 01398 工商銀行 473,108,850 8,539,960 481,648,810 
4 01918 融創中國 191,497,550 116,923,350 308,420,900 
5 03988 中國銀行 273,154,140 30,667,360 303,821,500 
6 02318 中國平安 211,496,050 50,432,975 261,929,025 
7 02388 中銀香港 61,525 240,911,975 240,973,500 
8 00288 萬洲國際 107,592,970 111,263,445 218,856,415 
9 00175 吉利汽車 34,554,940 123,625,800 158,180,740 
10 00966 中國太平 68,283,420 78,140,608 146,424,028 

1 00700 騰訊控股 214,049,000 56,276,060 270,325,060 
2 00763 中興通訊 75,043,224 63,929,340 138,972,564 
3 01288 農業銀行 122,615,240 7,900,330 130,515,570 
4 00388 香港交易所 85,996,820 26,685,630 112,682,450 
5 00939 建設銀行 76,606,820 5,740,290 82,347,110 
6 01398 工商銀行 45,059,010 32,963,590 78,022,600 
7 03988 中國銀行 71,331,810 5,978,200 77,310,010 
8 01336 新華保險 18,139,445 55,716,710 73,856,155 
9 02318 中國平安 62,641,150 7,399,350 70,040,500 
10 02382 舜宇光學科技 54,528,825 11,928,140 66,456,965 
