1 00939 建設銀行 799,258,990 663,653,930 1,462,912,920 
2 00700 騰訊控股 73,356,460 159,180,400 232,536,860 
3 00981 中芯國際 116,927,790 74,296,302 191,224,092 
4 01177 中國生物製藥 65,882,160 120,766,680 186,648,840 
5 02020 安踏體育 97,985,400 57,311,200 155,296,600 
6 02018 瑞聲科技 102,691,925 50,018,900 152,710,825 
7 00175 吉利汽車 52,633,300 84,607,560 137,240,860 
8 02382 舜宇光學科技 74,417,370 59,551,120 133,968,490 
9 03968 招商銀行 2,133,050 131,751,325 133,884,375 
10 00386 中國石油化工股份 13,815,760 112,146,220 125,961,980 

1 00700 騰訊控股 39,322,740 150,849,380 190,172,120 
2 00981 中芯國際 125,378,240 40,174,130 165,552,370 
3 01573 南方能源 55,157,240 49,004,440 104,161,680 
4 01088 中國神華 30,799,170 56,171,680 86,970,850 
5 00763 中興通訊 52,030,080 34,441,400 86,471,480 
6 00883 中國海洋石油 80,840,520 1,085,080 81,925,600 
7 02382 舜宇光學科技 41,721,730 31,142,380 72,864,110 
8 00788 中國鐵塔 65,270,400 3,627,980 68,898,380 
9 02018 瑞聲科技 42,417,725 23,498,425 65,916,150 
10 01288 農業銀行 853,940 53,831,260 54,685,200 
