1 00939 建設銀行 571,297,510 106,500,200 677,797,710 
2 00700 騰訊控股 335,280,640 255,733,820 591,014,460 
3 02318 中國平安 374,146,250 47,229,300 421,375,550 
4 00388 香港交易所 233,672,000 605,900 234,277,900 
5 01918 融創中國 112,714,450 110,149,850 222,864,300 
6 01398 工商銀行 217,064,650 3,380,400 220,445,050 
7 01177 中國生物製藥 167,583,490 22,287,890 189,871,380 
8 01299 友邦保險 155,228,650 15,024,820 170,253,470 
9 02601 中國太保 62,272,880 105,273,810 167,546,690 
10 01088 中國神華 131,073,150 23,314,200 154,387,350 

1 00700 騰訊控股 210,798,580 103,074,900 313,873,480 
2 02318 中國平安 178,323,475 26,272,775 204,596,250 
3 01717 澳優 94,083,340 23,371,940 117,455,280 
4 00939 建設銀行 104,340,510 5,998,490 110,339,000 
5 01928 金沙中國有限公司 93,016,440 2,988,000 96,004,440 
6 00788 中國鐵塔 10,238,800 85,595,040 95,833,840 
7 00168 青島啤酒股份 80,213,600 11,996,100 92,209,700 
8 00027 銀河娛樂 87,741,150 3,078,050 90,819,200 
9 01288 農業銀行 89,764,290 828,760 90,593,050 
10 00285 比亞迪電子 67,582,100 13,695,140 81,277,240 
