1 00939 建設銀行 505,811,250 930,200,760 1,436,012,010 
2 02318 中國平安 387,457,650 39,103,700 426,561,350 
3 00175 吉利汽車 211,531,000 167,609,520 379,140,520 
4 01918 融創中國 202,686,800 142,348,500 345,035,300 
5 00700 騰訊控股 176,526,920 147,684,580 324,211,500 
6 03988 中國銀行 241,544,450 519,830 242,064,280 
7 00788 中國鐵塔 187,463,640 15,756,100 203,219,740 
8 02601 中國太保 181,869,120 11,667,660 193,536,780 
9 02038 富智康集團 97,583,390 85,024,880 182,608,270 
10 01233 時代中國控股 117,828,100 4,373,260 122,201,360 

1 02038 富智康集團 99,779,230 71,142,570 170,921,800 
2 01233 時代中國控股 136,799,660 20,367,840 157,167,500 
3 00763 中興通訊 69,689,180 77,617,710 147,306,890 
4 00175 吉利汽車 34,288,940 97,515,260 131,804,200 
5 00700 騰訊控股 35,149,340 81,616,940 116,766,280 
6 00388 香港交易所 3,246,060 98,146,600 101,392,660 
7 02208 金風科技 24,148,416 73,198,846 97,347,262 
8 00817 中國金茂 18,877,220 78,408,460 97,285,680 
9 01211 比亞迪股份 43,940,050 48,507,475 92,447,525 
10 06088 - 64,108,540 20,001,220 84,109,760 
