1 00175 吉利汽車 177,049,560 695,390,380 872,439,940 
2 01918 融創中國 149,562,600 241,512,100 391,074,700 
3 00700 騰訊控股 232,919,520 155,719,700 388,639,220 
4 00939 建設銀行 11,605,190 360,355,730 371,960,920 
5 03988 中國銀行 306,564,460 27,038,920 333,603,380 
6 01398 工商銀行 144,435,370 84,194,310 228,629,680 
7 00288 萬洲國際 151,328,350 59,307,690 210,636,040 
8 02601 中國太保 162,712,500 34,222,390 196,934,890 
9 02318 中國平安 45,762,550 149,020,425 194,782,975 
10 00817 中國金茂 66,729,100 84,483,080 151,212,180 

1 00763 中興通訊 114,197,700 54,684,970 168,882,670 
2 01918 融創中國 62,742,600 102,808,600 165,551,200 
3 00817 中國金茂 60,126,920 58,138,380 118,265,300 
4 00700 騰訊控股 62,288,900 42,051,020 104,339,920 
5 01336 新華保險 82,918,765 12,971,700 95,890,465 
6 03301 融信中國 54,678,120 40,963,250 95,641,370 
7 00189 東岳集團 40,500,750 36,547,140 77,047,890 
8 03333 中國恒大 38,546,500 36,930,750 75,477,250 
9 01776 廣發証券 42,038,276 32,433,668 74,471,944 
10 01030 新城發展控股 52,186,000 21,759,960 73,945,960 
