1 00939 建設銀行 632,831,350 58,293,090 691,124,440 
2 02382 舜宇光學科技 407,981,200 112,131,950 520,113,150 
3 00700 騰訊控股 413,219,260 93,298,660 506,517,920 
4 02318 中國平安 323,994,125 90,103,650 414,097,775 
5 01288 農業銀行 195,626,430 50,765,210 246,391,640 
6 00857 中國石油股份 176,643,220 40,801,880 217,445,100 
7 01398 工商銀行 199,496,290 12,911,390 212,407,680 
8 00288 萬洲國際 95,780,985 76,115,785 171,896,770 
9 02899 紫金礦業 101,745,680 50,938,160 152,683,840 
10 02020 安踏體育 92,779,250 50,457,700 143,236,950 

1 02382 舜宇光學科技 120,307,125 76,217,645 196,524,770 
2 01787 山東黃金 145,126,575 24,539,840 169,666,415 
3 00700 騰訊控股 120,189,360 41,842,560 162,031,920 
4 01177 中國生物製藥 92,698,370 10,034,520 102,732,890 
5 01288 農業銀行 100,698,820 1,339,740 102,038,560 
6 00268 金蝶國際 30,290,790 47,994,030 78,284,820 
7 00763 中興通訊 51,466,282 20,432,948 71,899,230 
8 01717 澳優 23,831,380 43,298,580 67,129,960 
9 01918 融創中國 30,876,100 34,175,900 65,052,000 
10 00884 旭輝控股集團 21,823,300 40,960,700 62,784,000 
