1 00939 建設銀行 1,884,479,440 582,343,957 2,466,823,397 
2 03968 招商銀行 52,604,825 699,199,950 751,804,775 
3 00700 騰訊控股 484,694,800 86,814,680 571,509,480 
4 01398 工商銀行 319,524,800 105,458,220 424,983,020 
5 01918 融創中國 71,077,250 285,437,050 356,514,300 
6 00005 匯豐控股 314,944,080 8,658,719 323,602,799 
7 02318 中國平安 112,888,700 117,618,025 230,506,725 
8 01093 石藥集團 73,323,480 99,163,640 172,487,120 
9 01833 平安好醫生 124,670,540 45,424,955 170,095,495 
10 01088 中國神華 140,811,390 20,438,590 161,249,980 

1 00700 騰訊控股 286,292,200 85,107,000 371,399,200 
2 00763 中興通訊 133,115,500 169,236,370 302,351,870 
3 01918 融創中國 115,645,850 32,714,750 148,360,600 
4 01558 東陽光藥 39,350,760 79,616,840 118,967,600 
5 02382 舜宇光學科技 66,608,130 40,905,040 107,513,170 
6 06030 中信証券 91,412,880 15,863,860 107,276,740 
7 00388 香港交易所 48,400,060 54,298,400 102,698,460 
8 02338 濰柴動力 87,798,420 7,385,240 95,183,660 
9 00939 建設銀行 78,268,650 11,014,890 89,283,540 
10 01573 南方能源 44,469,980 39,005,660 83,475,640 
