1 01398 工商銀行 682,705,750 240,169,229 922,874,979 
2 00700 騰訊控股 181,459,540 408,717,660 590,177,200 
3 03988 中國銀行 68,986,200 476,421,621 545,407,821 
4 01918 融創中國 143,300,950 347,897,250 491,198,200 
5 00939 建設銀行 139,222,870 238,595,829 377,818,699 
6 02318 中國平安 136,004,825 218,355,200 354,360,025 
7 01288 農業銀行 43,249,970 269,615,410 312,865,380 
8 02601 中國太保 125,313,970 162,277,670 287,591,640 
9 00288 萬洲國際 37,035,630 231,549,675 268,585,305 
10 00175 吉利汽車 71,644,840 137,196,820 208,841,660 

1 00700 騰訊控股 193,574,100 96,702,220 290,276,320 
2 00788 中國鐵塔 42,568,600 167,740,100 210,308,700 
3 00288 萬洲國際 51,035,290 142,380,955 193,416,245 
4 01918 融創中國 64,525,600 70,221,000 134,746,600 
5 01336 新華保險 28,336,165 86,030,330 114,366,495 
6 00175 吉利汽車 51,798,780 59,771,660 111,570,440 
7 02238 廣汽集團 21,127,920 69,513,752 90,641,672 
8 00817 中國金茂 28,872,260 51,244,280 80,116,540 
9 01776 廣發証券 47,170,980 31,169,202 78,340,182 
10 03968 招商銀行 62,703,525 4,873,000 67,576,525 
