1 02318 中國平安 303,670,075 199,977,125 503,647,200 
2 00700 騰訊控股 300,586,480 73,366,200 373,952,680 
3 00939 建設銀行 341,145,890 15,773,770 356,919,660 
4 03968 招商銀行 154,965,575 11,070,000 166,035,575 
5 02382 舜宇光學科技 101,090,390 53,666,250 154,756,640 
6 01299 友邦保險 101,584,360 25,356,070 126,940,430 
7 01918 融創中國 67,582,700 53,414,450 120,997,150 
8 01398 工商銀行 105,142,680 3,251,860 108,394,540 
9 01177 中國生物製藥 51,643,010 25,200,730 76,843,740 
10 01336 新華保險 24,752,005 46,197,170 70,949,175 

1 00939 建設銀行 140,341,090 3,617,460 143,958,550 
2 00700 騰訊控股 97,414,080 23,700,100 121,114,180 
3 02382 舜宇光學科技 74,763,295 10,083,860 84,847,155 
4 00763 中興通訊 67,527,426 10,391,712 77,919,138 
5 01398 工商銀行 70,782,970 2,932,520 73,715,490 
6 06030 中信証券 5,403,760 50,623,650 56,027,410 
7 06098 碧桂園服務 1,875,800 52,545,220 54,421,020 
8 02020 安踏體育 3,001,550 47,111,700 50,113,250 
9 01918 融創中國 13,412,550 31,762,000 45,174,550 
10 00981 中芯國際 30,071,660 10,373,310 40,444,970 
