1 01918 融創中國 177,686,500 148,574,050 326,260,550 
2 06030 中信証券 77,882,010 229,104,490 306,986,500 
3 00939 建設銀行 23,888,990 273,872,610 297,761,600 
4 02318 中國平安 162,036,425 25,580,875 187,617,300 
5 02238 廣汽集團 67,386,780 108,288,098 175,674,878 
6 02601 中國太保 144,680,100 12,835,460 157,515,560 
7 02328 中國財險 64,538,360 91,381,850 155,920,210 
8 00586 海螺創業 42,470,225 112,510,600 154,980,825 
9 00700 騰訊控股 49,422,060 103,722,360 153,144,420 
10 02018 瑞聲科技 4,999,625 108,559,000 113,558,625 

1 00763 中興通訊 164,806,670 158,955,890 323,762,560 
2 01918 融創中國 105,283,250 56,838,350 162,121,600 
3 00700 騰訊控股 28,353,220 88,325,920 116,679,140 
4 03883 中國奧園 73,488,510 35,429,030 108,917,540 
5 00288 萬洲國際 57,935,610 19,069,905 77,005,515 
6 01317 楓葉教育 30,427,580 41,141,880 71,569,460 
7 00939 建設銀行 36,215,360 33,696,540 69,911,900 
8 01044 恒安國際 67,386,300 1,599,925 68,986,225 
9 06869 長飛光纖光纜 37,778,825 29,243,800 67,022,625 
10 02208 金風科技 38,226,636 25,900,944 64,127,580 
