1 00939 建設銀行 527,905,900 753,692,670 1,281,598,570 
2 00175 吉利汽車 256,330,160 175,492,312 431,822,472 
3 00700 騰訊控股 184,248,380 164,412,640 348,661,020 
4 01918 融創中國 76,541,100 235,210,500 311,751,600 
5 00981 中芯國際 112,901,085 76,950,804 189,851,889 
6 01177 中國生物製藥 73,715,680 100,196,416 173,912,096 
7 02382 舜宇光學科技 99,528,100 64,201,020 163,729,120 
8 02318 中國平安 120,650,900 34,541,225 155,192,125 
9 06886 - 66,935,900 68,307,016 135,242,916 
10 03968 招商銀行 20,559,775 114,502,075 135,061,850 

1 00763 中興通訊 502,429,460 365,415,920 867,845,380 
2 00700 騰訊控股 56,528,740 192,615,640 249,144,380 
3 00857 中國石油股份 179,551,440 17,485,920 197,037,360 
4 00981 中芯國際 125,789,745 66,014,215 191,803,960 
5 01177 中國生物製藥 55,393,480 101,612,070 157,005,550 
6 01951 錦欣生殖 135,232,360 7,801,680 143,034,040 
7 00939 建設銀行 43,237,230 70,019,730 113,256,960 
8 01573 南方能源 60,963,260 38,802,620 99,765,880 
9 01093 石藥集團 31,679,000 67,101,800 98,780,800 
10 02318 中國平安 10,998,400 80,725,450 91,723,850 
