1 00939 建設銀行 849,532,390 23,923,980 873,456,370 
2 00700 騰訊控股 483,277,160 143,219,990 626,497,150 
3 02601 中國太保 68,664,870 252,378,680 321,043,550 
4 02318 中國平安 189,081,300 100,063,150 289,144,450 
5 01398 工商銀行 175,356,910 24,245,090 199,602,000 
6 01177 中國生物製藥 132,043,700 55,925,930 187,969,630 
7 02382 舜宇光學科技 138,821,430 30,879,610 169,701,040 
8 01918 融創中國 90,027,250 75,509,850 165,537,100 
9 00175 吉利汽車 135,146,900 27,380,680 162,527,580 
10 00966 中國太平 115,812,772 46,292,788 162,105,560 

1 00700 騰訊控股 185,139,920 59,599,880 244,739,800 
2 01177 中國生物製藥 15,552,000 115,360,220 130,912,220 
3 02208 金風科技 66,711,518 61,471,697 128,183,215 
4 01918 融創中國 82,674,400 31,127,250 113,801,650 
5 02020 安踏體育 93,664,500 19,118,850 112,783,350 
6 02319 蒙牛乳業 101,929,250 10,171,400 112,100,650 
7 00175 吉利汽車 85,966,680 19,198,240 105,164,920 
8 02382 舜宇光學科技 89,565,860 15,156,440 104,722,300 
9 01093 石藥集團 54,841,320 34,650,480 89,491,800 
10 02601 中國太保 12,981,210 68,069,570 81,050,780 
