1 01398 工商銀行 519,635,460 93,286,440 612,921,900 
2 00939 建設銀行 418,986,550 3,539,270 422,525,820 
3 00981 中芯國際 166,523,660 96,211,044 262,734,704 
4 00700 騰訊控股 204,544,040 54,743,780 259,287,820 
5 02388 中銀香港 1,032,775 257,528,325 258,561,100 
6 03988 中國銀行 205,745,890 23,647,000 229,392,890 
7 01918 融創中國 80,797,400 60,298,700 141,096,100 
8 03968 招商銀行 69,238,600 45,107,325 114,345,925 
9 02318 中國平安 65,980,175 37,065,500 103,045,675 
10 01093 石藥集團 13,030,000 87,409,200 100,439,200 

1 00700 騰訊控股 62,928,900 62,118,860 125,047,760 
2 00981 中芯國際 68,558,585 52,000,610 120,559,195 
3 00763 中興通訊 37,362,790 50,390,260 87,753,050 
4 01336 新華保險 14,508,245 49,020,950 63,529,195 
5 01918 融創中國 11,428,350 45,339,850 56,768,200 
6 00966 中國太平 19,244,426 22,711,320 41,955,746 
7 01579 頤海國際 37,016,500 3,398,350 40,414,850 
8 02186 綠葉製藥 17,386,865 18,201,210 35,588,075 
9 02319 蒙牛乳業 34,662,100 642,000 35,304,100 
10 00388 香港交易所 9,155,740 25,680,500 34,836,240 
