1 00939 建設銀行 400,908,850 2,095,659,916 2,496,568,766 
2 00700 騰訊控股 240,239,360 1,325,225,879 1,565,465,239 
3 01398 工商銀行 551,297,340 410,458,167 961,755,507 
4 02628 中國人壽 833,916,450 59,884,600 893,801,050 
5 06030 中信証券 618,054,575 212,606,800 830,661,375 
6 02318 中國平安 515,535,500 66,096,575 581,632,075 
7 00998 中信銀行 128,715,050 435,150,150 563,865,200 
8 01336 新華保險 281,209,305 162,647,920 443,857,225 
9 02601 中國太保 259,566,730 180,985,250 440,551,980 
10 01918 融創中國 168,241,600 261,254,550 429,496,150 

1 00763 中興通訊 419,089,220 394,331,450 813,420,670 
2 01336 新華保險 340,496,340 104,859,395 445,355,735 
3 06030 中信証券 234,744,450 107,924,175 342,668,625 
4 00700 騰訊控股 130,788,120 207,621,240 338,409,360 
5 06881 中國銀河 247,342,505 86,348,655 333,691,160 
6 01339 中國人民保險集團 205,035,240 102,805,980 307,841,220 
7 01398 工商銀行 185,111,260 48,721,560 233,832,820 
8 06886 - 209,593,028 11,766,724 221,359,752 
9 00939 建設銀行 156,495,300 64,123,370 220,618,670 
10 06066 中信建投証券 100,629,075 97,168,205 197,797,280 
