1 00939 建設銀行 361,892,930 529,306,337 891,199,267 
2 03968 招商銀行 97,596,125 398,460,725 496,056,850 
3 01398 工商銀行 234,947,430 62,330,690 297,278,120 
4 00700 騰訊控股 188,627,020 61,909,782 250,536,802 
5 02318 中國平安 114,891,325 74,149,737 189,041,062 
6 01288 農業銀行 67,656,340 28,523,470 96,179,810 
7 02020 安踏體育 34,793,300 48,527,555 83,320,855 
8 01109 華潤置地 68,898,000 2,907,262 71,805,262 
9 01088 中國神華 21,411,200 50,037,320 71,448,520 
10 01918 融創中國 19,021,500 43,131,400 62,152,900 

1 00700 騰訊控股 157,958,940 27,366,220 185,325,160 
2 00763 中興通訊 84,705,070 51,014,550 135,719,620 
3 02238 廣汽集團 79,415,500 1,463,340 80,878,840 
4 03998 波司登 42,934,340 36,892,860 79,827,200 
5 02331 李寧 4,928,675 65,403,750 70,332,425 
6 01918 融創中國 40,158,800 25,019,800 65,178,600 
7 00939 建設銀行 54,664,560 4,767,220 59,431,780 
8 01398 工商銀行 29,905,940 24,606,080 54,512,020 
9 01548 金斯瑞生物科技 19,112,600 28,749,400 47,862,000 
10 03968 招商銀行 39,943,475 1,628,075 41,571,550 
