1 00700 騰訊控股 880,851,420 197,538,900 1,078,390,320 
2 01398 工商銀行 514,024,350 161,406,110 675,430,460 
3 03988 中國銀行 70,693,040 357,427,250 428,120,290 
4 00939 建設銀行 97,787,040 321,520,656 419,307,696 
5 02318 中國平安 264,206,200 63,069,925 327,276,125 
6 00175 吉利汽車 111,108,720 176,212,640 287,321,360 
7 01918 融創中國 69,184,600 210,572,950 279,757,550 
8 01288 農業銀行 73,231,100 189,901,069 263,132,169 
9 00288 萬洲國際 162,621,605 92,761,315 255,382,920 
10 02601 中國太保 123,228,770 85,354,160 208,582,930 

1 00700 騰訊控股 774,619,300 115,670,260 890,289,560 
2 01336 新華保險 23,777,120 176,395,185 200,172,305 
3 00788 中國鐵塔 80,226,960 76,753,300 156,980,260 
4 01918 融創中國 73,971,200 82,572,350 156,543,550 
5 00763 中興通訊 23,774,570 118,185,040 141,959,610 
6 00288 萬洲國際 32,201,035 90,845,460 123,046,495 
7 02318 中國平安 96,200,975 17,696,557 113,897,532 
8 03968 招商銀行 99,694,475 415,725 100,110,200 
9 00939 建設銀行 30,779,620 68,126,210 98,905,830 
10 02628 中國人壽 303,020 84,446,140 84,749,160 
