1 01398 工商銀行 788,570,050 3,301,780 791,871,830 
2 00939 建設銀行 581,873,800 43,634,960 625,508,760 
3 00700 騰訊控股 317,893,780 165,954,600 483,848,380 
4 00388 香港交易所 279,373,080 2,389,300 281,762,380 
5 01918 融創中國 128,350,050 152,538,350 280,888,400 
6 01288 農業銀行 142,261,290 72,760,590 215,021,880 
7 03988 中國銀行 23,703,650 177,798,493 201,502,143 
8 02382 舜宇光學科技 48,369,520 152,691,875 201,061,395 
9 02880 大連港 1,606,880 189,759,936 191,366,816 
10 02318 中國平安 56,646,375 118,038,950 174,685,325 

1 00763 中興通訊 192,964,090 118,247,040 311,211,130 
2 00700 騰訊控股 196,651,660 74,667,180 271,318,840 
3 01299 友邦保險 112,894,730 107,486,420 220,381,150 
4 00939 建設銀行 173,560,580 9,925,510 183,486,090 
5 01398 工商銀行 100,738,360 32,312,930 133,051,290 
6 00388 香港交易所 98,886,560 11,203,540 110,090,100 
7 01918 融創中國 54,616,500 50,316,450 104,932,950 
8 00788 中國鐵塔 30,579,080 72,066,480 102,645,560 
9 02601 中國太保 44,373,960 35,913,630 80,287,590 
10 02318 中國平安 46,252,250 17,130,125 63,382,375 
