1 00939 建設銀行 842,555,910 822,454,290 1,665,010,200 
2 02382 舜宇光學科技 600,235,740 136,169,240 736,404,980 
3 00700 騰訊控股 188,075,120 159,319,840 347,394,960 
4 03968 招商銀行 8,876,475 321,728,950 330,605,425 
5 01398 工商銀行 151,995,480 116,278,380 268,273,860 
6 02313 申洲國際 253,279,550 4,059,840 257,339,390 
7 00175 吉利汽車 67,985,560 126,025,660 194,011,220 
8 01177 中國生物製藥 102,295,640 70,979,320 173,274,960 
9 02601 中國太保 50,332,750 112,914,340 163,247,090 
10 00981 中芯國際 121,550,110 35,688,360 157,238,470 

1 00700 騰訊控股 64,058,760 162,086,360 226,145,120 
2 02382 舜宇光學科技 102,962,310 96,525,150 199,487,460 
3 00354 中國軟件國際 92,680,900 52,581,360 145,262,260 
4 01573 南方能源 76,803,200 67,881,720 144,684,920 
5 00981 中芯國際 124,796,060 19,668,130 144,464,190 
6 00763 中興通訊 66,221,070 70,749,239 136,970,309 
7 01177 中國生物製藥 78,055,500 12,503,840 90,559,340 
8 00388 香港交易所 57,987,140 14,560,620 72,547,760 
9 02318 中國平安 14,261,850 52,483,475 66,745,325 
10 01558 東陽光藥 38,511,290 26,844,690 65,355,980 
