1 00700 騰訊控股 1,501,930,960 713,898,410 2,215,829,370 
2 00939 建設銀行 612,719,830 792,059,600 1,404,779,430 
3 01918 融創中國 416,571,100 437,670,550 854,241,650 
4 01398 工商銀行 195,921,800 560,991,960 756,913,760 
5 03328 交通銀行 464,082,980 30,595,550 494,678,530 
6 00175 吉利汽車 434,056,720 44,470,000 478,526,720 
7 00883 中國海洋石油 332,626,080 111,903,820 444,529,900 
8 03988 中國銀行 308,244,030 126,969,028 435,213,058 
9 00586 海螺創業 149,010,150 218,311,525 367,321,675 
10 01088 中國神華 55,466,690 298,973,620 354,440,310 

1 00700 騰訊控股 288,335,100 113,931,540 402,266,640 
2 01339 中國人民保險集團 53,960,030 310,227,690 364,187,720 
3 01918 融創中國 167,908,700 177,028,050 344,936,750 
4 02208 金風科技 109,055,756 52,079,148 161,134,904 
5 00763 中興通訊 61,058,100 79,479,180 140,537,280 
6 01336 新華保險 83,419,185 52,158,580 135,577,765 
7 01776 廣發証券 103,463,884 29,975,928 133,439,812 
8 00966 中國太平 84,820,090 48,422,740 133,242,830 
9 06066 中信建投証券 68,650,885 42,426,900 111,077,785 
10 00175 吉利汽車 100,421,880 10,516,300 110,938,180 
