1 00939 建設銀行 472,693,850 30,447,720 503,141,570 
2 00700 騰訊控股 359,306,340 100,979,084 460,285,424 
3 01398 工商銀行 322,254,460 11,494,980 333,749,440 
4 02318 中國平安 152,578,800 107,206,350 259,785,150 
5 00388 香港交易所 140,829,960 104,372,760 245,202,720 
6 02382 舜宇光學科技 116,908,300 110,811,910 227,720,210 
7 01918 融創中國 91,503,400 124,872,050 216,375,450 
8 06030 中信証券 135,880,210 79,447,790 215,328,000 
9 01299 友邦保險 190,967,400 6,693,270 197,660,670 
10 01093 石藥集團 101,602,600 76,968,147 178,570,747 

1 00700 騰訊控股 330,958,340 88,170,860 419,129,200 
2 02318 中國平安 115,581,475 83,854,350 199,435,825 
3 00763 中興通訊 147,466,008 37,897,114 185,363,122 
4 02382 舜宇光學科技 83,063,760 21,609,570 104,673,330 
5 00285 比亞迪電子 73,510,630 14,916,660 88,427,290 
6 00939 建設銀行 20,372,910 67,657,440 88,030,350 
7 01177 中國生物製藥 65,789,670 17,280,950 83,070,620 
8 01918 融創中國 34,309,150 46,651,100 80,960,250 
9 01299 友邦保險 69,905,960 2,923,620 72,829,580 
10 00388 香港交易所 66,889,420 2,368,240 69,257,660 
