1 00175 吉利汽車 411,943,440 588,796,420 1,000,739,860 
2 00939 建設銀行 136,461,400 839,670,320 976,131,720 
3 02318 中國平安 599,466,800 86,283,525 685,750,325 
4 02601 中國太保 317,963,820 104,872,070 422,835,890 
5 01918 融創中國 184,585,550 150,969,900 335,555,450 
6 00288 萬洲國際 274,627,265 37,178,465 311,805,730 
7 01336 新華保險 157,808,565 63,036,260 220,844,825 
8 00700 騰訊控股 53,301,680 166,923,380 220,225,060 
9 00998 中信銀行 108,505,690 105,112,580 213,618,270 
10 00425 敏實集團 54,507,200 112,272,200 166,779,400 

1 00175 吉利汽車 287,477,900 110,279,160 397,757,060 
2 01211 比亞迪股份 224,087,625 89,937,700 314,025,325 
3 01918 融創中國 81,761,150 72,731,550 154,492,700 
4 02318 中國平安 95,933,525 5,401,425 101,334,950 
5 00288 萬洲國際 71,568,185 21,161,020 92,729,205 
6 01299 友邦保險 31,678,190 60,832,676 92,510,866 
7 01398 工商銀行 63,540,970 22,755,580 86,296,550 
8 00763 中興通訊 39,158,240 46,903,240 86,061,480 
9 02208 金風科技 25,576,010 59,957,659 85,533,669 
10 01336 新華保險 53,234,495 29,758,765 82,993,260 
