1 01030 新城發展控股 404,115,320 1,056,419,080 1,460,534,400 
2 01918 融創中國 51,276,550 228,576,750 279,853,300 
3 00700 騰訊控股 86,164,140 146,062,320 232,226,460 
4 01336 新華保險 90,063,475 84,076,920 174,140,395 
5 00175 吉利汽車 127,274,580 34,474,400 161,748,980 
6 00939 建設銀行 49,926,260 93,281,460 143,207,720 
7 01093 石藥集團 47,344,360 86,207,360 133,551,720 
8 03323 中國建材 72,834,700 51,182,320 124,017,020 
9 02318 中國平安 66,486,900 55,347,000 121,833,900 
10 01109 華潤置地 89,584,800 28,067,800 117,652,600 

1 01030 新城發展控股 157,702,920 451,031,180 608,734,100 
2 03883 中國奧園 57,905,960 115,905,360 173,811,320 
3 02202 萬科企業 132,635,040 13,816,975 146,452,015 
4 00700 騰訊控股 33,952,980 97,004,040 130,957,020 
5 01918 融創中國 20,873,450 88,714,050 109,587,500 
6 00268 金蝶國際 33,446,320 66,115,980 99,562,300 
7 03323 中國建材 85,658,660 11,797,120 97,455,780 
8 00175 吉利汽車 8,454,260 66,281,060 74,735,320 
9 01177 中國生物製藥 42,216,980 17,799,530 60,016,510 
10 01579 頤海國際 24,484,200 31,188,050 55,672,250 
