1 00939 建設銀行 492,129,990 57,616,740 549,746,730 
2 00700 騰訊控股 238,452,460 192,698,220 431,150,680 
3 01398 工商銀行 320,696,310 7,951,510 328,647,820 
4 01093 石藥集團 127,162,280 135,724,537 262,886,817 
5 02318 中國平安 137,184,050 94,841,375 232,025,425 
6 02382 舜宇光學科技 134,011,610 94,047,700 228,059,310 
7 01918 融創中國 113,049,100 114,581,300 227,630,400 
8 02269 藥明生物 103,355,000 41,102,275 144,457,275 
9 00291 華潤啤酒 67,349,900 73,180,400 140,530,300 
10 03988 中國銀行 103,416,690 9,302,690 112,719,380 

1 00700 騰訊控股 201,477,480 160,866,760 362,344,240 
2 02382 舜宇光學科技 190,324,290 37,931,550 228,255,840 
3 00941 中國移動 193,887,875 1,013,475 194,901,350 
4 00762 中國聯通 96,676,200 1,111,120 97,787,320 
5 01093 石藥集團 43,488,600 53,836,560 97,325,160 
6 00939 建設銀行 67,083,450 29,896,300 96,979,750 
7 01398 工商銀行 39,807,430 55,881,770 95,689,200 
8 00005 匯豐控股 2,956,580 82,171,080 85,127,660 
9 02269 藥明生物 70,865,075 2,128,675 72,993,750 
10 01177 中國生物製藥 58,494,020 13,341,550 71,835,570 
