1 00939 建設銀行 90,883,180 521,831,910 612,715,090 
2 06030 中信証券 336,137,920 44,618,130 380,756,050 
3 00700 騰訊控股 48,883,000 306,180,900 355,063,900 
4 02318 中國平安 254,345,850 32,229,900 286,575,750 
5 06886 - 153,715,568 94,585,008 248,300,576 
6 01336 新華保險 125,048,210 106,940,216 231,988,426 
7 00966 中國太平 148,022,800 60,200,570 208,223,370 
8 01918 融創中國 51,174,450 133,143,700 184,318,150 
9 03988 中國銀行 162,286,100 18,141,540 180,427,640 
10 00981 中芯國際 66,250,510 112,156,358 178,406,868 

1 00763 中興通訊 172,465,800 219,628,470 392,094,270 
2 06030 中信証券 110,117,260 50,906,910 161,024,170 
3 00700 騰訊控股 34,349,880 59,241,300 93,591,180 
4 00175 吉利汽車 69,122,160 20,806,820 89,928,980 
5 02001 新高教集團 45,619,130 44,181,930 89,801,060 
6 03908 中金公司 77,662,240 11,140,392 88,802,632 
7 06881 中國銀河 67,105,080 18,535,920 85,641,000 
8 00354 中國軟件國際 46,146,940 37,559,880 83,706,820 
9 01088 中國神華 14,706,300 68,664,260 83,370,560 
10 02018 瑞聲科技 48,840,075 31,547,150 80,387,225 
