1 00939 建設銀行 765,137,310 6,511,540 771,648,850 
2 00700 騰訊控股 203,457,440 120,661,100 324,118,540 
3 01918 融創中國 152,892,350 155,209,600 308,101,950 
4 01177 中國生物製藥 158,125,720 113,139,180 271,264,900 
5 00175 吉利汽車 146,040,680 67,217,260 213,257,940 
6 02382 舜宇光學科技 194,602,190 14,813,370 209,415,560 
7 00425 敏實集團 26,570,500 138,548,100 165,118,600 
8 02601 中國太保 104,092,690 56,626,120 160,718,810 
9 01398 工商銀行 149,553,000 1,985,090 151,538,090 
10 01299 友邦保險 107,218,350 10,158,020 117,376,370 

1 01918 融創中國 55,452,700 88,844,700 144,297,400 
2 00700 騰訊控股 93,137,240 23,236,660 116,373,900 
3 00175 吉利汽車 71,347,180 36,014,080 107,361,260 
4 00939 建設銀行 100,361,440 2,171,030 102,532,470 
5 01579 頤海國際 34,870,900 59,721,900 94,592,800 
6 00285 比亞迪電子 43,906,040 47,468,640 91,374,680 
7 01368 特步國際 43,244,795 45,484,620 88,729,415 
8 02601 中國太保 74,089,740 5,398,600 79,488,340 
9 01211 比亞迪股份 52,901,650 17,964,800 70,866,450 
10 01530 三生製藥 7,176,300 62,604,710 69,781,010 
