1 01918 融創中國 495,501,000 305,154,950 800,655,950 
2 02318 中國平安 633,654,025 65,842,050 699,496,075 
3 00939 建設銀行 42,377,890 354,569,550 396,947,440 
4 00700 騰訊控股 135,485,760 247,289,300 382,775,060 
5 00175 吉利汽車 84,035,620 199,159,120 283,194,740 
6 03968 招商銀行 217,403,025 53,774,200 271,177,225 
7 00288 萬洲國際 166,128,770 65,768,480 231,897,250 
8 01336 新華保險 115,956,305 54,483,820 170,440,125 
9 00817 中國金茂 133,093,860 29,021,040 162,114,900 
10 01398 工商銀行 105,471,440 50,818,430 156,289,870 

1 01918 融創中國 211,972,350 152,452,500 364,424,850 
2 00288 萬洲國際 294,946,740 28,163,930 323,110,670 
3 02318 中國平安 256,671,925 37,758,625 294,430,550 
4 00817 中國金茂 58,908,280 101,440,880 160,349,160 
5 00763 中興通訊 70,995,210 81,935,010 152,930,220 
6 01336 新華保險 33,788,755 114,014,865 147,803,620 
7 00700 騰訊控股 61,722,740 73,426,240 135,148,980 
8 02319 蒙牛乳業 3,260,400 119,679,150 122,939,550 
9 00966 中國太平 8,743,130 108,891,710 117,634,840 
10 00268 金蝶國際 5,326,520 110,363,070 115,689,590 
