1 00939 建設銀行 540,862,420 53,910,790 594,773,210 
2 01398 工商銀行 521,205,880 52,585,010 573,790,890 
3 00700 騰訊控股 109,207,440 93,492,840 202,700,280 
4 01088 中國神華 159,302,130 31,786,230 191,088,360 
5 02628 中國人壽 833,740 170,820,540 171,654,280 
6 02318 中國平安 11,210,725 130,041,200 141,251,925 
7 01093 石藥集團 80,486,440 54,561,760 135,048,200 
8 00966 中國太平 5,991,520 89,737,420 95,728,940 
9 01787 山東黃金 69,678,525 21,382,037 91,060,562 
10 00345 - 85,515,000 1,456,100 86,971,100 

1 03998 波司登 74,546,200 60,184,380 134,730,580 
2 00939 建設銀行 108,279,490 2,082,620 110,362,110 
3 03968 招商銀行 35,860,825 47,393,050 83,253,875 
4 02202 萬科企業 62,024,750 5,909,675 67,934,425 
5 01787 山東黃金 37,169,012 20,520,175 57,689,187 
6 01177 中國生物製藥 44,757,470 7,338,590 52,096,060 
7 02628 中國人壽 473,240 49,656,642 50,129,882 
8 01776 廣發証券 32,060,304 13,004,280 45,064,584 
9 01548 金斯瑞生物科技 20,657,800 23,448,600 44,106,400 
10 00700 騰訊控股 24,932,140 18,821,940 43,754,080 
