1 00939 建設銀行 43,266,170 544,177,780 587,443,950 
2 01398 工商銀行 22,654,410 313,842,290 336,496,700 
3 00700 騰訊控股 195,385,240 71,854,980 267,240,220 
4 01918 融創中國 81,856,650 103,347,700 185,204,350 
5 00981 中芯國際 100,164,595 79,493,655 179,658,250 
6 00175 吉利汽車 147,605,160 20,070,360 167,675,520 
7 00753 中國國航 128,222,540 12,989,980 141,212,520 
8 02328 中國財險 92,894,540 27,279,580 120,174,120 
9 02238 廣汽集團 86,324,580 27,860,008 114,184,588 
10 00857 中國石油股份 71,437,320 37,100,400 108,537,720 

1 00763 中興通訊 100,464,088 128,255,504 228,719,592 
2 00700 騰訊控股 99,948,120 92,533,400 192,481,520 
3 06030 中信証券 162,572,950 15,391,970 177,964,920 
4 01918 融創中國 33,533,000 76,233,150 109,766,150 
5 01558 東陽光藥 55,675,360 44,521,000 100,196,360 
6 06886 - 92,867,372 3,053,524 95,920,896 
7 02238 廣汽集團 42,156,400 45,348,300 87,504,700 
8 01211 比亞迪股份 58,532,475 24,979,575 83,512,050 
9 02601 中國太保 75,851,310 1,309,160 77,160,470 
10 01928 金沙中國有限公司 68,609,360 2,980,700 71,590,060 
