1 02318 中國平安 62,863,100 436,080,600 498,943,700 
2 00700 騰訊控股 107,933,840 184,781,520 292,715,360 
3 02328 中國財險 219,944,560 52,553,240 272,497,800 
4 01918 融創中國 66,524,300 54,520,050 121,044,350 
5 02020 安踏體育 87,236,450 20,016,700 107,253,150 
6 03888 金山軟件 19,888,960 79,812,040 99,701,000 
7 00939 建設銀行 84,977,200 3,148,280 88,125,480 
8 02331 李寧 70,573,820 1,051,210 71,625,030 
9 01030 新城發展控股 38,762,100 30,573,340 69,335,440 
10 02601 中國太保 33,253,170 31,367,760 64,620,930 

1 02662 承興國際控股 267,024,120 288,561,460 555,585,580 
2 00996 嘉年華國際 47,692,360 54,844,220 102,536,580 
3 00700 騰訊控股 48,171,360 43,912,120 92,083,480 
4 02202 萬科企業 76,565,430 5,784,090 82,349,520 
5 01918 融創中國 26,759,600 39,215,100 65,974,700 
6 00763 中興通訊 17,479,290 40,503,440 57,982,730 
7 03323 中國建材 27,860,320 15,530,900 43,391,220 
8 02269 藥明生物 35,890,575 6,763,775 42,654,350 
9 01030 新城發展控股 20,857,100 20,713,220 41,570,320 
10 01177 中國生物製藥 36,060,780 4,381,760 40,442,540 
