1 00175 吉利汽車 24,593,260 227,220,820 251,814,080 
2 00700 騰訊控股 82,439,360 169,201,300 251,640,660 
3 02382 舜宇光學科技 26,561,605 123,754,675 150,316,280 
4 00388 香港交易所 43,222,800 78,930,763 122,153,563 
5 00966 中國太平 75,395,770 41,190,730 116,586,500 
6 06886 - 84,435,984 28,316,832 112,752,816 
7 02318 中國平安 66,607,075 40,510,400 107,117,475 
8 02238 廣汽集團 77,211,380 26,307,896 103,519,276 
9 02899 紫金礦業 39,345,320 63,555,120 102,900,440 
10 00941 中國移動 98,742,725 3,039,125 101,781,850 

1 01787 山東黃金 105,247,200 32,708,425 137,955,625 
2 01776 廣發証券 78,464,814 47,061,934 125,526,748 
3 06066 中信建投証券 24,976,265 95,028,715 120,004,980 
4 00700 騰訊控股 57,157,420 58,874,160 116,031,580 
5 00763 中興通訊 74,893,670 32,057,380 106,951,050 
6 02202 萬科企業 75,774,945 10,208,315 85,983,260 
7 00883 中國海洋石油 74,878,020 3,170,140 78,048,160 
8 00002 中電控股 23,192,250 50,079,575 73,271,825 
9 01918 融創中國 13,131,700 52,789,650 65,921,350 
10 01109 華潤置地 47,285,200 1,953,200 49,238,400 
