1 00939 建設銀行 709,024,030 565,830,970 1,274,855,000 
2 01398 工商銀行 602,593,260 37,908,510 640,501,770 
3 00586 海螺創業 151,786,925 168,321,400 320,108,325 
4 00700 騰訊控股 135,135,220 179,932,740 315,067,960 
5 01918 融創中國 131,727,550 132,424,550 264,152,100 
6 03988 中國銀行 229,887,620 24,158,070 254,045,690 
7 02328 中國財險 64,098,200 163,061,330 227,159,530 
8 02601 中國太保 101,281,500 113,263,730 214,545,230 
9 00288 萬洲國際 130,288,230 52,796,065 183,084,295 
10 06030 中信証券 73,553,930 94,032,900 167,586,830 

1 00700 騰訊控股 219,293,260 76,132,120 295,425,380 
2 00763 中興通訊 55,473,440 94,814,640 150,288,080 
3 00388 香港交易所 130,469,140 3,264,120 133,733,260 
4 01336 新華保險 113,391,955 18,467,310 131,859,265 
5 00939 建設銀行 83,334,420 34,030,000 117,364,420 
6 01918 融創中國 29,724,000 73,795,950 103,519,950 
7 02208 金風科技 65,134,796 34,185,244 99,320,040 
8 00175 吉利汽車 72,963,560 18,795,600 91,759,160 
9 00268 金蝶國際 33,661,780 44,362,970 78,024,750 
10 00799 - 64,360,940 10,313,780 74,674,720 
