1 00939 建設銀行 932,671,060 33,811,280 966,482,340 
2 02318 中國平安 135,756,575 450,882,450 586,639,025 
3 01918 融創中國 76,711,700 203,525,000 280,236,700 
4 03968 招商銀行 214,772,700 34,602,200 249,374,900 
5 01088 中國神華 128,315,210 86,341,170 214,656,380 
6 00700 騰訊控股 94,565,180 106,519,460 201,084,640 
7 01398 工商銀行 162,481,820 34,503,310 196,985,130 
8 00175 吉利汽車 98,165,600 36,426,920 134,592,520 
9 00288 萬洲國際 18,602,525 99,776,665 118,379,190 
10 00966 中國太平 15,880,640 101,373,200 117,253,840 

1 02382 舜宇光學科技 48,703,145 128,112,950 176,816,095 
2 03968 招商銀行 85,520,375 39,052,800 124,573,175 
3 00763 中興通訊 59,051,870 53,912,030 112,963,900 
4 00939 建設銀行 93,633,150 3,441,620 97,074,770 
5 02318 中國平安 52,180,250 20,186,550 72,366,800 
6 00700 騰訊控股 26,620,040 45,643,360 72,263,400 
7 03998 波司登 33,997,220 36,520,260 70,517,480 
8 01579 頤海國際 55,620,500 13,307,050 68,927,550 
9 01918 融創中國 22,008,850 45,960,250 67,969,100 
10 02202 萬科企業 64,287,820 2,167,185 66,455,005 
