1 00700 騰訊控股 56,185,480 302,019,920 358,205,400 
2 01336 新華保險 144,971,785 183,408,700 328,380,485 
3 00291 華潤啤酒 31,574,400 152,255,700 183,830,100 
4 02601 中國太保 17,014,890 139,778,870 156,793,760 
5 02388 中銀香港 14,025 150,011,325 150,025,350 
6 00175 吉利汽車 22,959,740 112,491,460 135,451,200 
7 03968 招商銀行 108,488,725 15,749,100 124,237,825 
8 00966 中國太平 30,439,128 93,518,838 123,957,966 
9 01918 融創中國 35,654,100 60,285,250 95,939,350 
10 02628 中國人壽 66,763,820 4,112,760 70,876,580 

1 00700 騰訊控股 47,081,500 328,195,000 375,276,500 
2 01336 新華保險 45,606,730 133,076,245 178,682,975 
3 00763 中興通訊 71,376,068 23,907,640 95,283,708 
4 01211 比亞迪股份 31,316,825 56,160,700 87,477,525 
5 03968 招商銀行 74,213,800 7,319,100 81,532,900 
6 01299 友邦保險 46,498,600 22,800,790 69,299,390 
7 02318 中國平安 48,025,375 19,286,225 67,311,600 
8 02601 中國太保 27,326,550 34,217,083 61,543,633 
9 02202 萬科企業 2,539,805 52,188,035 54,727,840 
10 00941 中國移動 40,535,900 13,136,525 53,672,425 
