1 00939 建設銀行 944,335,280 142,518,210 1,086,853,490 
2 00700 騰訊控股 762,171,280 135,399,400 897,570,680 
3 02318 中國平安 337,515,925 126,460,025 463,975,950 
4 01918 融創中國 157,258,800 114,409,950 271,668,750 
5 01177 中國生物製藥 210,175,440 31,943,960 242,119,400 
6 00288 萬洲國際 160,594,180 74,886,245 235,480,425 
7 02269 藥明生物 177,357,425 22,705,925 200,063,350 
8 06030 中信証券 46,769,100 126,168,320 172,937,420 
9 01398 工商銀行 171,197,620 1,498,440 172,696,060 
10 00005 匯豐控股 170,023,860 2,365,570 172,389,430 

1 00700 騰訊控股 252,442,640 34,299,220 286,741,860 
2 02382 舜宇光學科技 241,075,710 7,710,805 248,786,515 
3 00241 阿里健康 72,156,020 70,555,260 142,711,280 
4 02601 中國太保 46,410,940 95,341,300 141,752,240 
5 00285 比亞迪電子 62,027,830 64,699,130 126,726,960 
6 01787 山東黃金 37,823,152 84,345,082 122,168,234 
7 00763 中興通訊 90,750,904 29,611,286 120,362,190 
8 02269 藥明生物 75,798,425 31,634,750 107,433,175 
9 01177 中國生物製藥 60,194,300 39,056,160 99,250,460 
10 01093 石藥集團 42,724,040 55,652,760 98,376,800 
