1 00939 建設銀行 1,002,308,060 575,344,620 1,577,652,680 
2 01299 友邦保險 26,887,880 261,045,510 287,933,390 
3 00700 騰訊控股 141,190,320 139,635,240 280,825,560 
4 02382 舜宇光學科技 219,311,700 60,046,220 279,357,920 
5 02018 瑞聲科技 198,089,000 53,585,125 251,674,125 
6 03888 金山軟件 179,557,680 71,997,340 251,555,020 
7 01177 中國生物製藥 89,550,680 114,452,680 204,003,360 
8 03968 招商銀行 2,948,525 146,481,125 149,429,650 
9 01918 融創中國 25,603,400 104,328,350 129,931,750 
10 03333 中國恒大 13,418,180 104,294,860 117,713,040 

1 01573 南方能源 155,659,060 144,340,520 299,999,580 
2 00700 騰訊控股 53,358,020 153,152,740 206,510,760 
3 00763 中興通訊 94,776,080 106,778,020 201,554,100 
4 02382 舜宇光學科技 113,067,960 49,551,740 162,619,700 
5 03888 金山軟件 85,400,060 40,873,220 126,273,280 
6 02018 瑞聲科技 86,349,275 25,003,950 111,353,225 
7 01088 中國神華 24,255,030 50,165,420 74,420,450 
8 03988 中國銀行 1,916,330 72,339,040 74,255,370 
9 02601 中國太保 56,822,330 9,297,610 66,119,940 
10 01288 農業銀行 22,537,020 42,278,860 64,815,880 
