1 00700 騰訊控股 593,937,140 585,233,800 1,179,170,940 
2 00939 建設銀行 897,962,980 172,272,810 1,070,235,790 
3 01918 融創中國 129,060,900 422,273,050 551,333,950 
4 03988 中國銀行 217,655,970 204,290,448 421,946,418 
5 00175 吉利汽車 251,412,420 89,809,390 341,221,810 
6 06886 - 142,105,036 194,656,988 336,762,024 
7 06030 中信証券 97,155,100 198,025,268 295,180,368 
8 01398 工商銀行 207,257,910 56,477,550 263,735,460 
9 03908 中金公司 52,141,096 186,850,440 238,991,536 
10 02318 中國平安 10,974,625 217,607,575 228,582,200 

1 01918 融創中國 68,870,100 208,142,000 277,012,100 
2 01336 新華保險 24,696,415 241,614,435 266,310,850 
3 06066 中信建投証券 89,790,070 124,418,675 214,208,745 
4 06030 中信証券 49,482,600 153,793,990 203,276,590 
5 00700 騰訊控股 110,010,480 84,422,340 194,432,820 
6 00763 中興通訊 47,365,510 110,495,090 157,860,600 
7 06881 中國銀河 35,109,165 91,898,260 127,007,425 
8 00268 金蝶國際 53,811,310 64,567,800 118,379,110 
9 01339 中國人民保險集團 25,511,460 86,404,800 111,916,260 
10 02208 金風科技 42,518,808 58,064,320 100,583,128 
