1 00939 建設銀行 922,092,940 1,240,564,229 2,162,657,169 
2 00700 騰訊控股 477,135,100 154,653,262 631,788,362 
3 01918 融創中國 80,203,300 304,844,050 385,047,350 
4 02318 中國平安 169,772,500 173,846,925 343,619,425 
5 01299 友邦保險 282,860,080 17,761,760 300,621,840 
6 01336 新華保險 79,937,300 148,837,240 228,774,540 
7 00175 吉利汽車 10,987,220 208,248,040 219,235,260 
8 01398 工商銀行 103,446,780 110,557,040 214,003,820 
9 00388 香港交易所 197,521,600 2,238,920 199,760,520 
10 03908 中金公司 102,882,128 94,770,312 197,652,440 

1 00700 騰訊控股 213,638,460 142,258,140 355,896,600 
2 01918 融創中國 148,998,250 46,927,850 195,926,100 
3 00763 中興通訊 102,804,288 81,588,728 184,393,016 
4 01398 工商銀行 103,059,900 47,066,320 150,126,220 
5 01776 廣發証券 80,445,298 67,431,640 147,876,938 
6 03323 中國建材 27,770,120 85,554,420 113,324,540 
7 00939 建設銀行 93,750,860 14,056,290 107,807,150 
8 06030 中信証券 90,132,300 17,670,330 107,802,630 
9 02382 舜宇光學科技 62,866,120 26,466,630 89,332,750 
10 01787 山東黃金 62,097,792 26,347,272 88,445,064 
