1 00700 騰訊控股 178,344,300 113,915,840 292,260,140 
2 01918 融創中國 94,811,100 110,115,650 204,926,750 
3 02601 中國太保 152,278,480 38,504,680 190,783,160 
4 01030 新城發展控股 73,098,720 90,362,600 163,461,320 
5 01093 石藥集團 8,670,920 119,379,840 128,050,760 
6 02318 中國平安 76,941,475 49,342,675 126,284,150 
7 01299 友邦保險 92,228,130 3,020,350 95,248,480 
8 02777 富力地產 1,248,792 93,460,376 94,709,168 
9 01336 新華保險 32,986,625 57,369,635 90,356,260 
10 01088 中國神華 65,433,260 21,821,770 87,255,030 

1 02601 中國太保 171,863,760 3,580,210 175,443,970 
2 00700 騰訊控股 59,790,740 59,409,380 119,200,120 
3 01030 新城發展控股 31,683,560 67,806,620 99,490,180 
4 02628 中國人壽 68,903,870 3,773,850 72,677,720 
5 02662 承興國際控股 38,130,760 29,674,770 67,805,530 
6 01448 福壽園 38,515,350 27,696,260 66,211,610 
7 01776 廣發証券 61,227,712 1,836,542 63,064,254 
8 00763 中興通訊 16,057,710 39,108,460 55,166,170 
9 01336 新華保險 47,030,085 7,431,315 54,461,400 
10 03323 中國建材 33,188,980 16,112,580 49,301,560 
