1 01918 融創中國 239,994,000 326,099,900 566,093,900 
2 01398 工商銀行 166,461,910 178,985,800 345,447,710 
3 00700 騰訊控股 245,294,500 70,294,820 315,589,320 
4 00788 中國鐵塔 171,436,220 92,579,180 264,015,400 
5 00175 吉利汽車 197,496,980 63,038,660 260,535,640 
6 00939 建設銀行 22,302,510 204,669,886 226,972,396 
7 01336 新華保險 39,989,205 163,252,865 203,242,070 
8 00291 華潤啤酒 68,523,100 37,620,100 106,143,200 
9 01288 農業銀行 4,142,260 82,068,830 86,211,090 
10 00688 中國海外發展 20,396,200 51,455,293 71,851,493 

1 00939 建設銀行 247,952,140 3,742,950 251,695,090 
2 00175 吉利汽車 27,376,580 128,034,420 155,411,000 
3 00700 騰訊控股 21,547,180 65,150,300 86,697,480 
4 00966 中國太平 49,424,770 35,425,510 84,850,280 
5 01558 東陽光藥 35,483,480 46,866,420 82,349,900 
6 01093 石藥集團 26,563,760 51,973,280 78,537,040 
7 01918 融創中國 41,268,450 35,319,550 76,588,000 
8 01336 新華保險 56,780,100 7,800,205 64,580,305 
9 02208 金風科技 7,541,556 42,865,638 50,407,194 
10 01966 中駿集團控股 16,918,570 31,192,520 48,111,090 
