1 00939 建設銀行 1,248,541,920 1,011,486,930 2,260,028,850 
2 00005 匯豐控股 704,324,120 1,207,040 705,531,160 
3 00700 騰訊控股 416,594,860 147,382,140 563,977,000 
4 01299 友邦保險 260,350,310 236,641,300 496,991,610 
5 03968 招商銀行 7,644,550 474,944,400 482,588,950 
6 01918 融創中國 118,831,300 220,815,350 339,646,650 
7 00941 中國移動 120,539,625 96,752,293 217,291,918 
8 02318 中國平安 83,523,725 68,381,500 151,905,225 
9 01109 華潤置地 145,013,200 6,807,800 151,821,000 
10 02628 中國人壽 77,246,800 49,818,100 127,064,900 

1 00700 騰訊控股 170,443,660 122,436,440 292,880,100 
2 02382 舜宇光學科技 33,052,630 174,657,090 207,709,720 
3 01918 融創中國 82,868,750 76,913,350 159,782,100 
4 06030 中信証券 63,056,050 27,396,920 90,452,970 
5 02238 廣汽集團 68,766,020 3,343,600 72,109,620 
6 01573 南方能源 35,786,700 28,892,360 64,679,060 
7 00763 中興通訊 25,019,390 39,308,250 64,327,640 
8 02331 李寧 35,201,125 21,422,175 56,623,300 
9 01833 平安好醫生 49,982,535 5,977,545 55,960,080 
10 02601 中國太保 37,176,040 4,288,130 41,464,170 
