1 00939 建設銀行 33,470,170 861,236,170 894,706,340 
2 00700 騰訊控股 230,757,360 476,420,930 707,178,290 
3 00586 海螺創業 199,264,825 207,211,075 406,475,900 
4 03988 中國銀行 125,511,340 207,472,020 332,983,360 
5 01398 工商銀行 44,781,320 281,389,940 326,171,260 
6 06886 - 103,866,460 131,503,596 235,370,056 
7 02318 中國平安 194,018,700 9,341,700 203,360,400 
8 01918 融創中國 39,071,600 150,748,500 189,820,100 
9 03908 中金公司 66,745,464 111,029,136 177,774,600 
10 02238 廣汽集團 30,218,620 114,286,840 144,505,460 

1 00763 中興通訊 114,079,780 161,676,200 275,755,980 
2 00700 騰訊控股 74,541,000 49,956,400 124,497,400 
3 00788 中國鐵塔 19,629,660 93,512,240 113,141,900 
4 02319 蒙牛乳業 18,567,650 67,253,350 85,821,000 
5 00175 吉利汽車 72,387,400 13,064,640 85,452,040 
6 01288 農業銀行 55,020,670 28,999,730 84,020,400 
7 00902 華能國際電力股份 50,689,120 25,934,420 76,623,540 
8 00939 建設銀行 53,391,340 18,520,760 71,912,100 
9 06886 - 55,111,852 16,625,292 71,737,144 
10 01918 融創中國 41,241,650 30,380,650 71,622,300 
