1 01918 融創中國 249,891,450 250,334,550 500,226,000 
2 00700 騰訊控股 123,036,020 274,933,160 397,969,180 
3 01398 工商銀行 219,960,370 123,498,564 343,458,934 
4 00939 建設銀行 134,413,040 123,373,277 257,786,317 
5 02318 中國平安 187,169,975 19,561,925 206,731,900 
6 02382 舜宇光學科技 109,109,305 50,352,335 159,461,640 
7 01336 新華保險 93,887,210 48,563,270 142,450,480 
8 03988 中國銀行 98,503,530 23,363,250 121,866,780 
9 02768 佳源國際控股 65,092,400 52,518,420 117,610,820 
10 01088 中國神華 57,849,990 57,525,940 115,375,930 

1 00700 騰訊控股 94,423,360 180,557,480 274,980,840 
2 01918 融創中國 62,636,900 86,812,500 149,449,400 
3 00388 香港交易所 133,020,840 928,420 133,949,260 
4 02768 佳源國際控股 60,094,900 57,834,120 117,929,020 
5 00288 萬洲國際 54,641,495 50,282,820 104,924,315 
6 02208 金風科技 45,794,004 51,280,546 97,074,550 
7 02333 長城汽車 25,294,425 69,279,190 94,573,615 
8 03898 中車時代電氣 36,124,085 58,324,430 94,448,515 
9 00788 中國鐵塔 45,867,400 41,205,240 87,072,640 
10 01288 農業銀行 24,447,140 60,281,880 84,729,020 
