1 00700 騰訊控股 967,487,840 675,691,680 1,643,179,520 
2 01918 融創中國 422,140,550 406,597,550 828,738,100 
3 00939 建設銀行 322,570,430 88,303,980 410,874,410 
4 02318 中國平安 168,437,450 153,578,925 322,016,375 
5 01336 新華保險 121,953,220 108,990,161 230,943,381 
6 03968 招商銀行 139,344,975 67,537,100 206,882,075 
7 00388 香港交易所 178,057,300 723,380 178,780,680 
8 01288 農業銀行 107,916,080 64,472,980 172,389,060 
9 01398 工商銀行 157,593,950 11,693,010 169,286,960 
10 02328 中國財險 66,985,140 59,109,940 126,095,080 

1 00700 騰訊控股 251,686,900 105,235,300 356,922,200 
2 01918 融創中國 117,890,350 198,983,900 316,874,250 
3 00939 建設銀行 90,844,320 67,932,780 158,777,100 
4 01336 新華保險 24,775,420 72,832,540 97,607,960 
5 02318 中國平安 74,099,925 23,040,225 97,140,150 
6 00966 中國太平 68,592,480 18,076,700 86,669,180 
7 01299 友邦保險 76,808,670 9,302,230 86,110,900 
8 00763 中興通訊 37,694,760 42,349,660 80,044,420 
9 01177 中國生物製藥 45,517,710 30,823,250 76,340,960 
10 00175 吉利汽車 68,157,440 6,516,100 74,673,540 
