1 01398 工商銀行 815,759,330 101,357,820 917,117,150 
2 02601 中國太保 422,053,750 54,456,820 476,510,570 
3 00939 建設銀行 241,407,750 42,603,372 284,011,122 
4 00700 騰訊控股 163,400,360 66,143,140 229,543,500 
5 02318 中國平安 186,922,750 22,693,400 209,616,150 
6 01336 新華保險 88,639,040 99,260,085 187,899,125 
7 00388 香港交易所 110,711,420 40,478,480 151,189,900 
8 00175 吉利汽車 36,369,020 107,034,440 143,403,460 
9 02328 中國財險 126,759,760 10,602,660 137,362,420 
10 00425 敏實集團 78,462,500 26,612,300 105,074,800 

1 00700 騰訊控股 125,567,080 60,706,620 186,273,700 
2 01336 新華保險 150,331,650 19,874,650 170,206,300 
3 02318 中國平安 117,125,450 16,384,525 133,509,975 
4 02328 中國財險 93,942,240 904,620 94,846,860 
5 02601 中國太保 76,002,290 6,394,320 82,396,610 
6 00981 中芯國際 38,534,330 34,116,020 72,650,350 
7 00939 建設銀行 4,356,290 56,147,250 60,503,540 
8 01398 工商銀行 20,863,880 22,723,080 43,586,960 
9 00763 中興通訊 20,703,488 21,582,140 42,285,628 
10 02628 中國人壽 39,176,580 1,324,500 40,501,080 
