1 00700 騰訊控股 158,820,000 323,559,440 482,379,440 
2 02318 中國平安 243,368,500 183,216,225 426,584,725 
3 00288 萬洲國際 75,919,625 185,051,950 260,971,575 
4 00175 吉利汽車 218,146,660 28,052,700 246,199,360 
5 01918 融創中國 49,882,500 156,274,250 206,156,750 
6 00939 建設銀行 156,801,200 38,791,680 195,592,880 
7 03968 招商銀行 86,009,925 101,930,275 187,940,200 
8 03323 中國建材 87,145,800 86,895,720 174,041,520 
9 02382 舜宇光學科技 66,225,675 92,802,755 159,028,430 
10 01177 中國生物製藥 127,083,900 26,395,635 153,479,535 

1 01918 融創中國 93,997,750 195,340,600 289,338,350 
2 03323 中國建材 141,093,140 28,952,840 170,045,980 
3 00700 騰訊控股 100,088,040 53,319,360 153,407,400 
4 03998 波司登 48,172,460 78,231,160 126,403,620 
5 03883 中國奧園 95,961,900 29,676,600 125,638,500 
6 00763 中興通訊 52,532,030 62,929,810 115,461,840 
7 00175 吉利汽車 37,895,860 76,253,960 114,149,820 
8 00268 金蝶國際 76,670,290 32,777,370 109,447,660 
9 02318 中國平安 80,054,975 10,473,000 90,527,975 
10 03968 招商銀行 2,361,450 80,037,925 82,399,375 
