1 00700 騰訊控股 451,727,020 274,467,420 726,194,440 
2 01918 融創中國 107,838,500 155,871,600 263,710,100 
3 00175 吉利汽車 133,083,660 114,400,546 247,484,206 
4 00941 中國移動 119,575 205,194,650 205,314,225 
5 03968 招商銀行 18,984,675 183,527,225 202,511,900 
6 00788 中國鐵塔 185,737,420 2,866,720 188,604,140 
7 00288 萬洲國際 79,589,385 99,320,215 178,909,600 
8 00939 建設銀行 35,138,280 135,973,270 171,111,550 
9 02238 廣汽集團 60,546,100 77,283,683 137,829,783 
10 06030 中信証券 111,198,560 22,594,140 133,792,700 

1 00700 騰訊控股 108,804,920 155,699,080 264,504,000 
2 00175 吉利汽車 219,108,660 43,494,660 262,603,320 
3 02238 廣汽集團 219,203,300 13,899,040 233,102,340 
4 00386 中國石油化工股份 11,841,260 103,000,060 114,841,320 
5 00763 中興通訊 49,461,644 39,330,556 88,792,200 
6 01336 新華保險 11,008,925 76,724,200 87,733,125 
7 01211 比亞迪股份 31,018,150 52,307,675 83,325,825 
8 00939 建設銀行 21,894,400 52,699,110 74,593,510 
9 00966 中國太平 5,266,972 63,235,776 68,502,748 
10 01317 楓葉教育 21,937,280 42,808,340 64,745,620 
