1 03988 中國銀行 76,808,920 406,573,700 483,382,620 
2 00966 中國太平 198,853,360 178,179,100 377,032,460 
3 01398 工商銀行 141,348,100 220,887,120 362,235,220 
4 00700 騰訊控股 191,788,380 139,532,460 331,320,840 
5 00939 建設銀行 63,344,090 231,704,630 295,048,720 
6 02318 中國平安 141,673,950 135,461,125 277,135,075 
7 02196 復星醫藥 56,104,875 156,478,300 212,583,175 
8 01918 融創中國 74,452,100 133,900,650 208,352,750 
9 00175 吉利汽車 17,047,640 178,826,660 195,874,300 
10 00288 萬洲國際 65,100,005 118,461,830 183,561,835 

1 00700 騰訊控股 286,368,100 106,470,240 392,838,340 
2 00968 信義光能 66,321,380 59,670,280 125,991,660 
3 01918 融創中國 21,334,750 89,438,050 110,772,800 
4 02666 環球醫療 28,550,270 73,455,730 102,006,000 
5 00763 中興通訊 27,262,600 72,387,890 99,650,490 
6 01336 新華保險 19,266,520 57,777,785 77,044,305 
7 01558 東陽光藥 50,354,240 24,350,140 74,704,380 
8 02628 中國人壽 20,140,250 44,812,200 64,952,450 
9 00388 香港交易所 9,708,340 50,406,240 60,114,580 
10 06169 宇華教育 45,403,560 13,140,180 58,543,740 
