1 00700 騰訊控股 502,799,440 192,713,340 695,512,780 
2 00699 神州租車 354,446,830 2,729,600 357,176,430 
3 01177 中國生物製藥 183,044,510 56,326,590 239,371,100 
4 02768 佳源國際控股 144,710,360 87,859,780 232,570,140 
5 02328 中國財險 42,554,880 156,806,200 199,361,080 
6 01918 融創中國 84,763,450 74,588,990 159,352,440 
7 01336 新華保險 76,007,760 74,922,125 150,929,885 
8 00939 建設銀行 35,530,000 108,222,680 143,752,680 
9 01093 石藥集團 122,592,440 9,199,040 131,791,480 
10 01398 工商銀行 60,228,110 62,612,090 122,840,200 

1 02768 佳源國際控股 190,826,840 106,614,340 297,441,180 
2 00700 騰訊控股 42,880,600 107,468,060 150,348,660 
3 01088 中國神華 999,210 141,519,490 142,518,700 
4 01177 中國生物製藥 59,129,680 62,480,950 121,610,630 
5 01918 融創中國 63,925,600 53,487,350 117,412,950 
6 01093 石藥集團 72,314,040 19,663,160 91,977,200 
7 01336 新華保險 65,752,205 12,802,780 78,554,985 
8 00388 香港交易所 67,261,880 8,095,940 75,357,820 
9 00016 新鴻基地產 71,669,450 249,300 71,918,750 
10 02238 廣汽集團 12,590,860 58,223,220 70,814,080 
