1 00939 建設銀行 276,297,320 701,290,770 977,588,090 
2 00288 萬洲國際 582,782,135 23,637,685 606,419,820 
3 01918 融創中國 180,120,450 395,149,500 575,269,950 
4 00175 吉利汽車 166,410,600 154,425,580 320,836,180 
5 00966 中國太平 233,627,370 61,519,750 295,147,120 
6 00700 騰訊控股 98,638,640 182,992,800 281,631,440 
7 03968 招商銀行 211,381,175 29,354,400 240,735,575 
8 02601 中國太保 185,552,310 8,257,300 193,809,610 
9 00670 中國東方航空股份 112,764,280 67,633,760 180,398,040 
10 01336 新華保險 96,915,380 82,231,255 179,146,635 

1 01918 融創中國 92,310,300 170,407,900 262,718,200 
2 00700 騰訊控股 115,645,820 138,538,140 254,183,960 
3 00175 吉利汽車 132,347,140 89,525,300 221,872,440 
4 03301 融信中國 83,254,320 113,516,110 196,770,430 
5 01548 金斯瑞生物科技 65,742,400 94,283,720 160,026,120 
6 00189 東岳集團 113,797,990 45,700,870 159,498,860 
7 00817 中國金茂 117,281,800 33,594,060 150,875,860 
8 02318 中國平安 23,326,175 113,448,925 136,775,100 
9 03323 中國建材 108,562,320 26,589,980 135,152,300 
10 03333 中國恒大 38,999,700 64,949,800 103,949,500 
