1 01030 新城發展控股 147,524,660 284,934,560 432,459,220 
2 00700 騰訊控股 51,378,700 238,799,140 290,177,840 
3 02318 中國平安 111,383,250 79,367,000 190,750,250 
4 01918 融創中國 52,287,300 115,525,600 167,812,900 
5 00939 建設銀行 40,739,840 116,752,770 157,492,610 
6 00175 吉利汽車 102,685,580 44,931,240 147,616,820 
7 03323 中國建材 69,376,720 72,802,180 142,178,900 
8 03888 金山軟件 110,919,580 31,148,440 142,068,020 
9 01336 新華保險 93,718,095 19,237,810 112,955,905 
10 00288 萬洲國際 38,389,415 61,874,810 100,264,225 

1 01030 新城發展控股 159,676,820 332,099,380 491,776,200 
2 00700 騰訊控股 67,885,780 136,343,640 204,229,420 
3 02202 萬科企業 114,333,295 21,487,390 135,820,685 
4 03323 中國建材 102,721,980 7,628,440 110,350,420 
5 01336 新華保險 7,505,725 99,244,050 106,749,775 
6 00763 中興通訊 66,026,260 39,334,220 105,360,480 
7 01918 融創中國 55,565,100 39,183,800 94,748,900 
8 03998 波司登 60,767,740 18,125,420 78,893,160 
9 03883 中國奧園 23,384,540 42,358,840 65,743,380 
10 03888 金山軟件 48,157,140 4,359,040 52,516,180 
