1 01918 融創中國 122,087,600 188,865,150 310,952,750 
2 02318 中國平安 183,334,025 82,288,200 265,622,225 
3 00700 騰訊控股 97,687,020 61,251,740 158,938,760 
4 00175 吉利汽車 96,674,840 48,049,320 144,724,160 
5 01030 新城發展控股 77,273,960 66,819,000 144,092,960 
6 02186 綠葉製藥 34,509,570 88,316,540 122,826,110 
7 03333 中國恒大 67,484,700 20,886,550 88,371,250 
8 02328 中國財險 37,907,820 43,610,820 81,518,640 
9 00902 華能國際電力股份 64,868,740 10,581,420 75,450,160 
10 00388 香港交易所 70,770,520 2,371,240 73,141,760 

1 02662 承興國際控股 147,410,360 170,518,000 317,928,360 
2 01918 融創中國 37,591,950 40,206,550 77,798,500 
3 03883 中國奧園 30,209,880 44,308,920 74,518,800 
4 01093 石藥集團 21,026,240 48,701,560 69,727,800 
5 03301 融信中國 37,611,070 31,898,650 69,509,720 
6 01030 新城發展控股 35,216,500 30,476,060 65,692,560 
7 03333 中國恒大 34,110,050 25,000,800 59,110,850 
8 02202 萬科企業 52,816,255 6,277,355 59,093,610 
9 03323 中國建材 28,085,720 29,582,140 57,667,860 
10 00700 騰訊控股 35,379,400 21,676,940 57,056,340 
