1 00939 建設銀行 632,154,210 23,503,650 655,657,860 
2 00700 騰訊控股 283,635,360 130,579,660 414,215,020 
3 01336 新華保險 131,357,735 90,272,690 221,630,425 
4 02318 中國平安 158,072,300 20,595,650 178,667,950 
5 00388 香港交易所 147,434,620 5,023,760 152,458,380 
6 02601 中國太保 84,264,770 47,226,800 131,491,570 
7 01088 中國神華 43,196,660 35,092,460 78,289,120 
8 02628 中國人壽 31,945,700 44,638,450 76,584,150 
9 01093 石藥集團 64,564,800 11,871,240 76,436,040 
10 00288 萬洲國際 67,355,065 8,081,880 75,436,945 

1 00939 建設銀行 175,864,690 1,828,520 177,693,210 
2 00700 騰訊控股 65,007,740 59,249,240 124,256,980 
3 01336 新華保險 87,004,000 14,152,085 101,156,085 
4 02601 中國太保 82,370,940 13,094,000 95,464,940 
5 01579 頤海國際 21,011,750 59,209,850 80,221,600 
6 00817 中國金茂 7,239,780 71,713,020 78,952,800 
7 01398 工商銀行 49,409,850 2,191,820 51,601,670 
8 01717 澳優 5,164,640 42,819,440 47,984,080 
9 03888 金山軟件 38,152,540 604,520 38,757,060 
10 02318 中國平安 30,156,400 6,593,500 36,749,900 
