2017-11-09 9,699.43 6,503.00 3,196.43 127,677 83,966 43,711
2017-11-10 8,420.46 5,235.01 3,185.45 96,828 59,591 37,237
2017-11-13 11,013.70 6,948.84 4,064.86 130,839 75,380 55,459
2017-11-14 10,201.62 5,545.43 4,656.19 126,294 70,226 56,068
2017-11-15 10,194.27 5,564.17 4,630.10 117,705 68,273 49,432
2017-11-16 10,933.87 6,238.82 4,695.05 116,252 67,205 49,047
2017-11-17 12,052.85 7,228.48 4,824.37 134,875 77,634 57,241
2017-11-20 10,679.36 6,810.14 3,869.22 131,094 74,128 56,966
2017-11-21 15,057.55 8,159.54 6,898.01 156,006 81,018 74,988
2017-11-22 11,271.45 6,067.53 5,203.92 129,534 65,636 63,898
2017-11-23 10,985.02 5,438.77 5,546.25 106,614 54,283 52,331
2017-11-24 9,262.43 4,347.56 4,914.87 111,852 54,699 57,153
2017-11-27 10,237.47 5,131.11 5,106.36 117,896 62,464 55,432
2017-11-28 8,327.09 5,161.09 3,166.00 98,771 56,277 42,494
2017-11-29 7,777.59 4,950.02 2,827.57 99,567 59,276 40,291
2017-11-30 9,917.06 5,501.71 4,415.35 111,646 60,316 51,330
2017-12-01 8,724.47 4,510.85 4,213.62 94,717 50,938 43,779
2017-12-04 9,005.17 5,677.91 3,327.26 120,332 76,645 43,687
2017-12-05 7,730.84 4,790.04 2,940.80 102,307 56,293 46,014
2017-12-06 15,598.90 8,143.42 7,455.48 164,199 86,144 78,055
2017-12-07 10,812.39 5,600.86 5,211.53 128,520 70,900 57,620
2017-12-08 9,476.43 6,531.24 2,945.19 123,636 85,316 38,320
2017-12-11 9,873.06 6,666.08 3,206.98 139,150 97,944 41,206
2017-12-12 7,265.04 4,683.97 2,581.07 94,039 62,614 31,425
2017-12-13 8,691.63 4,894.88 3,796.75 106,880 59,860 47,020
2017-12-14 8,426.91 4,550.69 3,876.22 116,743 61,199 55,544
2017-12-15 7,947.15 4,837.67 3,109.48 104,843 63,438 41,405
2017-12-18 8,593.95 4,196.20 4,397.75 104,492 52,795 51,697
2017-12-19 9,684.26 4,288.56 5,395.70 139,786 66,741 73,045
2017-12-20 9,125.80 4,184.10 4,941.70 125,986 57,694 68,292
2017-12-21 8,406.45 4,951.65 3,454.80 114,915 68,346 46,569
2017-12-22 7,472.14 4,058.26 3,413.88 97,975 56,699 41,276
2017-12-25 - - - - - -
2017-12-26 - - - - - -
2017-12-27 10,608.89 5,566.34 5,042.55 119,917 57,959 61,958
2017-12-28 9,192.98 5,180.95 4,012.03 120,111 68,580 51,531
2017-12-29 9,862.77 5,970.46 3,892.31 118,548 76,271 42,277
2018-01-01 - - - - - -
2018-01-02 13,183.82 7,496.92 5,686.90 151,482 91,216 60,266
2018-01-03 12,158.75 6,853.04 5,305.71 155,609 86,343 69,266
2018-01-04 10,557.64 6,592.41 3,965.23 129,763 73,530 56,233
2018-01-05 11,548.36 6,511.35 5,037.01 138,949 79,941 59,008
2018-01-08 14,609.47 8,409.69 6,199.78 160,275 89,532 70,743
2018-01-09 11,567.63 6,923.01 4,644.62 142,924 80,533 62,391
2018-01-10 14,397.35 8,845.52 5,551.83 169,653 91,298 78,355
2018-01-11 11,010.71 5,845.33 5,165.38 140,014 74,912 65,102
2018-01-12 9,972.57 5,743.06 4,229.51 125,041 70,755 54,286
2018-01-15 14,659.66 7,655.41 7,004.25 171,926 88,144 83,782
2018-01-16 15,024.38 7,858.18 7,166.20 136,970 72,689 64,281
2018-01-17 14,740.08 8,532.38 6,207.70 150,444 77,746 72,698
2018-01-18 16,785.84 10,361.69 6,424.15 176,034 106,744 69,290
2018-01-19 14,983.45 9,700.08 5,283.37 178,191 108,030 70,161
2018-01-22 15,288.47 10,077.28 5,211.19 174,996 108,640 66,356
2018-01-23 16,900.69 10,296.05 6,604.64 161,140 95,559 65,581
2018-01-24 15,498.66 8,511.51 6,987.15 162,403 89,066 73,337
2018-01-25 16,805.56 9,370.43 7,435.13 181,300 106,335 74,965
2018-01-26 13,866.72 7,658.34 6,208.38 141,459 82,251 59,208
2018-01-29 16,597.73 9,727.45 6,870.28 181,371 107,765 73,606
2018-01-30 13,385.88 7,625.04 5,760.84 163,383 90,723 72,660
2018-01-31 15,372.07 10,237.16 5,134.91 200,140 131,292 68,848
2018-02-01 14,097.34 7,809.94 6,287.40 168,829 90,661 78,168
2018-02-02 13,369.86 8,883.83 4,486.03 160,052 108,581 51,471
2018-02-05 20,061.62 14,039.68 6,021.94 179,100 125,766 53,334
2018-02-06 30,526.83 18,757.36 11,769.47 259,336 150,399 108,937
2018-02-07 25,630.20 12,074.22 13,555.98 241,262 122,049 119,213
2018-02-08 15,856.68 8,468.11 7,388.57 174,627 84,126 90,501
2018-02-09 28,298.88 14,135.54 14,163.34 266,915 123,878 143,037
2018-02-12 14,115.51 9,212.69 4,902.82 168,968 106,780 62,188
2018-02-13 0.00 0.00 0.00 0 0 0
2018-02-14 0.00 0.00 0.00 0 0 0
2018-02-15 0.00 0.00 0.00 0 0 0
2018-02-16 - - - - - -
2018-02-19 - - - - - -
2018-02-20 0.00 0.00 0.00 0 0 0
2018-02-21 0.00 0.00 0.00 0 0 0
2018-02-22 13,793.99 8,646.86 5,147.13 184,019 118,033 65,986
2018-02-23 9,514.02 5,631.36 3,882.66 138,806 84,199 54,607
2018-02-26 12,762.37 6,637.43 6,124.94 139,234 76,571 62,663
2018-02-27 12,197.31 4,024.74 8,172.57 145,568 58,855 86,713
2018-02-28 9,347.86 3,655.68 5,692.18 126,336 53,013 73,323
2018-03-01 8,077.43 4,919.36 3,158.07 93,909 55,344 38,565
2018-03-02 8,892.10 4,392.61 4,499.49 127,006 61,990 65,016
2018-03-05 8,712.91 4,065.42 4,647.49 126,448 66,445 60,003
2018-03-06 10,086.33 5,289.93 4,796.40 146,632 77,494 69,138
2018-03-07 8,332.80 4,323.91 4,008.89 136,496 68,172 68,324
2018-03-08 9,574.38 5,116.51 4,457.87 124,191 71,035 53,156
2018-03-09 8,718.26 4,501.91 4,216.35 103,704 60,102 43,602
2018-03-12 10,362.63 4,643.16 5,719.47 128,209 67,334 60,875
2018-03-13 6,982.32 3,262.81 3,719.51 106,100 58,151 47,949
2018-03-14 6,102.90 2,910.00 3,192.90 90,982 46,192 44,790
2018-03-15 7,041.04 3,546.59 3,494.45 98,468 51,487 46,981
2018-03-16 7,394.62 3,685.23 3,709.39 109,275 61,256 48,019
2018-03-19 6,194.56 3,092.80 3,101.76 92,080 45,875 46,205
2018-03-20 9,495.96 4,658.16 4,837.80 126,461 62,079 64,382
2018-03-21 13,245.16 6,150.64 7,094.52 142,519 70,526 71,993
2018-03-22 10,926.92 5,071.69 5,855.23 119,623 51,123 68,500
2018-03-23 21,228.56 9,050.37 12,178.19 198,463 74,709 123,754
2018-03-26 14,077.12 5,329.70 8,747.42 176,708 55,349 121,359
2018-03-27 11,162.20 5,753.72 5,408.48 144,070 69,911 74,159
2018-03-28 11,542.99 5,106.70 6,436.29 170,449 67,775 102,674
2018-03-29 11,852.46 6,021.69 5,830.77 171,942 74,762 97,180
2018-03-30 - - - - - -
2018-04-02 - - - - - -
2018-04-03 0.00 0.00 0.00 0 0 0
2018-04-04 0.00 0.00 0.00 0 0 0
2018-04-05 - - - - - -
2018-04-06 0.00 0.00 0.00 0 0 0
2018-04-09 11,708.60 4,898.53 6,810.07 187,528 74,571 112,957
2018-04-10 10,993.65 5,313.65 5,680.00 153,426 71,651 81,775
2018-04-11 10,215.55 5,205.17 5,010.38 148,380 75,890 72,490
2018-04-12 7,407.83 2,574.61 4,833.22 120,281 46,371 73,910
2018-04-13 5,769.73 2,357.27 3,412.46 95,193 43,474 51,719
2018-04-16 8,919.27 3,174.03 5,745.24 124,778 44,657 80,121
2018-04-17 9,315.98 4,020.32 5,295.66 131,729 67,894 63,835
2018-04-18 8,434.00 3,494.17 4,939.83 119,650 56,357 63,293
2018-04-19 8,771.76 4,393.24 4,378.52 109,977 58,697 51,280
2018-04-20 8,207.95 3,051.62 5,156.33 96,085 40,615 55,470
2018-04-23 6,541.71 2,512.05 4,029.66 98,100 39,723 58,377
2018-04-24 7,781.52 4,333.25 3,448.27 107,230 57,711 49,519
2018-04-25 7,966.26 4,077.72 3,888.54 101,497 53,711 47,786
2018-04-26 0.00 0.00 0.00 0 0 0
2018-04-27 0.00 0.00 0.00 0 0 0
2018-04-30 0.00 0.00 0.00 0 0 0
2018-05-01 - - - - - -
2018-05-02 10,039.63 4,521.13 5,518.50 131,156 55,327 75,829
2018-05-03 6,585.83 3,358.07 3,227.76 98,142 49,953 48,189
2018-05-04 5,280.96 2,458.92 2,822.04 80,480 37,370 43,110
2018-05-07 8,283.47 4,180.34 4,103.13 109,235 57,741 51,494
2018-05-08 8,960.86 5,528.32 3,432.54 108,502 60,630 47,872
2018-05-09 6,660.18 3,229.93 3,430.25 105,604 50,623 54,981
2018-05-10 8,187.48 4,524.68 3,662.80 111,581 55,391 56,190
2018-05-11 8,158.50 3,541.34 4,617.16 103,597 41,055 62,542
2018-05-14 10,113.47 4,098.77 6,014.70 120,522 58,257 62,265
2018-05-15 7,868.68 3,350.45 4,518.23 105,315 45,796 59,519
2018-05-16 6,497.94 3,413.41 3,084.53 102,065 54,082 47,983
2018-05-17 7,854.02 3,515.90 4,338.12 97,111 46,932 50,179
2018-05-18 6,837.10 3,433.56 3,403.54 100,733 47,446 53,287
2018-05-21 9,110.48 4,596.27 4,514.21 122,749 68,827 53,922
2018-05-22 - - - - - -
2018-05-23 8,608.09 3,800.34 4,807.75 126,017 55,552 70,465
2018-05-24 7,284.66 2,947.03 4,337.63 107,476 50,243 57,233
2018-05-25 8,501.02 2,930.69 5,570.33 109,284 46,005 63,279
2018-05-28 6,849.83 3,171.09 3,678.74 95,948 49,754 46,194
2018-05-29 8,187.95 3,568.18 4,619.77 115,208 55,610 59,598
2018-05-30 7,474.81 3,441.54 4,033.27 109,681 51,485 58,196
2018-05-31 7,621.83 3,195.97 4,425.86 116,573 50,382 66,191
2018-06-01 6,956.29 3,049.48 3,906.81 110,364 48,519 61,845
2018-06-04 7,186.01 3,268.02 3,917.99 102,327 43,710 58,617
2018-06-05 8,587.58 4,226.58 4,361.00 125,474 57,962 67,512
2018-06-06 6,980.80 2,990.97 3,989.83 102,459 46,352 56,107
2018-06-07 7,174.19 2,601.10 4,573.09 97,292 36,751 60,541
2018-06-08 8,298.62 2,598.02 5,700.60 121,119 40,174 80,945
2018-06-11 5,098.15 2,343.26 2,754.89 83,696 40,422 43,274
2018-06-12 7,724.23 4,114.30 3,609.93 118,502 58,938 59,564
2018-06-13 8,893.47 3,994.67 4,898.80 120,178 60,978 59,200
2018-06-14 8,332.02 3,353.30 4,978.72 107,695 52,114 55,581
2018-06-15 7,820.14 3,492.21 4,327.93 102,026 47,054 54,972
2018-06-18 - - - - - -
2018-06-19 9,885.38 4,327.60 5,557.78 135,383 61,873 73,510
2018-06-20 6,118.11 3,397.13 2,720.98 99,631 54,633 44,998
2018-06-21 7,873.23 3,690.70 4,182.53 102,991 52,893 50,098
2018-06-22 5,153.47 2,509.76 2,643.71 91,106 51,288 39,818
2018-06-25 6,733.84 3,338.88 3,394.96 121,231 61,430 59,801
2018-06-26 8,294.95 3,536.24 4,758.71 109,623 48,145 61,478
2018-06-27 8,060.54 3,471.20 4,589.34 118,553 50,811 67,742
2018-06-28 7,727.11 3,506.33 4,220.78 133,557 53,379 80,178
2018-06-29 9,613.37 4,879.94 4,733.43 120,750 61,242 59,508
2018-07-02 - - - - - -
2018-07-03 9,371.32 3,455.85 5,915.47 144,028 53,598 90,430
2018-07-04 5,484.31 2,232.75 3,251.56 81,512 32,908 48,604
2018-07-05 6,159.96 2,116.35 4,043.61 90,747 31,883 58,864
2018-07-06 5,317.70 2,298.35 3,019.35 90,541 40,586 49,955
2018-07-09 7,328.84 4,225.92 3,102.92 103,482 60,026 43,456
2018-07-10 5,936.75 3,188.67 2,748.08 79,686 42,129 37,557
2018-07-11 5,508.08 2,517.97 2,990.11 74,207 36,840 37,367
2018-07-12 9,020.75 5,762.24 3,258.51 109,777 64,287 45,490
2018-07-13 5,806.22 2,526.43 3,279.79 100,903 44,624 56,279
2018-07-16 4,124.13 1,554.56 2,569.57 67,476 32,296 35,180
2018-07-17 4,247.26 1,721.80 2,525.46 74,599 30,596 44,003
2018-07-18 4,490.23 1,970.60 2,519.63 62,606 27,940 34,666
2018-07-19 4,660.56 2,435.72 2,224.84 73,450 33,873 39,577
2018-07-20 8,886.54 5,468.14 3,418.40 104,859 55,855 49,004
2018-07-23 7,776.46 4,599.77 3,176.69 95,020 56,146 38,874
2018-07-24 8,942.37 4,729.91 4,212.46 135,103 71,412 63,691
2018-07-25 5,462.32 2,714.95 2,747.37 96,417 50,769 45,648
2018-07-26 5,023.18 2,007.45 3,015.73 83,738 39,523 44,215
2018-07-27 4,429.77 2,023.89 2,405.88 66,657 34,087 32,570
2018-07-30 5,471.32 2,216.04 3,255.28 91,478 43,138 48,340
2018-07-31 5,225.58 2,258.34 2,967.24 76,513 37,702 38,811
2018-08-01 7,128.68 2,556.44 4,572.24 99,590 41,737 57,853
2018-08-02 9,301.44 3,400.71 5,900.73 108,247 43,590 64,657
2018-08-03 8,267.03 4,325.08 3,941.95 104,479 44,916 59,563
2018-08-06 7,256.89 3,199.23 4,057.66 91,718 39,555 52,163
2018-08-07 7,021.12 3,146.11 3,875.01 107,712 53,232 54,480
2018-08-08 5,481.81 2,252.88 3,228.93 85,010 36,787 48,223
2018-08-09 7,085.75 3,976.71 3,109.04 94,492 47,446 47,046
2018-08-10 6,261.74 2,520.18 3,741.56 88,101 35,760 52,341
2018-08-13 5,296.77 3,084.33 2,212.44 69,926 36,375 33,551
2018-08-14 9,355.33 3,355.04 6,000.29 106,545 48,326 58,219
2018-08-15 8,092.68 3,548.04 4,544.64 109,159 50,865 58,294
2018-08-16 8,790.92 3,267.75 5,523.17 119,669 47,154 72,515
2018-08-17 6,837.61 3,016.77 3,820.84 88,180 37,940 50,240
2018-08-20 6,620.60 2,542.90 4,077.70 79,199 29,663 49,536
2018-08-21 6,624.92 2,758.33 3,866.59 101,437 43,296 58,141
2018-08-22 6,729.29 2,981.40 3,747.89 93,031 36,384 56,647
2018-08-23 5,373.59 2,239.75 3,133.84 73,691 28,873 44,818
2018-08-24 5,181.42 2,821.30 2,360.12 83,995 35,006 48,989
2018-08-27 7,562.85 3,633.34 3,929.51 106,100 48,820 57,280
2018-08-28 5,385.81 2,015.06 3,370.75 89,227 35,267 53,960
2018-08-29 5,855.06 2,202.37 3,652.69 87,408 33,473 53,935
2018-08-30 4,387.76 1,666.60 2,721.16 72,573 31,092 41,481
2018-08-31 6,448.55 3,203.66 3,244.89 97,322 42,929 54,393
2018-09-03 4,907.00 2,234.70 2,672.30 67,782 29,159 38,623
2018-09-04 3,766.87 2,052.43 1,714.44 62,313 29,169 33,144
2018-09-05 4,951.65 3,010.26 1,941.39 67,685 37,191 30,494
2018-09-06 5,341.20 2,903.40 2,437.80 81,844 41,845 39,999
2018-09-07 5,692.50 3,356.13 2,336.37 87,572 42,511 45,061
2018-09-10 4,814.22 2,683.35 2,130.87 74,704 37,101 37,603
2018-09-11 4,501.71 2,175.84 2,325.87 75,315 36,120 39,195
2018-09-12 5,509.32 2,782.02 2,727.30 83,171 39,059 44,112
2018-09-13 7,755.46 3,303.49 4,451.97 127,987 53,398 74,589
2018-09-14 5,174.29 2,648.00 2,526.29 84,582 40,581 44,001
2018-09-17 2,855.61 1,739.89 1,115.72 55,837 26,606 29,231
2018-09-18 5,163.30 2,789.08 2,374.22 93,465 37,981 55,484
2018-09-19 8,445.51 4,827.28 3,618.23 113,371 60,079 53,292
2018-09-20 0.00 0.00 0.00 0 0 0
2018-09-21 0.00 0.00 0.00 0 0 0
2018-09-24 0.00 0.00 0.00 0 0 0
2018-09-25 - - - - - -
2018-09-26 12,132.09 6,148.73 5,983.36 193,780 96,077 97,703
2018-09-27 0.00 0.00 0.00 0 0 0
2018-09-28 0.00 0.00 0.00 0 0 0
2018-10-01 - - - - - -
2018-10-02 0.00 0.00 0.00 0 0 0
2018-10-03 0.00 0.00 0.00 0 0 0
2018-10-04 0.00 0.00 0.00 0 0 0
2018-10-05 0.00 0.00 0.00 0 0 0
2018-10-08 8,453.52 4,223.19 4,230.33 136,813 66,418 70,395
2018-10-09 5,883.18 3,407.10 2,476.08 111,371 52,260 59,111
2018-10-10 6,269.71 3,542.33 2,727.38 111,671 50,330 61,341
2018-10-11 9,713.58 5,205.04 4,508.54 152,348 73,831 78,517
2018-10-12 7,132.44 4,314.84 2,817.60 109,812 60,353 49,459
2018-10-15 5,673.26 3,202.73 2,470.53 100,328 45,818 54,510
2018-10-16 5,824.79 2,794.21 3,030.58 105,096 39,669 65,427
2018-10-17 - - - - - -
2018-10-18 6,759.13 3,628.56 3,130.57 99,678 41,990 57,688
2018-10-19 6,994.75 4,622.72 2,372.03 103,938 53,030 50,908
2018-10-22 10,325.11 6,970.01 3,355.10 160,933 102,986 57,947
2018-10-23 5,642.00 2,488.46 3,153.54 96,403 44,075 52,328
2018-10-24 4,290.41 2,136.96 2,153.45 72,766 34,363 38,403
2018-10-25 6,161.90 3,472.45 2,689.45 110,261 49,795 60,466
2018-10-26 4,652.27 2,682.09 1,970.18 75,447 42,466 32,981
2018-10-29 6,886.93 2,442.94 4,443.99 93,256 34,381 58,875
2018-10-30 5,691.75 2,635.46 3,056.29 101,079 40,739 60,340
2018-10-31 5,331.36 2,564.94 2,766.42 95,098 38,810 56,288
2018-11-01 7,719.47 4,026.97 3,692.50 124,978 55,313 69,665
2018-11-02 11,882.32 6,426.46 5,455.86 157,196 79,285 77,911
2018-11-05 5,273.29 3,167.44 2,105.85 89,851 45,601 44,250
2018-11-06 4,762.86 2,390.73 2,372.13 77,144 32,488 44,656
2018-11-07 5,520.41 3,051.32 2,469.09 81,927 36,022 45,905
2018-11-08 4,365.41 1,651.21 2,714.20 81,946 28,338 53,608
2018-11-09 5,266.43 2,158.79 3,107.64 94,355 34,289 60,066
2018-11-12 3,340.10 1,963.18 1,376.92 58,171 32,392 25,779
2018-11-13 4,384.65 2,739.07 1,645.58 81,012 48,620 32,392
2018-11-14 3,736.03 1,710.55 2,025.48 78,204 34,001 44,203
2018-11-15 6,086.13 2,835.22 3,250.91 114,027 46,507 67,520
2018-11-16 4,790.39 2,493.04 2,297.35 105,317 47,865 57,452
2018-11-19 4,554.17 1,932.85 2,621.32 94,695 36,988 57,707
2018-11-20 4,190.85 1,815.39 2,375.46 81,509 32,482 49,027
2018-11-21 4,023.46 1,998.82 2,024.64 69,941 30,206 39,735
2018-11-22 3,719.78 1,472.38 2,247.40 77,789 27,135 50,654
2018-11-23 3,557.94 1,485.52 2,072.42 67,353 27,784 39,569
2018-11-26 3,530.90 1,233.70 2,297.20 69,368 27,147 42,221
2018-11-27 3,916.61 1,499.57 2,417.04 75,709 31,880 43,829
2018-11-28 4,308.20 1,778.76 2,529.44 92,552 32,911 59,641
2018-11-29 4,577.63 1,548.44 3,029.19 95,194 30,138 65,056
2018-11-30 3,338.51 1,395.68 1,942.83 81,257 28,846 52,411
2018-12-03 6,991.11 2,843.94 4,147.17 113,445 47,460 65,985
2018-12-04 3,953.55 1,824.22 2,129.33 86,228 36,217 50,011
2018-12-05 3,673.27 1,920.73 1,752.54 74,452 35,621 38,831
2018-12-06 5,032.79 2,647.22 2,385.57 89,677 48,742 40,935
2018-12-07 4,889.32 2,784.53 2,104.79 88,725 44,750 43,975
2018-12-10 4,288.63 2,253.49 2,035.14 86,527 43,742 42,785
2018-12-11 3,508.68 2,159.94 1,348.74 68,937 39,180 29,757
2018-12-12 3,810.10 1,615.97 2,194.13 70,539 28,976 41,563
2018-12-13 4,524.16 1,822.52 2,701.64 76,636 32,846 43,790
2018-12-14 4,004.50 2,004.03 2,000.47 75,618 34,606 41,012
2018-12-17 3,107.15 1,446.46 1,660.69 64,141 28,131 36,010
2018-12-18 3,814.21 2,156.17 1,658.04 77,850 43,903 33,947
2018-12-19 3,560.75 1,419.58 2,141.17 75,494 29,139 46,355
2018-12-20 4,457.06 2,592.32 1,864.74 69,846 36,591 33,255
2018-12-21 5,657.81 3,006.94 2,650.87 90,211 42,310 47,901
2018-12-24 4,257.93 3,033.53 1,224.40 44,052 24,454 19,598
2018-12-25 - - - - - -
2018-12-26 - - - - - -
2018-12-27 0.00 0.00 0.00 0 0 0
2018-12-28 0.00 0.00 0.00 0 0 0
2018-12-31 0.00 0.00 0.00 0 0 0
2019-01-01 - - - - - -
2019-01-02 4,165.67 1,754.72 2,410.95 88,108 34,852 53,256
2019-01-03 4,588.44 1,838.38 2,750.06 114,734 43,420 71,314
2019-01-04 5,413.43 2,706.16 2,707.27 108,868 52,508 56,360
2019-01-07 4,547.24 1,578.31 2,968.93 96,913 32,624 64,289
2019-01-08 3,621.94 1,628.77 1,993.17 81,803 34,293 47,510
2019-01-09 5,903.57 2,697.90 3,205.67 109,521 45,773 63,748
2019-01-10 5,216.66 2,143.58 3,073.08 112,173 42,516 69,657
2019-01-11 3,720.01 1,780.28 1,939.73 89,688 31,433 58,255
2019-01-14 3,531.42 1,511.23 2,020.19 76,597 30,342 46,255
2019-01-15 4,612.97 2,204.20 2,408.77 95,295 42,584 52,711
2019-01-16 5,511.48 2,965.79 2,545.69 108,779 49,234 59,545
2019-01-17 4,750.48 3,004.70 1,745.78 89,713 39,672 50,041
2019-01-18 5,514.97 2,984.95 2,530.02 112,249 53,851 58,398
2019-01-21 6,099.57 3,098.60 3,000.97 110,147 45,542 64,605
2019-01-22 4,589.49 2,414.37 2,175.12 86,873 33,676 53,197
2019-01-23 4,753.50 2,748.77 2,004.73 97,097 43,963 53,134
2019-01-24 5,190.63 2,402.15 2,788.48 113,574 48,611 64,963
2019-01-25 8,710.98 4,332.74 4,378.24 122,246 55,694 66,552
2019-01-28 6,147.98 2,841.39 3,306.59 102,474 45,243 57,231
2019-01-29 4,786.70 2,392.27 2,394.43 83,306 38,587 44,719
2019-01-30 6,233.20 2,979.52 3,253.68 105,144 48,141 57,003
2019-01-31 0.00 0.00 0.00 0 0 0
2019-02-01 0.00 0.00 0.00 0 0 0
2019-02-04 0.00 0.00 0.00 0 0 0
2019-02-05 - - - - - -
2019-02-06 - - - - - -
2019-02-07 - - - - - -
2019-02-08 0.00 0.00 0.00 0 0 0
2019-02-11 6,679.94 2,955.91 3,724.03 114,908 48,768 66,140
2019-02-12 7,190.71 3,695.55 3,495.16 124,711 60,453 64,258
2019-02-13 9,216.94 5,157.39 4,059.55 138,828 69,634 69,194
2019-02-14 6,374.10 3,079.28 3,294.82 109,299 50,496 58,803
2019-02-15 6,136.15 2,832.12 3,304.03 122,248 55,323 66,925
2019-02-18 6,368.16 3,260.12 3,108.04 112,086 67,781 44,305
2019-02-19 6,699.26 2,738.12 3,961.14 117,518 50,832 66,686
2019-02-20 8,976.01 3,904.99 5,071.02 139,570 62,116 77,454
2019-02-21 7,757.68 3,317.82 4,439.86 129,667 56,010 73,657
2019-02-22 8,349.92 4,268.28 4,081.64 124,535 60,292 64,243
2019-02-25 21,515.25 9,541.75 11,973.50 217,700 101,751 115,949
2019-02-26 12,691.89 4,524.65 8,167.24 170,742 68,534 102,208
2019-02-27 10,341.51 3,961.50 6,380.01 159,351 72,041 87,310
2019-02-28 8,447.48 3,370.91 5,076.57 119,680 47,258 72,422
2019-03-01 10,055.53 4,721.08 5,334.45 124,237 54,612 69,625
2019-03-04 17,112.99 9,785.65 7,327.34 192,078 101,531 90,547
2019-03-05 10,367.64 6,723.99 3,643.65 128,076 70,848 57,228
2019-03-06 10,578.87 6,225.03 4,353.84 135,522 72,210 63,312
2019-03-07 10,531.51 6,299.80 4,231.71 139,012 78,720 60,292
2019-03-08 11,783.39 5,317.95 6,465.44 181,135 72,963 108,172
2019-03-11 8,986.71 5,356.26 3,630.45 138,578 76,216 62,362
2019-03-12 8,760.57 4,654.79 4,105.78 134,763 66,645 68,118
2019-03-13 5,920.76 2,976.85 2,943.91 107,589 54,913 52,676
2019-03-14 5,838.28 2,568.67 3,269.61 103,710 45,937 57,773
2019-03-15 7,016.51 3,251.16 3,765.35 120,662 57,258 63,404
2019-03-18 11,222.69 5,227.48 5,995.21 165,902 79,895 86,007
2019-03-19 7,392.83 3,571.66 3,821.17 129,743 59,902 69,841
2019-03-20 7,456.91 3,742.35 3,714.56 138,260 68,216 70,044
2019-03-21 8,092.00 4,640.19 3,451.81 130,637 77,249 53,388
2019-03-22 8,001.68 4,195.39 3,806.29 127,837 65,133 62,704
2019-03-25 8,534.46 5,378.86 3,155.60 146,057 85,546 60,511
2019-03-26 6,057.00 3,159.93 2,897.07 112,455 58,996 53,459
2019-03-27 7,062.13 4,091.81 2,970.32 127,196 75,166 52,030
2019-03-28 6,234.41 2,937.82 3,296.59 117,175 57,304 59,871
2019-03-29 9,442.31 5,706.79 3,735.52 140,342 82,885 57,457
2019-04-01 10,241.77 5,538.63 4,703.14 168,921 89,193 79,728
2019-04-02 7,875.24 4,173.55 3,701.69 130,762 64,969 65,793
2019-04-03 8,953.88 4,747.75 4,206.13 142,534 75,997 66,537
2019-04-04 8,812.72 4,785.40 4,027.32 142,256 80,072 62,184
2019-04-05 - - - - - -
2019-04-08 9,616.95 4,927.08 4,689.87 143,184 71,928 71,256
2019-04-09 8,905.54 4,294.97 4,610.57 146,472 67,630 78,842
2019-04-10 8,583.26 4,488.47 4,094.79 141,149 75,476 65,673
2019-04-11 9,075.94 5,611.07 3,464.87 128,017 77,781 50,236
2019-04-12 6,300.53 3,333.29 2,967.24 107,051 56,403 50,648
2019-04-15 9,354.94 5,122.83 4,232.11 141,145 74,091 67,054
2019-04-16 9,801.79 5,209.89 4,591.90 147,124 78,410 68,714
2019-04-17 9,400.58 4,593.05 4,807.53 150,266 79,273 70,993
2019-04-18 8,014.93 4,584.52 3,430.41 112,671 63,471 49,200
2019-04-19 - - - - - -
2019-04-22 - - - - - -
2019-04-23 9,224.12 4,721.40 4,502.72 144,103 67,322 76,781
2019-04-24 6,254.12 3,115.64 3,138.48 109,691 53,220 56,471
2019-04-25 6,175.29 2,970.16 3,205.13 98,539 50,971 47,568
2019-04-26 5,052.29 2,319.24 2,733.05 97,532 47,131 50,401
2019-04-29 0.00 0.00 0.00 0 0 0
2019-04-30 0.00 0.00 0.00 0 0 0
2019-05-01 - - - - - -
2019-05-02 0.00 0.00 0.00 0 0 0
2019-05-03 0.00 0.00 0.00 0 0 0
2019-05-06 12,622.86 4,902.15 7,720.71 172,717 69,451 103,266
2019-05-07 7,217.00 3,262.40 3,954.60 121,652 62,771 58,881
2019-05-08 8,598.99 4,630.23 3,968.76 133,681 76,570 57,111
2019-05-09 8,939.47 3,759.69 5,179.78 138,255 71,633 66,622
2019-05-10 8,087.91 4,925.73 3,162.18 138,404 83,082 55,322
2019-05-13 - - - - - -
2019-05-14 6,825.06 4,452.44 2,372.62 146,815 93,247 53,568
2019-05-15 4,529.30 3,111.94 1,417.36 95,464 60,303 35,161
2019-05-16 5,828.36 4,131.59 1,696.77 104,550 65,714 38,836
2019-05-17 6,657.16 3,699.26 2,957.90 112,567 57,455 55,112
2019-05-20 7,191.85 3,697.85 3,494.00 110,687 59,300 51,387
2019-05-21 6,157.28 4,165.58 1,991.70 94,025 54,411 39,614
2019-05-22 5,222.09 3,388.57 1,833.52 93,937 54,182 39,755
2019-05-23 7,384.72 3,832.71 3,552.01 118,382 47,691 70,691
2019-05-24 4,472.33 2,601.52 1,870.81 79,711 42,947 36,764
2019-05-27 5,163.04 2,825.06 2,337.98 99,226 46,969 52,257
2019-05-28 5,721.76 3,886.21 1,835.55 91,925 53,777 38,148
2019-05-29 5,533.07 3,881.71 1,651.36 87,438 54,091 33,347
2019-05-30 4,497.98 2,712.70 1,785.28 81,949 42,610 39,339
2019-05-31 4,640.81 3,064.68 1,576.13 95,874 56,147 39,727
2019-06-03 5,239.53 2,798.77 2,440.76 102,810 53,520 49,290
2019-06-04 4,091.46 2,155.36 1,936.10 77,394 42,110 35,284
2019-06-05 5,530.13 2,874.28 2,655.85 92,739 50,691 42,048
2019-06-06 3,685.34 1,835.89 1,849.45 71,525 39,312 32,213
2019-06-07 - - - - - -
2019-06-10 6,868.35 4,014.47 2,853.88 101,207 52,414 48,793
2019-06-11 7,050.01 4,874.69 2,175.32 112,070 65,377 46,693
2019-06-12 5,402.63 3,717.68 1,684.95 91,851 50,626 41,225
2019-06-13 5,096.71 3,221.62 1,875.09 94,382 52,567 41,815
2019-06-14 5,227.96 3,443.94 1,784.02 96,674 56,536 40,138
2019-06-17 4,061.57 2,561.65 1,499.92 72,124 40,109 32,015
2019-06-18 4,906.32 3,286.86 1,619.46 88,074 48,376 39,698
2019-06-19 6,742.24 3,125.33 3,616.91 123,905 52,349 71,556
2019-06-20 6,119.23 3,389.64 2,729.59 99,215 49,026 50,189
2019-06-21 4,587.68 2,245.14 2,342.54 101,699 52,184 49,515
2019-06-24 4,689.15 2,073.99 2,615.16 92,593 41,424 51,169
2019-06-25 6,095.53 3,317.24 2,778.29 93,718 45,953 47,765
2019-06-26 5,125.52 3,110.48 2,015.04 78,604 44,503 34,101
2019-06-27 6,215.03 3,670.98 2,544.05 102,380 57,065 45,315
2019-06-28 5,764.44 3,588.16 2,176.28 83,894 42,655 41,239
2019-07-01 - - - - - -
2019-07-02 7,451.01 4,056.77 3,394.24 132,162 73,852 58,310
2019-07-03 5,345.46 2,951.72 2,393.74 108,513 62,476 46,037
2019-07-04 6,366.63 2,967.20 3,399.43 105,205 53,094 52,111
2019-07-05 3,897.52 1,814.18 2,083.34 78,050 35,654 42,396
2019-07-08 4,389.07 2,321.14 2,067.93 85,984 44,574 41,410
2019-07-09 4,391.48 2,460.34 1,931.14 86,423 46,650 39,773
2019-07-10 3,685.07 2,172.69 1,512.38 75,003 42,380 32,623
2019-07-11 4,510.21 2,108.14 2,402.07 85,109 38,928 46,181
2019-07-12 4,002.04 2,130.33 1,871.71 79,737 43,281 36,456
2019-07-15 4,051.12 2,445.05 1,606.07 81,139 46,352 34,787
2019-07-16 4,005.56 2,096.51 1,909.05 80,954 42,636 38,318
2019-07-17 4,018.95 2,308.02 1,710.93 75,492 44,536 30,956
2019-07-18 3,722.38 1,774.28 1,948.10 70,050 36,669 33,381
2019-07-19 3,973.09 1,992.63 1,980.46 71,669 38,417 33,252
2019-07-22 4,412.87 2,606.53 1,806.34 80,403 51,148 29,255
2019-07-23 4,005.42 2,197.63 1,807.79 74,306 41,954 32,352
2019-07-24 5,413.60 3,335.57 2,078.03 72,171 40,138 32,033
2019-07-25 4,416.86 2,569.68 1,847.18 83,038 46,312 36,726
2019-07-26 4,104.56 2,664.54 1,440.02 81,498 52,037 29,461
2019-07-29 4,041.87 2,467.17 1,574.70 64,989 38,296 26,693
2019-07-30 4,239.06 2,899.66 1,339.40 68,938 42,431 26,507
2019-07-31 3,624.51 2,261.19 1,363.32 66,461 43,457 23,004
2019-08-01 4,888.98 2,721.99 2,166.99 99,970 57,527 42,443
2019-08-02 7,641.40 4,849.54 2,791.86 134,718 88,330 46,388
2019-08-05 6,799.38 4,428.69 2,370.69 122,429 86,101 36,328
2019-08-06 9,103.63 5,603.53 3,500.10 170,472 110,943 59,529
2019-08-07 4,998.03 2,993.46 2,004.57 107,797 62,015 45,782
2019-08-08 4,237.33 2,780.53 1,456.80 84,407 49,834 34,573
2019-08-09 4,514.51 2,716.41 1,798.10 77,447 44,549 32,898
2019-08-12 4,321.73 2,961.05 1,360.68 80,200 50,613 29,587
2019-08-13 5,460.05 3,516.35 1,943.70 115,275 71,165 44,110
2019-08-14 6,550.76 4,821.08 1,729.68 113,363 77,538 35,825
2019-08-15 8,372.17 6,040.03 2,332.14 137,223 94,183 43,040
2019-08-16 7,562.32 5,559.73 2,002.59 137,673 97,414 40,259
2019-08-19 6,934.70 4,385.80 2,548.90 125,611 71,503 54,108
2019-08-20 5,707.97 3,661.93 2,046.04 112,266 69,393 42,873
2019-08-21 6,209.78 3,939.38 2,270.40 101,902 64,247 37,655
2019-08-22 6,364.96 4,251.20 2,113.76 117,602 73,764 43,838
2019-08-23 5,857.11 3,765.96 2,091.15 109,390 62,758 46,632
2019-08-26 8,719.93 6,210.83 2,509.10 136,325 92,344 43,981
2019-08-27 7,475.88 4,914.75 2,561.13 142,761 94,350 48,411
2019-08-28 7,374.31 4,324.25 3,050.06 125,521 74,607 50,914
2019-08-29 7,091.51 4,329.73 2,761.78 114,941 68,933 46,008
2019-08-30 6,920.96 3,978.74 2,942.22 126,171 65,123 61,048
2019-09-02 7,861.85 4,758.26 3,103.59 125,535 69,114 56,421
2019-09-03 6,264.01 3,699.59 2,564.42 111,959 64,629 47,330
2019-09-04 10,276.49 5,498.54 4,777.95 146,089 84,349 61,740
2019-09-05 10,493.25 6,306.90 4,186.35 177,636 104,581 73,055
2019-09-06 7,625.14 4,365.00 3,260.14 130,493 69,762 60,731
2019-09-09 7,695.72 3,927.21 3,768.51 134,446 70,059 64,387
2019-09-10 7,044.97 3,406.36 3,638.61 120,271 60,368 59,903
2019-09-11 0.00 0.00 0.00 0 0 0
2019-09-12 0.00 0.00 0.00 0 0 0
2019-09-13 0.00 0.00 0.00 0 0 0
2019-09-16 10,533.05 4,894.49 5,638.56 167,518 77,792 89,726
2019-09-17 6,921.15 3,307.01 3,614.14 120,605 57,599 63,006
2019-09-18 6,141.70 2,940.71 3,200.99 114,100 52,701 61,399
2019-09-19 6,768.54 3,520.09 3,248.45 110,707 58,305 52,402
2019-09-20 7,643.37 3,943.99 3,699.38 116,536 61,602 54,934
2019-09-23 6,446.86 2,956.78 3,490.08 94,405 44,313 50,092
2019-09-24 8,512.01 4,175.70 4,336.31 116,565 55,313 61,252
2019-09-25 6,461.29 3,461.14 3,000.15 100,836 55,351 45,485
2019-09-26 8,405.03 4,495.45 3,909.58 107,376 62,422 44,954
2019-09-27 0.00 0.00 0.00 0 0 0
2019-09-30 0.00 0.00 0.00 0 0 0
2019-10-01 - - - - - -
2019-10-02 0.00 0.00 0.00 0 0 0
2019-10-03 0.00 0.00 0.00 0 0 0
2019-10-04 0.00 0.00 0.00 0 0 0
2019-10-07 - - - - - -
2019-10-08 8,474.75 4,140.26 4,334.49 138,999 63,356 75,643
2019-10-09 9,208.80 5,587.89 3,620.91 128,082 77,773 50,309
2019-10-10 7,197.04 4,435.87 2,761.17 96,262 59,269 36,993
2019-10-11 8,301.86 4,489.53 3,812.33 126,318 70,514 55,804
2019-10-14 10,039.19 6,079.83 3,959.36 126,457 71,181 55,276
2019-10-15 6,865.45 3,890.34 2,975.11 99,996 51,514 48,482
2019-10-16 8,368.60 4,447.03 3,921.57 120,824 59,650 61,174
2019-10-17 6,203.10 3,257.98 2,945.12 88,839 45,121 43,718
2019-10-18 6,859.82 3,704.84 3,154.98 96,417 49,100 47,317
2019-10-21 5,503.00 2,843.97 2,659.03 81,239 41,391 39,848
2019-10-22 6,244.31 2,957.50 3,286.81 81,580 39,628 41,952
2019-10-23 5,408.25 2,896.25 2,512.00 74,560 38,029 36,531
2019-10-24 4,688.57 2,236.86 2,451.71 70,623 34,666 35,957
2019-10-25 4,825.64 2,518.26 2,307.38 67,119 35,081 32,038
2019-10-28 7,983.75 4,838.09 3,145.66 114,378 64,325 50,053
2019-10-29 6,386.18 3,389.76 2,996.42 98,725 49,923 48,802
2019-10-30 6,823.99 3,710.66 3,113.33 98,484 52,192 46,292
