2017-11-09 3,820.73 2,349.98 1,470.75 59,883 35,358 24,525
2017-11-10 4,516.90 3,151.18 1,365.72 73,044 47,022 26,022
2017-11-13 5,165.21 3,542.52 1,622.69 80,991 55,887 25,104
2017-11-14 4,247.99 2,637.48 1,610.51 75,759 44,780 30,979
2017-11-15 5,032.27 3,090.49 1,941.78 78,817 44,539 34,278
2017-11-16 4,906.53 2,977.86 1,928.67 80,971 44,021 36,950
2017-11-17 4,607.44 2,842.32 1,765.12 72,068 44,998 27,070
2017-11-20 3,967.98 2,512.29 1,455.69 68,454 41,615 26,839
2017-11-21 6,510.42 4,520.03 1,990.39 83,493 56,795 26,698
2017-11-22 5,029.55 3,285.59 1,743.96 81,520 54,652 26,868
2017-11-23 5,729.37 3,383.52 2,345.85 85,421 54,560 30,861
2017-11-24 3,779.93 2,340.70 1,439.23 64,774 42,774 22,000
2017-11-27 4,174.14 2,190.03 1,984.11 68,039 44,173 23,866
2017-11-28 3,872.19 2,264.82 1,607.37 61,345 38,391 22,954
2017-11-29 3,325.56 1,935.07 1,390.49 65,370 37,502 27,868
2017-11-30 4,904.90 2,442.07 2,462.83 70,987 36,729 34,258
2017-12-01 3,841.48 1,888.69 1,952.79 71,766 35,272 36,494
2017-12-04 3,514.91 2,205.34 1,309.57 60,522 37,885 22,637
2017-12-05 3,253.82 1,810.22 1,443.60 51,384 31,058 20,326
2017-12-06 6,213.30 2,729.57 3,483.73 94,388 43,990 50,398
2017-12-07 4,063.49 2,067.55 1,995.94 67,895 38,525 29,370
2017-12-08 3,402.61 2,068.94 1,333.67 53,643 31,872 21,771
2017-12-11 4,472.44 2,886.45 1,585.99 69,240 46,514 22,726
2017-12-12 3,248.77 1,831.97 1,416.80 50,556 30,225 20,331
2017-12-13 3,009.06 1,858.03 1,151.03 52,239 35,578 16,661
2017-12-14 4,068.95 2,334.72 1,734.23 64,252 42,240 22,012
2017-12-15 3,637.41 2,297.57 1,339.84 59,711 35,213 24,498
2017-12-18 2,890.00 1,544.80 1,345.20 51,613 27,302 24,311
2017-12-19 3,431.20 1,690.08 1,741.12 57,476 29,297 28,179
2017-12-20 3,864.55 1,673.13 2,191.42 67,032 32,809 34,223
2017-12-21 3,382.08 2,044.78 1,337.30 62,203 37,717 24,486
2017-12-22 3,107.19 1,721.94 1,385.25 47,203 27,690 19,513
2017-12-25 - - - - - -
2017-12-26 - - - - - -
2017-12-27 4,428.79 2,456.96 1,971.83 63,443 34,931 28,512
2017-12-28 3,842.89 2,264.80 1,578.09 57,505 33,727 23,778
2017-12-29 4,758.84 3,015.87 1,742.97 66,732 40,228 26,504
2018-01-01 - - - - - -
2018-01-02 6,169.06 3,724.17 2,444.89 84,780 49,538 35,242
2018-01-03 6,502.54 3,748.85 2,753.69 98,073 58,208 39,865
2018-01-04 4,997.04 3,032.93 1,964.11 80,468 46,441 34,027
2018-01-05 5,572.93 2,992.24 2,580.69 81,684 46,506 35,178
2018-01-08 5,937.05 3,394.37 2,542.68 87,554 48,069 39,485
2018-01-09 5,272.42 3,195.74 2,076.68 82,406 51,974 30,432
2018-01-10 5,634.64 2,874.86 2,759.78 85,987 44,006 41,981
2018-01-11 4,688.14 2,485.23 2,202.91 76,464 38,320 38,144
2018-01-12 5,549.27 3,215.49 2,333.78 84,950 47,176 37,774
2018-01-15 5,985.01 3,425.94 2,559.07 94,819 54,185 40,634
2018-01-16 5,937.54 3,152.70 2,784.84 84,749 43,298 41,451
2018-01-17 6,003.29 3,587.28 2,416.01 87,538 48,893 38,645
2018-01-18 7,223.90 4,708.84 2,515.06 100,147 61,385 38,762
2018-01-19 6,560.86 4,160.28 2,400.58 94,370 60,927 33,443
2018-01-22 7,350.27 4,354.68 2,995.59 106,021 66,687 39,334
2018-01-23 7,842.29 5,056.27 2,786.02 102,771 64,665 38,106
2018-01-24 8,051.46 4,907.46 3,144.00 105,391 65,314 40,077
2018-01-25 7,415.38 3,716.74 3,698.64 106,862 52,555 54,307
2018-01-26 7,342.23 4,349.26 2,992.97 96,460 53,021 43,439
2018-01-29 8,830.09 5,249.38 3,580.71 108,639 64,691 43,948
2018-01-30 7,293.30 4,195.69 3,097.61 89,391 53,361 36,030
2018-01-31 7,240.39 4,056.99 3,183.40 95,714 55,069 40,645
2018-02-01 7,388.01 3,789.99 3,598.02 113,150 56,795 56,355
2018-02-02 6,109.15 3,543.91 2,565.24 73,241 40,410 32,831
2018-02-05 8,346.19 5,460.58 2,885.61 109,371 69,812 39,559
2018-02-06 13,274.55 6,947.54 6,327.01 154,686 79,062 75,624
2018-02-07 9,557.58 4,235.67 5,321.91 123,144 51,189 71,955
2018-02-08 6,084.30 2,913.19 3,171.11 93,060 40,200 52,860
2018-02-09 11,161.60 4,829.54 6,332.06 149,400 59,977 89,423
2018-02-12 5,882.70 3,509.52 2,373.18 85,294 47,518 37,776
2018-02-13 0.00 0.00 0.00 0 0 0
2018-02-14 0.00 0.00 0.00 0 0 0
2018-02-15 0.00 0.00 0.00 0 0 0
2018-02-16 - - - - - -
2018-02-19 - - - - - -
2018-02-20 0.00 0.00 0.00 0 0 0
2018-02-21 0.00 0.00 0.00 0 0 0
2018-02-22 6,541.35 4,334.44 2,206.91 107,235 71,228 36,007
2018-02-23 4,592.31 2,957.39 1,634.92 71,241 45,067 26,174
2018-02-26 6,429.39 4,009.96 2,419.43 97,708 63,476 34,232
2018-02-27 6,002.64 2,711.40 3,291.24 91,039 49,061 41,978
2018-02-28 4,507.04 2,595.77 1,911.27 71,661 41,151 30,510
2018-03-01 4,332.68 2,779.72 1,552.96 74,923 47,726 27,197
2018-03-02 3,788.47 2,285.94 1,502.53 72,554 48,013 24,541
2018-03-05 4,879.72 2,901.17 1,978.55 76,868 48,228 28,640
2018-03-06 5,781.42 3,863.78 1,917.64 86,241 56,485 29,756
2018-03-07 4,689.41 2,531.09 2,158.32 76,997 46,255 30,742
2018-03-08 6,057.21 4,136.43 1,920.78 85,612 54,613 30,999
2018-03-09 5,435.62 3,509.55 1,926.07 82,411 53,051 29,360
2018-03-12 6,610.77 3,972.91 2,637.86 84,735 52,087 32,648
2018-03-13 5,509.17 2,709.93 2,799.24 77,784 40,637 37,147
2018-03-14 5,475.98 3,116.27 2,359.71 92,028 58,187 33,841
2018-03-15 5,266.70 3,355.60 1,911.10 88,819 54,338 34,481
2018-03-16 4,969.75 3,000.93 1,968.82 75,243 49,187 26,056
2018-03-19 5,194.34 2,823.24 2,371.10 87,735 49,106 38,629
2018-03-20 6,151.86 3,226.96 2,924.90 96,454 51,458 44,996
2018-03-21 7,027.39 3,516.86 3,510.53 114,597 62,062 52,535
2018-03-22 6,762.17 4,135.59 2,626.58 92,315 52,520 39,795
2018-03-23 9,900.90 5,139.02 4,761.88 124,685 59,811 64,874
2018-03-26 7,328.45 3,786.40 3,542.05 112,334 55,297 57,037
2018-03-27 6,540.71 3,943.88 2,596.83 95,976 54,627 41,349
2018-03-28 6,258.43 3,071.24 3,187.19 96,652 54,217 42,435
2018-03-29 6,285.24 3,658.26 2,626.98 100,767 57,466 43,301
2018-03-30 - - - - - -
2018-04-02 - - - - - -
2018-04-03 0.00 0.00 0.00 0 0 0
2018-04-04 0.00 0.00 0.00 0 0 0
2018-04-05 - - - - - -
2018-04-06 0.00 0.00 0.00 0 0 0
2018-04-09 8,063.45 4,338.65 3,724.80 142,368 72,134 70,234
2018-04-10 8,135.11 5,256.91 2,878.20 127,005 73,817 53,188
2018-04-11 7,111.79 4,482.30 2,629.49 118,682 67,162 51,520
2018-04-12 4,914.66 2,712.20 2,202.46 87,135 49,748 37,387
2018-04-13 3,750.94 1,894.94 1,856.00 76,626 42,253 34,373
2018-04-16 4,697.31 2,148.71 2,548.60 89,780 43,833 45,947
2018-04-17 4,513.20 2,100.38 2,412.82 76,613 35,691 40,922
2018-04-18 5,098.13 2,493.50 2,604.63 84,953 40,418 44,535
2018-04-19 4,512.77 2,726.68 1,786.09 74,164 43,471 30,693
2018-04-20 3,976.42 1,796.72 2,179.70 74,018 37,674 36,344
2018-04-23 3,549.73 1,509.87 2,039.86 61,445 30,809 30,636
2018-04-24 4,574.87 2,637.86 1,937.01 84,464 47,472 36,992
2018-04-25 4,773.54 2,292.41 2,481.13 85,414 46,366 39,048
2018-04-26 0.00 0.00 0.00 0 0 0
2018-04-27 0.00 0.00 0.00 0 0 0
2018-04-30 0.00 0.00 0.00 0 0 0
2018-05-01 - - - - - -
2018-05-02 4,957.00 2,626.47 2,330.53 95,184 45,968 49,216
2018-05-03 3,698.16 2,301.14 1,397.02 75,322 45,928 29,394
2018-05-04 3,679.92 1,884.98 1,794.94 71,437 39,684 31,753
2018-05-07 4,279.58 2,317.20 1,962.38 75,013 44,728 30,285
2018-05-08 5,187.67 3,230.41 1,957.26 78,385 43,748 34,637
2018-05-09 3,791.55 2,213.92 1,577.63 62,403 35,081 27,322
2018-05-10 4,426.06 2,364.46 2,061.60 73,038 37,077 35,961
2018-05-11 4,350.51 2,226.73 2,123.78 77,123 36,943 40,180
2018-05-14 4,926.80 2,735.88 2,190.92 80,101 40,984 39,117
2018-05-15 4,930.09 2,429.14 2,500.95 92,816 46,608 46,208
2018-05-16 5,492.01 3,384.93 2,107.08 105,388 63,765 41,623
2018-05-17 4,425.10 2,227.37 2,197.73 80,941 45,756 35,185
2018-05-18 4,503.70 2,479.22 2,024.48 88,784 52,325 36,459
2018-05-21 5,428.88 3,010.32 2,418.56 107,843 62,392 45,451
2018-05-22 - - - - - -
2018-05-23 5,951.56 2,783.93 3,167.63 115,832 55,348 60,484
2018-05-24 4,396.06 2,214.69 2,181.37 86,536 46,196 40,340
2018-05-25 4,390.52 2,045.02 2,345.50 88,249 45,049 43,200
2018-05-28 5,621.25 2,955.80 2,665.45 94,930 50,083 44,847
2018-05-29 5,821.54 2,579.68 3,241.86 104,244 48,312 55,932
2018-05-30 4,052.36 2,106.52 1,945.84 81,907 42,151 39,756
2018-05-31 6,283.93 3,261.43 3,022.50 107,507 54,430 53,077
2018-06-01 3,733.47 1,756.63 1,976.84 73,641 38,463 35,178
2018-06-04 4,864.27 2,376.05 2,488.22 81,703 37,698 44,005
2018-06-05 4,800.22 2,799.92 2,000.30 76,090 41,938 34,152
2018-06-06 5,264.25 3,038.43 2,225.82 90,442 49,684 40,758
2018-06-07 4,958.36 2,402.20 2,556.16 80,288 42,007 38,281
