2018/05/16/23/58/00; 31113; 31122; 31112; 31116; 42
2018/05/17/00/00/00; 31120; 31120; 31119; 31119; 9
2018/05/17/00/01/00; 31118; 31124; 31116; 31120; 36
2018/05/17/00/02/00; 31121; 31126; 31120; 31125; 26
2018/05/17/00/03/00; 31125; 31127; 31125; 31127; 28
2018/05/17/00/04/00; 31125; 31127; 31125; 31125; 36
2018/05/17/00/05/00; 31125; 31140; 31124; 31139; 121
2018/05/17/00/06/00; 31140; 31153; 31139; 31151; 92
2018/05/17/00/07/00; 31148; 31150; 31140; 31147; 80
2018/05/17/00/08/00; 31147; 31147; 31138; 31143; 37
2018/05/17/00/09/00; 31140; 31140; 31131; 31139; 57
2018/05/17/00/10/00; 31138; 31142; 31132; 31134; 29
2018/05/17/00/11/00; 31135; 31144; 31133; 31144; 31
2018/05/17/00/12/00; 31145; 31145; 31134; 31136; 20
2018/05/17/00/13/00; 31134; 31135; 31129; 31129; 25
2018/05/17/00/14/00; 31131; 31133; 31129; 31133; 11
2018/05/17/00/15/00; 31134; 31134; 31126; 31126; 34
2018/05/17/00/16/00; 31127; 31131; 31125; 31131; 23
2018/05/17/00/17/00; 31133; 31138; 31132; 31132; 21
2018/05/17/00/18/00; 31131; 31134; 31131; 31134; 18
2018/05/17/00/19/00; 31133; 31136; 31132; 31136; 17
2018/05/17/00/20/00; 31136; 31137; 31130; 31130; 35
2018/05/17/00/21/00; 31132; 31132; 31129; 31129; 41
2018/05/17/00/22/00; 31129; 31132; 31128; 31132; 18
2018/05/17/00/23/00; 31132; 31136; 31132; 31135; 18
2018/05/17/00/24/00; 31133; 31139; 31133; 31137; 8
2018/05/17/00/25/00; 31138; 31142; 31135; 31138; 60
2018/05/17/00/26/00; 31141; 31146; 31137; 31137; 36
2018/05/17/00/27/00; 31136; 31155; 31136; 31152; 60
2018/05/17/00/28/00; 31149; 31152; 31148; 31149; 23
2018/05/17/00/29/00; 31149; 31149; 31142; 31145; 29
2018/05/17/00/30/00; 31144; 31163; 31142; 31162; 125
2018/05/17/00/31/00; 31162; 31173; 31157; 31169; 148
2018/05/17/00/32/00; 31170; 31180; 31163; 31171; 125
2018/05/17/00/33/00; 31169; 31171; 31167; 31171; 18
2018/05/17/00/34/00; 31172; 31177; 31170; 31170; 45
2018/05/17/00/35/00; 31170; 31171; 31164; 31164; 49
2018/05/17/00/36/00; 31163; 31166; 31162; 31162; 29
2018/05/17/00/37/00; 31161; 31169; 31161; 31166; 29
2018/05/17/00/38/00; 31167; 31172; 31166; 31172; 15
2018/05/17/00/39/00; 31171; 31175; 31169; 31173; 34
2018/05/17/00/40/00; 31173; 31176; 31171; 31172; 33
2018/05/17/00/41/00; 31173; 31175; 31168; 31171; 21
2018/05/17/00/42/00; 31172; 31174; 31170; 31170; 21
2018/05/17/00/43/00; 31170; 31173; 31161; 31166; 27
2018/05/17/00/44/00; 31168; 31169; 31166; 31166; 5
2018/05/17/00/45/00; 31171; 31183; 31159; 31159; 182
2018/05/17/00/46/00; 31158; 31158; 31155; 31155; 15
2018/05/17/00/47/00; 31157; 31158; 31154; 31154; 27
2018/05/17/00/48/00; 31157; 31157; 31154; 31154; 8
2018/05/17/00/49/00; 31160; 31164; 31158; 31160; 17
2018/05/17/00/50/00; 31160; 31175; 31158; 31173; 164
2018/05/17/00/51/00; 31174; 31176; 31174; 31176; 8
2018/05/17/00/52/00; 31178; 31186; 31178; 31184; 19
2018/05/17/00/53/00; 31184; 31184; 31181; 31181; 7
2018/05/17/00/54/00; 31181; 31181; 31167; 31167; 12
2018/05/17/00/55/00; 31172; 31176; 31155; 31162; 113
2018/05/17/00/56/00; 31161; 31167; 31161; 31167; 35
2018/05/17/00/57/00; 31168; 31176; 31165; 31176; 16
2018/05/17/00/58/00; 31177; 31187; 31177; 31187; 16
2018/05/17/00/59/00; 31185; 31188; 31180; 31187; 74
2018/05/17/09/14/00; 31224; 31224; 31224; 31224; 250
2018/05/17/09/15/00; 31225; 31290; 31225; 31270; 1837
2018/05/17/09/16/00; 31267; 31318; 31263; 31307; 1629
2018/05/17/09/17/00; 31308; 31320; 31278; 31278; 898
2018/05/17/09/18/00; 31278; 31298; 31269; 31291; 553
2018/05/17/09/19/00; 31293; 31298; 31260; 31273; 661
2018/05/17/09/20/00; 31274; 31280; 31254; 31255; 538
2018/05/17/09/21/00; 31253; 31267; 31247; 31260; 418
2018/05/17/09/22/00; 31259; 31262; 31238; 31243; 469
2018/05/17/09/23/00; 31243; 31244; 31230; 31237; 417
2018/05/17/09/24/00; 31238; 31243; 31229; 31234; 334
2018/05/17/09/25/00; 31233; 31240; 31201; 31209; 923
2018/05/17/09/26/00; 31209; 31217; 31205; 31207; 319
2018/05/17/09/27/00; 31206; 31223; 31205; 31217; 461
2018/05/17/09/28/00; 31218; 31233; 31218; 31231; 532
2018/05/17/09/29/00; 31232; 31233; 31208; 31216; 427
2018/05/17/09/30/00; 31214; 31237; 31138; 31159; 2810
2018/05/17/09/31/00; 31159; 31172; 31091; 31103; 2583
2018/05/17/09/32/00; 31102; 31113; 31080; 31113; 1656
2018/05/17/09/33/00; 31111; 31133; 31098; 31110; 1298
2018/05/17/09/34/00; 31110; 31110; 31048; 31067; 2072
2018/05/17/09/35/00; 31068; 31080; 31028; 31036; 1696
2018/05/17/09/36/00; 31036; 31076; 31019; 31062; 1607
2018/05/17/09/37/00; 31061; 31092; 31050; 31062; 1674
2018/05/17/09/38/00; 31063; 31068; 31028; 31037; 1066
2018/05/17/09/39/00; 31040; 31066; 31031; 31053; 815
2018/05/17/09/40/00; 31056; 31063; 31042; 31051; 570
2018/05/17/09/41/00; 31049; 31051; 31004; 31009; 1752
2018/05/17/09/42/00; 31012; 31025; 30998; 31006; 1231
2018/05/17/09/43/00; 31008; 31028; 31007; 31026; 734
2018/05/17/09/44/00; 31026; 31056; 31026; 31040; 1212
2018/05/17/09/45/00; 31039; 31044; 31012; 31026; 731
2018/05/17/09/46/00; 31026; 31064; 31025; 31053; 877
2018/05/17/09/47/00; 31054; 31057; 31037; 31049; 516
2018/05/17/09/48/00; 31049; 31053; 31004; 31009; 792
2018/05/17/09/49/00; 31008; 31046; 30990; 31043; 1492
2018/05/17/09/50/00; 31044; 31078; 31033; 31070; 1364
2018/05/17/09/51/00; 31069; 31071; 31022; 31039; 1011
2018/05/17/09/52/00; 31038; 31050; 31000; 31041; 550
2018/05/17/09/53/00; 31043; 31065; 31041; 31061; 581
2018/05/17/09/54/00; 31062; 31080; 31051; 31057; 834
2018/05/17/09/55/00; 31055; 31056; 31004; 31020; 1296
2018/05/17/09/56/00; 31019; 31019; 30963; 30978; 2307
2018/05/17/09/57/00; 30978; 30980; 30936; 30948; 1698
2018/05/17/09/58/00; 30947; 30959; 30925; 30948; 1390
2018/05/17/09/59/00; 30948; 30984; 30928; 30976; 1081
2018/05/17/10/00/00; 30973; 30975; 30943; 30958; 914
2018/05/17/10/01/00; 30958; 30986; 30957; 30967; 686
2018/05/17/10/02/00; 30966; 30983; 30963; 30976; 582
2018/05/17/10/03/00; 30974; 30983; 30959; 30978; 475
2018/05/17/10/04/00; 30976; 30996; 30973; 30987; 691
2018/05/17/10/05/00; 30987; 31001; 30986; 30987; 745
2018/05/17/10/06/00; 30987; 31017; 30987; 31002; 981
2018/05/17/10/07/00; 31001; 31001; 30972; 30975; 850
2018/05/17/10/08/00; 30975; 30994; 30960; 30989; 721
2018/05/17/10/09/00; 30989; 30993; 30963; 30979; 535
2018/05/17/10/10/00; 30978; 31038; 30977; 31031; 1187
2018/05/17/10/11/00; 31031; 31036; 31014; 31034; 639
2018/05/17/10/12/00; 31033; 31043; 31020; 31024; 630
2018/05/17/10/13/00; 31023; 31026; 30985; 31004; 986
2018/05/17/10/14/00; 31006; 31021; 31000; 31004; 478
2018/05/17/10/15/00; 31003; 31013; 30986; 30993; 643
2018/05/17/10/16/00; 30991; 31004; 30985; 30995; 306
2018/05/17/10/17/00; 30997; 31001; 30973; 30973; 501
2018/05/17/10/18/00; 30972; 31004; 30965; 31001; 631
2018/05/17/10/19/00; 31003; 31005; 30989; 30998; 410
2018/05/17/10/20/00; 30995; 31001; 30971; 30980; 436
2018/05/17/10/21/00; 30979; 30991; 30967; 30988; 312
2018/05/17/10/22/00; 30986; 30998; 30972; 30991; 419
2018/05/17/10/23/00; 30991; 30993; 30975; 30989; 227
2018/05/17/10/24/00; 30988; 30992; 30973; 30978; 246
2018/05/17/10/25/00; 30977; 30986; 30929; 30967; 1145
2018/05/17/10/26/00; 30965; 30971; 30954; 30960; 405
2018/05/17/10/27/00; 30960; 30961; 30928; 30958; 849
2018/05/17/10/28/00; 30959; 30972; 30956; 30958; 459
2018/05/17/10/29/00; 30958; 30994; 30958; 30971; 857
2018/05/17/10/30/00; 30969; 30990; 30965; 30989; 455
2018/05/17/10/31/00; 30987; 31003; 30986; 31001; 508
2018/05/17/10/32/00; 31000; 31012; 30994; 31007; 484
2018/05/17/10/33/00; 31008; 31016; 30995; 31003; 424
2018/05/17/10/34/00; 31004; 31004; 30989; 30992; 368
2018/05/17/10/35/00; 30991; 31019; 30984; 31013; 761
2018/05/17/10/36/00; 31013; 31019; 31003; 31007; 500
2018/05/17/10/37/00; 31006; 31025; 31005; 31011; 469
2018/05/17/10/38/00; 31011; 31020; 31008; 31011; 229
2018/05/17/10/39/00; 31011; 31021; 30991; 30999; 497
2018/05/17/10/40/00; 30998; 31007; 30987; 31002; 465
2018/05/17/10/41/00; 31000; 31001; 30984; 30986; 304
2018/05/17/10/42/00; 30986; 30999; 30982; 30984; 318
2018/05/17/10/43/00; 30982; 30982; 30963; 30973; 681
2018/05/17/10/44/00; 30974; 30974; 30951; 30960; 655
2018/05/17/10/45/00; 30960; 30962; 30942; 30959; 660
2018/05/17/10/46/00; 30959; 30961; 30928; 30937; 805
2018/05/17/10/47/00; 30938; 30973; 30932; 30968; 801
2018/05/17/10/48/00; 30967; 30996; 30956; 30984; 740
2018/05/17/10/49/00; 30982; 30998; 30980; 30993; 605
2018/05/17/10/50/00; 30993; 30993; 30958; 30964; 594
2018/05/17/10/51/00; 30963; 30981; 30963; 30980; 282
2018/05/17/10/52/00; 30980; 30981; 30968; 30972; 161
2018/05/17/10/53/00; 30973; 30985; 30963; 30979; 301
2018/05/17/10/54/00; 30981; 30994; 30977; 30991; 321
2018/05/17/10/55/00; 30993; 31025; 30992; 31020; 909
2018/05/17/10/56/00; 31021; 31027; 31011; 31019; 633
2018/05/17/10/57/00; 31019; 31019; 30999; 31009; 457
2018/05/17/10/58/00; 31009; 31024; 31008; 31021; 325
2018/05/17/10/59/00; 31022; 31022; 31013; 31018; 222
2018/05/17/11/00/00; 31017; 31024; 30997; 31007; 565
2018/05/17/11/01/00; 31008; 31017; 31004; 31011; 290
2018/05/17/11/02/00; 31012; 31013; 30996; 31011; 326
2018/05/17/11/03/00; 31010; 31024; 31008; 31017; 280
2018/05/17/11/04/00; 31020; 31040; 31019; 31032; 823
2018/05/17/11/05/00; 31031; 31036; 31013; 31019; 416
2018/05/17/11/06/00; 31019; 31020; 30996; 30999; 525
2018/05/17/11/07/00; 30999; 31010; 30983; 31007; 540
2018/05/17/11/08/00; 31005; 31008; 30998; 31006; 180
2018/05/17/11/09/00; 31006; 31016; 31002; 31005; 287
2018/05/17/11/10/00; 31004; 31005; 30991; 31002; 243
2018/05/17/11/11/00; 31001; 31010; 30994; 30997; 182
2018/05/17/11/12/00; 30998; 31002; 30984; 30988; 410
2018/05/17/11/13/00; 30990; 31005; 30989; 31002; 187
2018/05/17/11/14/00; 31001; 31009; 30991; 30991; 202
2018/05/17/11/15/00; 30990; 30991; 30961; 30981; 796
2018/05/17/11/16/00; 30981; 30999; 30978; 30995; 325
2018/05/17/11/17/00; 30997; 31000; 30985; 30992; 228
2018/05/17/11/18/00; 30991; 31008; 30991; 31000; 356
2018/05/17/11/19/00; 30999; 31007; 30993; 30997; 199
2018/05/17/11/20/00; 30997; 31018; 30996; 31018; 413
2018/05/17/11/21/00; 31019; 31021; 31009; 31012; 282
2018/05/17/11/22/00; 31014; 31021; 31010; 31016; 216
2018/05/17/11/23/00; 31016; 31029; 31015; 31017; 308
2018/05/17/11/24/00; 31016; 31028; 31009; 31021; 310
2018/05/17/11/25/00; 31021; 31030; 31019; 31027; 262
2018/05/17/11/26/00; 31027; 31034; 31021; 31024; 253
2018/05/17/11/27/00; 31026; 31057; 31022; 31047; 752
2018/05/17/11/28/00; 31045; 31047; 31033; 31036; 302
2018/05/17/11/29/00; 31037; 31040; 31030; 31038; 244
2018/05/17/11/30/00; 31039; 31039; 31023; 31025; 262
2018/05/17/11/31/00; 31025; 31026; 30994; 31007; 804
2018/05/17/11/32/00; 31008; 31015; 31002; 31005; 189
2018/05/17/11/33/00; 31007; 31012; 31005; 31010; 60
2018/05/17/11/34/00; 31010; 31018; 31006; 31013; 128
2018/05/17/11/35/00; 31015; 31023; 31006; 31009; 251
2018/05/17/11/36/00; 31008; 31009; 30996; 31008; 254
2018/05/17/11/37/00; 31007; 31009; 31000; 31006; 135
2018/05/17/11/38/00; 31006; 31011; 31002; 31008; 99
2018/05/17/11/39/00; 31008; 31009; 30994; 30998; 206
2018/05/17/11/40/00; 30998; 31010; 30998; 31008; 95
2018/05/17/11/41/00; 31009; 31016; 31008; 31012; 152
2018/05/17/11/42/00; 31012; 31016; 30999; 31005; 170
2018/05/17/11/43/00; 31008; 31018; 31003; 31013; 148
2018/05/17/11/44/00; 31015; 31031; 31015; 31023; 224
2018/05/17/11/45/00; 31022; 31027; 31018; 31019; 80
2018/05/17/11/46/00; 31020; 31020; 31007; 31013; 106
2018/05/17/11/47/00; 31014; 31020; 31010; 31018; 80
2018/05/17/11/48/00; 31017; 31018; 31014; 31015; 29
2018/05/17/11/49/00; 31015; 31022; 31011; 31018; 120
2018/05/17/11/50/00; 31018; 31018; 31009; 31012; 88
2018/05/17/11/51/00; 31010; 31013; 31004; 31010; 107
2018/05/17/11/52/00; 31009; 31010; 31005; 31009; 47
2018/05/17/11/53/00; 31009; 31011; 31006; 31009; 56
2018/05/17/11/54/00; 31008; 31008; 31005; 31006; 53
2018/05/17/11/55/00; 31008; 31012; 31003; 31009; 126
2018/05/17/11/56/00; 31009; 31009; 30994; 30997; 179
2018/05/17/11/57/00; 30999; 31003; 30983; 30986; 214
2018/05/17/11/58/00; 30985; 30990; 30970; 30979; 435
2018/05/17/11/59/00; 30979; 30982; 30971; 30976; 174
2018/05/17/12/00/00; 30977; 30980; 30976; 30980; 8
2018/05/17/12/59/00; 30983; 30983; 30983; 30983; 9
2018/05/17/13/00/00; 30977; 30993; 30964; 30969; 589
2018/05/17/13/01/00; 30971; 30973; 30948; 30962; 472
2018/05/17/13/02/00; 30960; 30970; 30956; 30965; 240
2018/05/17/13/03/00; 30966; 30986; 30960; 30985; 336
2018/05/17/13/04/00; 30984; 30990; 30975; 30977; 240
2018/05/17/13/05/00; 30978; 30984; 30968; 30971; 237
2018/05/17/13/06/00; 30971; 30978; 30967; 30969; 132
2018/05/17/13/07/00; 30970; 30971; 30961; 30966; 269
2018/05/17/13/08/00; 30964; 30970; 30959; 30963; 233
2018/05/17/13/09/00; 30963; 30968; 30961; 30968; 134
2018/05/17/13/10/00; 30968; 31009; 30966; 31000; 829
2018/05/17/13/11/00; 30998; 31000; 30990; 30992; 293
2018/05/17/13/12/00; 30992; 30995; 30988; 30990; 142
2018/05/17/13/13/00; 30989; 30989; 30972; 30974; 311
2018/05/17/13/14/00; 30974; 30975; 30953; 30957; 515
2018/05/17/13/15/00; 30956; 30970; 30951; 30963; 410
2018/05/17/13/16/00; 30965; 30966; 30950; 30957; 321
2018/05/17/13/17/00; 30958; 30967; 30957; 30962; 180
2018/05/17/13/18/00; 30964; 30974; 30960; 30971; 216
2018/05/17/13/19/00; 30970; 30971; 30965; 30968; 90
2018/05/17/13/20/00; 30966; 30968; 30959; 30966; 217
2018/05/17/13/21/00; 30967; 30982; 30967; 30973; 279
2018/05/17/13/22/00; 30975; 30978; 30972; 30974; 101
2018/05/17/13/23/00; 30975; 30980; 30961; 30964; 279
2018/05/17/13/24/00; 30964; 30981; 30962; 30975; 170
2018/05/17/13/25/00; 30976; 30977; 30961; 30969; 200
2018/05/17/13/26/00; 30967; 30970; 30961; 30967; 128
2018/05/17/13/27/00; 30968; 30971; 30962; 30969; 206
2018/05/17/13/28/00; 30968; 30974; 30964; 30968; 120
2018/05/17/13/29/00; 30969; 30972; 30964; 30969; 119
2018/05/17/13/30/00; 30968; 30978; 30955; 30977; 478
2018/05/17/13/31/00; 30978; 30987; 30974; 30978; 452
2018/05/17/13/32/00; 30978; 30980; 30969; 30972; 166
2018/05/17/13/33/00; 30973; 30981; 30972; 30977; 143
2018/05/17/13/34/00; 30978; 30980; 30972; 30980; 101
2018/05/17/13/35/00; 30979; 30985; 30972; 30972; 188
2018/05/17/13/36/00; 30972; 30977; 30970; 30976; 103
2018/05/17/13/37/00; 30976; 30980; 30973; 30974; 81
2018/05/17/13/38/00; 30974; 30982; 30970; 30981; 147
2018/05/17/13/39/00; 30981; 30981; 30975; 30978; 74
2018/05/17/13/40/00; 30977; 30977; 30965; 30970; 251
2018/05/17/13/41/00; 30970; 30983; 30969; 30978; 193
2018/05/17/13/42/00; 30979; 30980; 30969; 30970; 78
2018/05/17/13/43/00; 30969; 30971; 30956; 30961; 418
2018/05/17/13/44/00; 30961; 30962; 30912; 30914; 1814
2018/05/17/13/45/00; 30915; 30920; 30890; 30895; 1525
2018/05/17/13/46/00; 30894; 30899; 30884; 30893; 952
2018/05/17/13/47/00; 30892; 30899; 30876; 30878; 634
2018/05/17/13/48/00; 30879; 30879; 30860; 30860; 815
2018/05/17/13/49/00; 30860; 30885; 30859; 30884; 596
2018/05/17/13/50/00; 30884; 30890; 30872; 30880; 387
2018/05/17/13/51/00; 30879; 30884; 30872; 30878; 366
2018/05/17/13/52/00; 30880; 30890; 30864; 30869; 419
2018/05/17/13/53/00; 30869; 30871; 30854; 30864; 668
2018/05/17/13/54/00; 30865; 30868; 30855; 30867; 319
2018/05/17/13/55/00; 30867; 30873; 30844; 30851; 749
2018/05/17/13/56/00; 30851; 30869; 30835; 30858; 605
2018/05/17/13/57/00; 30856; 30875; 30852; 30866; 443
2018/05/17/13/58/00; 30866; 30870; 30855; 30857; 299
2018/05/17/13/59/00; 30854; 30870; 30854; 30863; 250
2018/05/17/14/00/00; 30864; 30871; 30858; 30871; 299
2018/05/17/14/01/00; 30872; 30873; 30860; 30863; 280
2018/05/17/14/02/00; 30863; 30868; 30854; 30863; 246
2018/05/17/14/03/00; 30862; 30883; 30857; 30879; 404
2018/05/17/14/04/00; 30879; 30887; 30875; 30882; 458
2018/05/17/14/05/00; 30882; 30891; 30878; 30891; 353
2018/05/17/14/06/00; 30889; 30894; 30882; 30887; 296
2018/05/17/14/07/00; 30887; 30897; 30879; 30894; 320
2018/05/17/14/08/00; 30894; 30901; 30892; 30896; 363
2018/05/17/14/09/00; 30894; 30901; 30886; 30886; 279
2018/05/17/14/10/00; 30885; 30891; 30875; 30876; 314
2018/05/17/14/11/00; 30877; 30889; 30876; 30881; 181
2018/05/17/14/12/00; 30881; 30885; 30877; 30878; 165
2018/05/17/14/13/00; 30878; 30886; 30875; 30876; 213
2018/05/17/14/14/00; 30875; 30881; 30865; 30870; 303
2018/05/17/14/15/00; 30871; 30882; 30866; 30878; 299
2018/05/17/14/16/00; 30878; 30897; 30877; 30888; 380
2018/05/17/14/17/00; 30888; 30890; 30883; 30886; 179
2018/05/17/14/18/00; 30886; 30887; 30870; 30873; 241
2018/05/17/14/19/00; 30873; 30886; 30870; 30881; 160
2018/05/17/14/20/00; 30882; 30883; 30867; 30868; 270
2018/05/17/14/21/00; 30870; 30872; 30855; 30858; 511
2018/05/17/14/22/00; 30857; 30862; 30852; 30859; 515
2018/05/17/14/23/00; 30858; 30860; 30847; 30855; 553
2018/05/17/14/24/00; 30855; 30860; 30846; 30859; 443
2018/05/17/14/25/00; 30859; 30876; 30857; 30869; 360
2018/05/17/14/26/00; 30870; 30870; 30865; 30867; 145
2018/05/17/14/27/00; 30868; 30874; 30863; 30867; 114
2018/05/17/14/28/00; 30868; 30873; 30861; 30862; 119
2018/05/17/14/29/00; 30861; 30868; 30852; 30868; 303
2018/05/17/14/30/00; 30866; 30875; 30861; 30871; 142
2018/05/17/14/31/00; 30872; 30874; 30859; 30872; 308
2018/05/17/14/32/00; 30872; 30893; 30872; 30889; 548
2018/05/17/14/33/00; 30889; 30893; 30877; 30881; 341
2018/05/17/14/34/00; 30881; 30890; 30878; 30883; 336
2018/05/17/14/35/00; 30882; 30885; 30878; 30882; 146
2018/05/17/14/36/00; 30881; 30887; 30878; 30883; 97
2018/05/17/14/37/00; 30882; 30890; 30879; 30886; 181
2018/05/17/14/38/00; 30885; 30888; 30879; 30879; 204
2018/05/17/14/39/00; 30879; 30886; 30869; 30883; 344
2018/05/17/14/40/00; 30883; 30884; 30873; 30875; 168
2018/05/17/14/41/00; 30875; 30883; 30872; 30880; 183
2018/05/17/14/42/00; 30880; 30883; 30877; 30879; 92
2018/05/17/14/43/00; 30879; 30879; 30868; 30869; 215
2018/05/17/14/44/00; 30870; 30874; 30867; 30868; 178
2018/05/17/14/45/00; 30869; 30877; 30861; 30871; 317
2018/05/17/14/46/00; 30871; 30887; 30871; 30873; 375
2018/05/17/14/47/00; 30873; 30873; 30856; 30868; 336
2018/05/17/14/48/00; 30868; 30871; 30864; 30871; 106
2018/05/17/14/49/00; 30871; 30880; 30871; 30875; 187
2018/05/17/14/50/00; 30876; 30883; 30875; 30876; 197
2018/05/17/14/51/00; 30875; 30877; 30871; 30877; 89
2018/05/17/14/52/00; 30877; 30884; 30874; 30874; 134
2018/05/17/14/53/00; 30875; 30875; 30866; 30866; 122
2018/05/17/14/54/00; 30866; 30873; 30863; 30870; 261
2018/05/17/14/55/00; 30870; 30872; 30865; 30867; 132
2018/05/17/14/56/00; 30866; 30879; 30866; 30877; 145
2018/05/17/14/57/00; 30877; 30882; 30865; 30871; 156
2018/05/17/14/58/00; 30870; 30887; 30868; 30887; 219
2018/05/17/14/59/00; 30886; 30887; 30871; 30871; 291
2018/05/17/15/00/00; 30872; 30883; 30868; 30883; 241
2018/05/17/15/01/00; 30882; 30892; 30867; 30870; 447
2018/05/17/15/02/00; 30868; 30868; 30838; 30845; 1056
2018/05/17/15/03/00; 30844; 30851; 30840; 30845; 442
2018/05/17/15/04/00; 30846; 30874; 30845; 30861; 437
2018/05/17/15/05/00; 30862; 30880; 30860; 30864; 479
2018/05/17/15/06/00; 30863; 30871; 30863; 30864; 133
2018/05/17/15/07/00; 30864; 30870; 30855; 30869; 238
2018/05/17/15/08/00; 30870; 30877; 30861; 30866; 477
2018/05/17/15/09/00; 30866; 30870; 30862; 30864; 118
2018/05/17/15/10/00; 30866; 30871; 30862; 30870; 115
2018/05/17/15/11/00; 30869; 30874; 30865; 30871; 101
2018/05/17/15/12/00; 30872; 30877; 30869; 30874; 150
2018/05/17/15/13/00; 30874; 30910; 30871; 30900; 929
2018/05/17/15/14/00; 30900; 30927; 30898; 30922; 1137
2018/05/17/15/15/00; 30921; 30926; 30916; 30924; 628
2018/05/17/15/16/00; 30923; 30944; 30921; 30938; 852
2018/05/17/15/17/00; 30939; 30948; 30931; 30939; 590
2018/05/17/15/18/00; 30939; 30945; 30933; 30945; 420
2018/05/17/15/19/00; 30944; 30946; 30937; 30939; 334
2018/05/17/15/20/00; 30937; 30955; 30937; 30945; 381
2018/05/17/15/21/00; 30945; 30945; 30917; 30919; 712
2018/05/17/15/22/00; 30918; 30924; 30916; 30923; 283
2018/05/17/15/23/00; 30921; 30934; 30920; 30928; 211
2018/05/17/15/24/00; 30928; 30930; 30909; 30912; 434
2018/05/17/15/25/00; 30912; 30912; 30904; 30906; 323
2018/05/17/15/26/00; 30906; 30915; 30903; 30912; 301
2018/05/17/15/27/00; 30912; 30918; 30908; 30918; 221
2018/05/17/15/28/00; 30918; 30923; 30914; 30920; 188
2018/05/17/15/29/00; 30920; 30920; 30910; 30912; 139
2018/05/17/15/30/00; 30913; 30916; 30910; 30912; 124
2018/05/17/15/31/00; 30913; 30926; 30913; 30917; 250
2018/05/17/15/32/00; 30918; 30929; 30916; 30927; 194
2018/05/17/15/33/00; 30926; 30930; 30919; 30921; 170
2018/05/17/15/34/00; 30921; 30925; 30913; 30917; 149
2018/05/17/15/35/00; 30915; 30923; 30913; 30920; 230
2018/05/17/15/36/00; 30920; 30922; 30915; 30918; 103
2018/05/17/15/37/00; 30918; 30933; 30918; 30932; 206
2018/05/17/15/38/00; 30933; 30945; 30931; 30937; 468
2018/05/17/15/39/00; 30938; 30938; 30920; 30934; 309
2018/05/17/15/40/00; 30933; 30939; 30927; 30933; 189
2018/05/17/15/41/00; 30934; 30939; 30931; 30932; 175
2018/05/17/15/42/00; 30932; 30940; 30927; 30935; 207
2018/05/17/15/43/00; 30935; 30935; 30926; 30932; 135
2018/05/17/15/44/00; 30933; 30935; 30917; 30920; 246
2018/05/17/15/45/00; 30922; 30926; 30915; 30924; 239
2018/05/17/15/46/00; 30925; 30929; 30918; 30923; 204
2018/05/17/15/47/00; 30921; 30932; 30919; 30931; 178
2018/05/17/15/48/00; 30932; 30943; 30929; 30938; 353
2018/05/17/15/49/00; 30937; 30945; 30936; 30943; 253
2018/05/17/15/50/00; 30942; 30943; 30928; 30931; 181
2018/05/17/15/51/00; 30930; 30933; 30924; 30925; 141
2018/05/17/15/52/00; 30927; 30931; 30923; 30925; 149
2018/05/17/15/53/00; 30925; 30932; 30924; 30928; 119
2018/05/17/15/54/00; 30927; 30927; 30916; 30921; 213
2018/05/17/15/55/00; 30920; 30921; 30912; 30916; 239
2018/05/17/15/56/00; 30914; 30921; 30910; 30917; 323
2018/05/17/15/57/00; 30917; 30918; 30911; 30912; 198
2018/05/17/15/58/00; 30912; 30913; 30901; 30902; 373
2018/05/17/15/59/00; 30902; 30903; 30893; 30900; 467
2018/05/17/16/00/00; 30900; 30901; 30888; 30890; 317
2018/05/17/16/01/00; 30890; 30890; 30847; 30860; 1121
2018/05/17/16/02/00; 30860; 30866; 30846; 30852; 537
2018/05/17/16/03/00; 30852; 30853; 30823; 30829; 596
2018/05/17/16/04/00; 30827; 30844; 30827; 30835; 469
2018/05/17/16/05/00; 30835; 30848; 30835; 30847; 265
2018/05/17/16/06/00; 30848; 30856; 30845; 30850; 311
2018/05/17/16/07/00; 30851; 30860; 30845; 30847; 317
2018/05/17/16/08/00; 30849; 30858; 30844; 30854; 182
2018/05/17/16/09/00; 30855; 30857; 30827; 30839; 516
2018/05/17/16/10/00; 30838; 30851; 30834; 30835; 495
2018/05/17/16/11/00; 30836; 30843; 30820; 30838; 488
2018/05/17/16/12/00; 30838; 30853; 30838; 30853; 250
2018/05/17/16/13/00; 30853; 30863; 30850; 30860; 413
2018/05/17/16/14/00; 30860; 30863; 30851; 30856; 198
2018/05/17/16/15/00; 30856; 30872; 30853; 30868; 265
2018/05/17/16/16/00; 30868; 30869; 30856; 30856; 135
2018/05/17/16/17/00; 30856; 30860; 30846; 30847; 153
2018/05/17/16/18/00; 30846; 30853; 30842; 30843; 178
2018/05/17/16/19/00; 30843; 30848; 30840; 30843; 135
2018/05/17/16/20/00; 30845; 30847; 30837; 30839; 224
2018/05/17/16/21/00; 30839; 30847; 30839; 30847; 75
2018/05/17/16/22/00; 30846; 30862; 30844; 30856; 147
2018/05/17/16/23/00; 30855; 30865; 30855; 30861; 94
2018/05/17/16/24/00; 30862; 30865; 30858; 30864; 124
2018/05/17/16/25/00; 30865; 30877; 30858; 30869; 395
2018/05/17/16/26/00; 30869; 30874; 30866; 30870; 88
2018/05/17/16/27/00; 30872; 30883; 30871; 30879; 152
2018/05/17/16/28/00; 30878; 30890; 30878; 30890; 169
2018/05/17/16/29/00; 30889; 30896; 30880; 30883; 311
2018/05/17/16/30/00; 30880; 30880; 30880; 30880; 1
2018/05/17/17/15/00; 30862; 30911; 30854; 30896; 205
2018/05/17/17/16/00; 30896; 30904; 30889; 30891; 116
2018/05/17/17/17/00; 30892; 30896; 30880; 30888; 98
2018/05/17/17/18/00; 30885; 30889; 30872; 30874; 98
2018/05/17/17/19/00; 30875; 30886; 30873; 30876; 37
2018/05/17/17/20/00; 30878; 30886; 30878; 30883; 51
2018/05/17/17/21/00; 30885; 30891; 30885; 30886; 34
2018/05/17/17/22/00; 30884; 30884; 30881; 30881; 31
2018/05/17/17/23/00; 30878; 30884; 30869; 30872; 41
2018/05/17/17/24/00; 30872; 30880; 30872; 30878; 22
2018/05/17/17/25/00; 30878; 30882; 30878; 30880; 17
2018/05/17/17/26/00; 30881; 30896; 30881; 30890; 53
2018/05/17/17/27/00; 30889; 30889; 30883; 30889; 58
2018/05/17/17/28/00; 30888; 30888; 30880; 30881; 44
2018/05/17/17/29/00; 30883; 30896; 30883; 30892; 51
2018/05/17/17/30/00; 30893; 30901; 30891; 30895; 61
2018/05/17/17/31/00; 30896; 30903; 30895; 30900; 65
2018/05/17/17/32/00; 30898; 30908; 30895; 30907; 46
2018/05/17/17/33/00; 30908; 30911; 30896; 30898; 62
2018/05/17/17/34/00; 30897; 30903; 30896; 30899; 38
2018/05/17/17/35/00; 30898; 30904; 30897; 30899; 41
2018/05/17/17/36/00; 30898; 30904; 30897; 30904; 21
2018/05/17/17/37/00; 30905; 30908; 30900; 30904; 47
2018/05/17/17/38/00; 30904; 30913; 30903; 30908; 63
2018/05/17/17/39/00; 30906; 30919; 30906; 30918; 172
2018/05/17/17/40/00; 30917; 30917; 30913; 30915; 47
2018/05/17/17/41/00; 30912; 30914; 30911; 30911; 35
2018/05/17/17/42/00; 30912; 30912; 30906; 30906; 32
2018/05/17/17/43/00; 30906; 30906; 30898; 30900; 78
2018/05/17/17/44/00; 30898; 30898; 30891; 30894; 84
2018/05/17/17/45/00; 30893; 30896; 30886; 30896; 49
2018/05/17/17/46/00; 30895; 30896; 30894; 30894; 16
2018/05/17/17/47/00; 30894; 30897; 30888; 30890; 25
2018/05/17/17/48/00; 30891; 30894; 30891; 30892; 16
2018/05/17/17/49/00; 30891; 30895; 30890; 30894; 16
2018/05/17/17/50/00; 30893; 30893; 30888; 30892; 22
2018/05/17/17/51/00; 30893; 30893; 30886; 30893; 28
2018/05/17/17/52/00; 30891; 30896; 30891; 30896; 17
2018/05/17/17/53/00; 30896; 30897; 30893; 30896; 8
2018/05/17/17/54/00; 30894; 30894; 30888; 30888; 19
2018/05/17/17/55/00; 30888; 30894; 30888; 30893; 16
2018/05/17/17/56/00; 30890; 30897; 30888; 30897; 22
2018/05/17/17/57/00; 30898; 30898; 30893; 30893; 22
2018/05/17/17/58/00; 30893; 30896; 30893; 30895; 10
2018/05/17/17/59/00; 30894; 30907; 30893; 30906; 33
2018/05/17/18/00/00; 30905; 30907; 30902; 30902; 30
2018/05/17/18/01/00; 30905; 30911; 30904; 30907; 62
2018/05/17/18/02/00; 30908; 30915; 30906; 30915; 53
2018/05/17/18/03/00; 30913; 30917; 30911; 30915; 51
2018/05/17/18/04/00; 30916; 30917; 30910; 30910; 58
2018/05/17/18/05/00; 30909; 30909; 30904; 30905; 33
2018/05/17/18/06/00; 30905; 30911; 30905; 30907; 18
2018/05/17/18/07/00; 30907; 30907; 30902; 30904; 12
2018/05/17/18/08/00; 30903; 30911; 30901; 30911; 25
2018/05/17/18/09/00; 30912; 30912; 30907; 30910; 18
2018/05/17/18/10/00; 30909; 30914; 30909; 30911; 14
2018/05/17/18/11/00; 30909; 30910; 30905; 30906; 16
2018/05/17/18/12/00; 30906; 30906; 30904; 30905; 9
2018/05/17/18/13/00; 30906; 30906; 30903; 30905; 10
2018/05/17/18/14/00; 30902; 30904; 30902; 30904; 5
2018/05/17/18/15/00; 30905; 30906; 30903; 30904; 17
2018/05/17/18/16/00; 30903; 30903; 30898; 30901; 24
2018/05/17/18/17/00; 30902; 30902; 30892; 30898; 34
2018/05/17/18/18/00; 30898; 30898; 30893; 30896; 22
2018/05/17/18/19/00; 30895; 30895; 30886; 30886; 78
2018/05/17/18/20/00; 30886; 30891; 30878; 30890; 106
2018/05/17/18/21/00; 30891; 30893; 30883; 30889; 33
2018/05/17/18/22/00; 30886; 30886; 30880; 30883; 32
2018/05/17/18/23/00; 30881; 30886; 30880; 30880; 33
2018/05/17/18/24/00; 30878; 30881; 30868; 30872; 119
2018/05/17/18/25/00; 30870; 30872; 30863; 30866; 84
2018/05/17/18/26/00; 30866; 30872; 30863; 30869; 58
2018/05/17/18/27/00; 30869; 30870; 30861; 30868; 32
2018/05/17/18/28/00; 30869; 30876; 30866; 30872; 73
2018/05/17/18/29/00; 30874; 30879; 30873; 30876; 43
2018/05/17/18/30/00; 30875; 30875; 30868; 30872; 43
2018/05/17/18/31/00; 30872; 30874; 30870; 30874; 22
2018/05/17/18/32/00; 30876; 30876; 30871; 30873; 19
2018/05/17/18/33/00; 30872; 30881; 30872; 30876; 42
2018/05/17/18/34/00; 30875; 30878; 30872; 30872; 26
2018/05/17/18/35/00; 30874; 30874; 30861; 30862; 66
2018/05/17/18/36/00; 30866; 30866; 30860; 30863; 50
2018/05/17/18/37/00; 30862; 30870; 30862; 30865; 31
2018/05/17/18/38/00; 30865; 30874; 30865; 30874; 25
2018/05/17/18/39/00; 30871; 30878; 30871; 30873; 27
2018/05/17/18/40/00; 30874; 30877; 30872; 30874; 17
2018/05/17/18/41/00; 30872; 30872; 30870; 30871; 17
2018/05/17/18/42/00; 30871; 30876; 30871; 30875; 14
2018/05/17/18/43/00; 30875; 30875; 30869; 30871; 10
2018/05/17/18/44/00; 30867; 30872; 30867; 30871; 11
2018/05/17/18/45/00; 30868; 30873; 30865; 30867; 27
2018/05/17/18/46/00; 30868; 30873; 30867; 30873; 13
2018/05/17/18/47/00; 30874; 30874; 30872; 30872; 10
2018/05/17/18/48/00; 30873; 30887; 30872; 30880; 95
2018/05/17/18/49/00; 30881; 30884; 30877; 30884; 39
2018/05/17/18/50/00; 30885; 30886; 30879; 30879; 36
2018/05/17/18/51/00; 30880; 30886; 30879; 30885; 20
2018/05/17/18/52/00; 30885; 30889; 30880; 30889; 22
2018/05/17/18/53/00; 30889; 30889; 30880; 30888; 65
2018/05/17/18/54/00; 30887; 30889; 30885; 30886; 27
2018/05/17/18/55/00; 30887; 30892; 30885; 30889; 44
2018/05/17/18/56/00; 30887; 30887; 30881; 30884; 28
2018/05/17/18/57/00; 30882; 30882; 30873; 30873; 36
2018/05/17/18/58/00; 30873; 30874; 30867; 30868; 42
2018/05/17/18/59/00; 30867; 30876; 30866; 30876; 35
2018/05/17/19/00/00; 30877; 30878; 30873; 30876; 26
2018/05/17/19/01/00; 30877; 30877; 30872; 30874; 16
2018/05/17/19/02/00; 30875; 30875; 30869; 30870; 29
2018/05/17/19/03/00; 30870; 30877; 30870; 30875; 16
2018/05/17/19/04/00; 30874; 30883; 30874; 30883; 44
2018/05/17/19/05/00; 30881; 30889; 30880; 30883; 81
2018/05/17/19/06/00; 30882; 30884; 30879; 30884; 41
2018/05/17/19/07/00; 30883; 30883; 30876; 30879; 47
2018/05/17/19/08/00; 30878; 30879; 30878; 30878; 5
2018/05/17/19/09/00; 30877; 30885; 30877; 30885; 18
2018/05/17/19/10/00; 30885; 30885; 30880; 30880; 27
2018/05/17/19/11/00; 30881; 30882; 30880; 30880; 7
2018/05/17/19/12/00; 30881; 30885; 30880; 30880; 9
2018/05/17/19/13/00; 30883; 30883; 30879; 30879; 14
2018/05/17/19/14/00; 30879; 30879; 30874; 30877; 26
2018/05/17/19/15/00; 30876; 30877; 30871; 30871; 23
2018/05/17/19/16/00; 30871; 30878; 30870; 30878; 38
2018/05/17/19/17/00; 30877; 30877; 30871; 30873; 29
2018/05/17/19/18/00; 30875; 30879; 30873; 30879; 34
2018/05/17/19/19/00; 30879; 30881; 30878; 30880; 18
2018/05/17/19/20/00; 30881; 30884; 30880; 30882; 22
2018/05/17/19/21/00; 30881; 30881; 30878; 30878; 7
2018/05/17/19/22/00; 30878; 30883; 30877; 30883; 16
2018/05/17/19/23/00; 30883; 30884; 30881; 30882; 15
2018/05/17/19/24/00; 30879; 30890; 30879; 30889; 34
2018/05/17/19/25/00; 30888; 30889; 30882; 30886; 41
2018/05/17/19/26/00; 30885; 30888; 30885; 30887; 22
2018/05/17/19/27/00; 30888; 30889; 30885; 30885; 17
2018/05/17/19/28/00; 30885; 30886; 30885; 30885; 8
2018/05/17/19/29/00; 30887; 30892; 30887; 30891; 31
2018/05/17/19/30/00; 30892; 30900; 30890; 30896; 142
2018/05/17/19/31/00; 30897; 30898; 30890; 30893; 60
2018/05/17/19/32/00; 30895; 30896; 30889; 30893; 35
2018/05/17/19/33/00; 30894; 30897; 30891; 30894; 21
2018/05/17/19/34/00; 30892; 30896; 30890; 30890; 28
2018/05/17/19/35/00; 30891; 30891; 30886; 30888; 17
2018/05/17/19/36/00; 30890; 30892; 30887; 30892; 25
2018/05/17/19/37/00; 30890; 30894; 30889; 30894; 19
2018/05/17/19/38/00; 30895; 30895; 30892; 30894; 18
2018/05/17/19/39/00; 30893; 30899; 30893; 30898; 31
2018/05/17/19/40/00; 30899; 30908; 30898; 30901; 122
2018/05/17/19/41/00; 30902; 30910; 30902; 30910; 61
2018/05/17/19/42/00; 30910; 30910; 30901; 30906; 61
2018/05/17/19/43/00; 30905; 30906; 30901; 30901; 34
2018/05/17/19/44/00; 30901; 30909; 30901; 30907; 39
2018/05/17/19/45/00; 30906; 30908; 30903; 30908; 22
2018/05/17/19/46/00; 30905; 30906; 30899; 30903; 48
2018/05/17/19/47/00; 30903; 30903; 30896; 30899; 49
2018/05/17/19/48/00; 30900; 30901; 30899; 30901; 8
2018/05/17/19/49/00; 30899; 30903; 30898; 30903; 25
2018/05/17/19/50/00; 30903; 30906; 30898; 30900; 28
2018/05/17/19/51/00; 30901; 30907; 30900; 30902; 38
2018/05/17/19/52/00; 30904; 30904; 30897; 30898; 17
2018/05/17/19/53/00; 30899; 30899; 30886; 30891; 86
2018/05/17/19/54/00; 30890; 30892; 30887; 30890; 29
2018/05/17/19/55/00; 30892; 30892; 30879; 30881; 103
2018/05/17/19/56/00; 30883; 30885; 30869; 30869; 109
2018/05/17/19/57/00; 30870; 30884; 30868; 30878; 148
2018/05/17/19/58/00; 30879; 30880; 30874; 30879; 48
2018/05/17/19/59/00; 30878; 30882; 30877; 30878; 27
2018/05/17/20/00/00; 30876; 30880; 30873; 30880; 52
2018/05/17/20/01/00; 30876; 30878; 30868; 30877; 55
2018/05/17/20/02/00; 30878; 30879; 30875; 30878; 19
2018/05/17/20/03/00; 30879; 30883; 30879; 30880; 32
2018/05/17/20/04/00; 30879; 30881; 30879; 30879; 13
2018/05/17/20/05/00; 30879; 30882; 30878; 30880; 20
2018/05/17/20/06/00; 30880; 30887; 30879; 30887; 22
2018/05/17/20/07/00; 30887; 30889; 30883; 30887; 38
2018/05/17/20/08/00; 30887; 30890; 30884; 30887; 33
2018/05/17/20/09/00; 30886; 30888; 30885; 30888; 35
2018/05/17/20/10/00; 30888; 30890; 30885; 30887; 35
2018/05/17/20/11/00; 30888; 30894; 30887; 30894; 22
2018/05/17/20/12/00; 30894; 30895; 30889; 30889; 56
2018/05/17/20/13/00; 30889; 30891; 30888; 30889; 27
2018/05/17/20/14/00; 30888; 30893; 30887; 30892; 29
2018/05/17/20/15/00; 30890; 30898; 30890; 30895; 48
2018/05/17/20/16/00; 30895; 30900; 30892; 30900; 54
2018/05/17/20/17/00; 30897; 30899; 30895; 30895; 17
2018/05/17/20/18/00; 30893; 30893; 30892; 30892; 13
2018/05/17/20/19/00; 30893; 30895; 30891; 30892; 13
2018/05/17/20/20/00; 30891; 30891; 30888; 30889; 19
2018/05/17/20/21/00; 30888; 30890; 30882; 30883; 58
2018/05/17/20/22/00; 30882; 30884; 30871; 30874; 129
2018/05/17/20/23/00; 30874; 30882; 30872; 30879; 56
2018/05/17/20/24/00; 30878; 30886; 30878; 30886; 41
2018/05/17/20/25/00; 30885; 30889; 30885; 30885; 51
2018/05/17/20/26/00; 30887; 30893; 30887; 30892; 40
2018/05/17/20/27/00; 30893; 30893; 30885; 30887; 31
2018/05/17/20/28/00; 30887; 30892; 30887; 30892; 8
2018/05/17/20/29/00; 30891; 30896; 30886; 30887; 64
2018/05/17/20/30/00; 30887; 30892; 30885; 30891; 30
2018/05/17/20/31/00; 30892; 30893; 30887; 30890; 35
2018/05/17/20/32/00; 30892; 30893; 30873; 30874; 91
2018/05/17/20/33/00; 30874; 30882; 30873; 30876; 74
2018/05/17/20/34/00; 30878; 30884; 30877; 30882; 17
2018/05/17/20/35/00; 30881; 30882; 30855; 30864; 222
2018/05/17/20/36/00; 30863; 30863; 30851; 30851; 221
2018/05/17/20/37/00; 30851; 30864; 30851; 30862; 79
2018/05/17/20/38/00; 30861; 30862; 30856; 30858; 51
2018/05/17/20/39/00; 30860; 30864; 30860; 30864; 43
2018/05/17/20/40/00; 30861; 30863; 30856; 30861; 67
2018/05/17/20/41/00; 30859; 30871; 30859; 30865; 52
2018/05/17/20/42/00; 30866; 30871; 30865; 30865; 29
2018/05/17/20/43/00; 30865; 30866; 30861; 30861; 22
2018/05/17/20/44/00; 30860; 30865; 30859; 30862; 27
2018/05/17/20/45/00; 30861; 30861; 30853; 30855; 66
2018/05/17/20/46/00; 30855; 30855; 30848; 30853; 79
2018/05/17/20/47/00; 30852; 30861; 30849; 30858; 68
2018/05/17/20/48/00; 30859; 30860; 30852; 30854; 40
2018/05/17/20/49/00; 30855; 30859; 30850; 30856; 36
2018/05/17/20/50/00; 30854; 30858; 30852; 30858; 26
2018/05/17/20/51/00; 30859; 30860; 30856; 30860; 28
2018/05/17/20/52/00; 30859; 30872; 30859; 30868; 131
2018/05/17/20/53/00; 30866; 30868; 30865; 30866; 24
2018/05/17/20/54/00; 30864; 30865; 30858; 30862; 60
2018/05/17/20/55/00; 30863; 30865; 30861; 30864; 15
2018/05/17/20/56/00; 30863; 30863; 30861; 30863; 8
2018/05/17/20/57/00; 30864; 30867; 30864; 30865; 28
2018/05/17/20/58/00; 30865; 30880; 30865; 30871; 119
2018/05/17/20/59/00; 30875; 30887; 30872; 30881; 109
2018/05/17/21/00/00; 30877; 30884; 30876; 30883; 86
2018/05/17/21/01/00; 30880; 30882; 30875; 30878; 75
2018/05/17/21/02/00; 30879; 30882; 30875; 30877; 38
2018/05/17/21/03/00; 30874; 30879; 30873; 30875; 27
2018/05/17/21/04/00; 30875; 30882; 30874; 30877; 52
2018/05/17/21/05/00; 30877; 30885; 30877; 30882; 31
2018/05/17/21/06/00; 30882; 30884; 30878; 30880; 47
2018/05/17/21/07/00; 30882; 30882; 30873; 30874; 47
2018/05/17/21/08/00; 30873; 30876; 30871; 30873; 28
2018/05/17/21/09/00; 30872; 30874; 30868; 30870; 33
2018/05/17/21/10/00; 30868; 30876; 30868; 30876; 31
2018/05/17/21/11/00; 30876; 30880; 30876; 30876; 15
2018/05/17/21/12/00; 30878; 30884; 30875; 30882; 58
2018/05/17/21/13/00; 30880; 30888; 30878; 30878; 83
2018/05/17/21/14/00; 30878; 30881; 30877; 30878; 24
2018/05/17/21/15/00; 30878; 30883; 30878; 30883; 12
2018/05/17/21/16/00; 30882; 30885; 30879; 30882; 21
2018/05/17/21/17/00; 30879; 30879; 30873; 30878; 41
2018/05/17/21/18/00; 30877; 30879; 30876; 30876; 18
2018/05/17/21/19/00; 30878; 30880; 30873; 30880; 34
2018/05/17/21/20/00; 30879; 30880; 30872; 30875; 36
2018/05/17/21/21/00; 30874; 30874; 30870; 30874; 34
2018/05/17/21/22/00; 30875; 30876; 30870; 30872; 27
2018/05/17/21/23/00; 30872; 30873; 30856; 30863; 188
2018/05/17/21/24/00; 30862; 30865; 30855; 30865; 63
2018/05/17/21/25/00; 30865; 30874; 30865; 30873; 41
2018/05/17/21/26/00; 30876; 30876; 30867; 30869; 25
2018/05/17/21/27/00; 30873; 30883; 30873; 30881; 42
2018/05/17/21/28/00; 30878; 30882; 30877; 30879; 28
2018/05/17/21/29/00; 30878; 30882; 30874; 30880; 31
2018/05/17/21/30/00; 30882; 30904; 30868; 30872; 586
2018/05/17/21/31/00; 30875; 30878; 30847; 30850; 480
2018/05/17/21/32/00; 30850; 30853; 30836; 30848; 404
2018/05/17/21/33/00; 30849; 30861; 30847; 30857; 180
2018/05/17/21/34/00; 30860; 30861; 30841; 30848; 144
2018/05/17/21/35/00; 30848; 30854; 30838; 30841; 112
2018/05/17/21/36/00; 30840; 30872; 30835; 30866; 276
2018/05/17/21/37/00; 30866; 30868; 30854; 30861; 69
2018/05/17/21/38/00; 30861; 30863; 30852; 30853; 51
2018/05/17/21/39/00; 30851; 30851; 30832; 30840; 182
2018/05/17/21/40/00; 30840; 30843; 30825; 30827; 197
2018/05/17/21/41/00; 30825; 30832; 30817; 30825; 369
2018/05/17/21/42/00; 30826; 30840; 30820; 30831; 186
2018/05/17/21/43/00; 30833; 30839; 30826; 30831; 89
2018/05/17/21/44/00; 30831; 30838; 30828; 30834; 66
2018/05/17/21/45/00; 30834; 30843; 30831; 30840; 97
2018/05/17/21/46/00; 30840; 30850; 30840; 30849; 125
2018/05/17/21/47/00; 30849; 30856; 30843; 30849; 138
2018/05/17/21/48/00; 30850; 30855; 30848; 30853; 71
2018/05/17/21/49/00; 30854; 30863; 30852; 30858; 110
2018/05/17/21/50/00; 30858; 30865; 30855; 30859; 104
2018/05/17/21/51/00; 30860; 30882; 30860; 30877; 261
2018/05/17/21/52/00; 30876; 30878; 30868; 30876; 143
2018/05/17/21/53/00; 30876; 30878; 30873; 30873; 93
2018/05/17/21/54/00; 30873; 30875; 30856; 30861; 234
2018/05/17/21/55/00; 30862; 30874; 30862; 30868; 91
2018/05/17/21/56/00; 30868; 30874; 30864; 30866; 66
2018/05/17/21/57/00; 30865; 30870; 30863; 30869; 41
2018/05/17/21/58/00; 30868; 30880; 30867; 30879; 75
2018/05/17/21/59/00; 30879; 30899; 30872; 30872; 239
2018/05/17/22/00/00; 30871; 30910; 30870; 30909; 325
2018/05/17/22/01/00; 30910; 30910; 30894; 30895; 207
2018/05/17/22/02/00; 30896; 30914; 30894; 30913; 120
2018/05/17/22/03/00; 30914; 30916; 30906; 30909; 123
2018/05/17/22/04/00; 30907; 30909; 30897; 30904; 132
2018/05/17/22/05/00; 30905; 30923; 30902; 30918; 231
2018/05/17/22/06/00; 30920; 30924; 30912; 30924; 156
2018/05/17/22/07/00; 30924; 30926; 30915; 30921; 151
2018/05/17/22/08/00; 30922; 30925; 30916; 30924; 126
2018/05/17/22/09/00; 30926; 30926; 30908; 30909; 164
2018/05/17/22/10/00; 30909; 30928; 30908; 30920; 189
2018/05/17/22/11/00; 30919; 30920; 30911; 30911; 90
2018/05/17/22/12/00; 30910; 30910; 30900; 30902; 116
2018/05/17/22/13/00; 30903; 30913; 30899; 30904; 74
2018/05/17/22/14/00; 30908; 30909; 30900; 30901; 69
2018/05/17/22/15/00; 30900; 30906; 30897; 30904; 95
2018/05/17/22/16/00; 30905; 30910; 30904; 30905; 59
2018/05/17/22/17/00; 30903; 30920; 30903; 30915; 94
2018/05/17/22/18/00; 30919; 30922; 30912; 30917; 103
2018/05/17/22/19/00; 30916; 30919; 30914; 30919; 61
2018/05/17/22/20/00; 30916; 30930; 30916; 30928; 183
2018/05/17/22/21/00; 30928; 30932; 30925; 30932; 142
2018/05/17/22/22/00; 30932; 30958; 30930; 30949; 555
2018/05/17/22/23/00; 30947; 30950; 30939; 30945; 125
2018/05/17/22/24/00; 30948; 30948; 30939; 30940; 92
2018/05/17/22/25/00; 30941; 30945; 30937; 30944; 65
2018/05/17/22/26/00; 30944; 30945; 30932; 30934; 94
2018/05/17/22/27/00; 30935; 30939; 30935; 30938; 32
2018/05/17/22/28/00; 30936; 30937; 30927; 30930; 102
2018/05/17/22/29/00; 30931; 30935; 30930; 30935; 51
2018/05/17/22/30/00; 30936; 30940; 30930; 30934; 109
2018/05/17/22/31/00; 30935; 30942; 30934; 30939; 94
2018/05/17/22/32/00; 30941; 30941; 30934; 30934; 28
2018/05/17/22/33/00; 30935; 30954; 30935; 30948; 106
2018/05/17/22/34/00; 30949; 30967; 30944; 30966; 157
2018/05/17/22/35/00; 30966; 30968; 30955; 30961; 254
2018/05/17/22/36/00; 30963; 30966; 30960; 30963; 87
2018/05/17/22/37/00; 30965; 30973; 30962; 30970; 195
2018/05/17/22/38/00; 30969; 30973; 30966; 30970; 69
2018/05/17/22/39/00; 30971; 30973; 30956; 30959; 121
2018/05/17/22/40/00; 30961; 30962; 30953; 30960; 106
2018/05/17/22/41/00; 30956; 30962; 30953; 30959; 72
2018/05/17/22/42/00; 30960; 30970; 30959; 30968; 73
2018/05/17/22/43/00; 30968; 30975; 30965; 30965; 165
2018/05/17/22/44/00; 30967; 30970; 30962; 30965; 67
2018/05/17/22/45/00; 30963; 30966; 30956; 30963; 115
2018/05/17/22/46/00; 30961; 30962; 30953; 30958; 75
2018/05/17/22/47/00; 30957; 30963; 30952; 30959; 63
2018/05/17/22/48/00; 30958; 30960; 30956; 30957; 44
2018/05/17/22/49/00; 30959; 30963; 30957; 30962; 40
2018/05/17/22/50/00; 30962; 30965; 30956; 30958; 44
2018/05/17/22/51/00; 30957; 30964; 30955; 30960; 29
2018/05/17/22/52/00; 30959; 30974; 30959; 30970; 148
2018/05/17/22/53/00; 30971; 30986; 30970; 30983; 205
2018/05/17/22/54/00; 30984; 30993; 30979; 30980; 207
2018/05/17/22/55/00; 30980; 30982; 30975; 30979; 67
2018/05/17/22/56/00; 30978; 30979; 30968; 30968; 88
2018/05/17/22/57/00; 30968; 30978; 30964; 30974; 73
2018/05/17/22/58/00; 30975; 30975; 30969; 30973; 33
2018/05/17/22/59/00; 30973; 30978; 30970; 30970; 64
2018/05/17/23/00/00; 30974; 30978; 30971; 30975; 36
2018/05/17/23/01/00; 30973; 30975; 30963; 30968; 74
2018/05/17/23/02/00; 30967; 30969; 30945; 30949; 129
2018/05/17/23/03/00; 30949; 30955; 30944; 30950; 158
2018/05/17/23/04/00; 30951; 30955; 30945; 30947; 66
2018/05/17/23/05/00; 30947; 30949; 30937; 30937; 139
2018/05/17/23/06/00; 30938; 30951; 30935; 30950; 149
2018/05/17/23/07/00; 30949; 30950; 30943; 30947; 62
2018/05/17/23/08/00; 30949; 30957; 30946; 30957; 74
2018/05/17/23/09/00; 30956; 30956; 30947; 30947; 33
2018/05/17/23/10/00; 30950; 30951; 30948; 30949; 28
2018/05/17/23/11/00; 30950; 30955; 30950; 30954; 24
2018/05/17/23/12/00; 30953; 30955; 30942; 30946; 49
2018/05/17/23/13/00; 30946; 30946; 30938; 30946; 131
2018/05/17/23/14/00; 30942; 30948; 30940; 30947; 66
2018/05/17/23/15/00; 30946; 30946; 30934; 30938; 66
2018/05/17/23/16/00; 30937; 30940; 30928; 30933; 148
2018/05/17/23/17/00; 30934; 30939; 30933; 30938; 34
2018/05/17/23/18/00; 30937; 30939; 30929; 30936; 66
2018/05/17/23/19/00; 30937; 30944; 30937; 30941; 69
2018/05/17/23/20/00; 30943; 30952; 30943; 30950; 61
2018/05/17/23/21/00; 30951; 30953; 30942; 30944; 49
2018/05/17/23/22/00; 30947; 30953; 30945; 30951; 45
2018/05/17/23/23/00; 30951; 30958; 30948; 30948; 76
2018/05/17/23/24/00; 30949; 30949; 30944; 30945; 27
2018/05/17/23/25/00; 30945; 30953; 30944; 30950; 43
2018/05/17/23/26/00; 30953; 30953; 30936; 30937; 65
2018/05/17/23/27/00; 30938; 30944; 30937; 30938; 25
2018/05/17/23/28/00; 30939; 30946; 30939; 30945; 33
2018/05/17/23/29/00; 30944; 30945; 30937; 30944; 34
2018/05/17/23/30/00; 30947; 30951; 30946; 30950; 23
2018/05/17/23/31/00; 30952; 30953; 30946; 30948; 38
2018/05/17/23/32/00; 30947; 30948; 30939; 30940; 35
2018/05/17/23/33/00; 30940; 30940; 30922; 30927; 139
2018/05/17/23/34/00; 30928; 30928; 30913; 30925; 139
2018/05/17/23/35/00; 30924; 30926; 30919; 30923; 47
2018/05/17/23/36/00; 30924; 30935; 30924; 30928; 50
2018/05/17/23/37/00; 30931; 30932; 30929; 30931; 36
2018/05/17/23/38/00; 30931; 30934; 30927; 30934; 34
2018/05/17/23/39/00; 30935; 30941; 30934; 30938; 51
2018/05/17/23/40/00; 30940; 30949; 30935; 30945; 41
2018/05/17/23/41/00; 30948; 30950; 30940; 30944; 49
2018/05/17/23/42/00; 30943; 30950; 30943; 30946; 41
2018/05/17/23/43/00; 30944; 30945; 30935; 30939; 36
2018/05/17/23/44/00; 30937; 30941; 30937; 30941; 32
2018/05/17/23/45/00; 30942; 30942; 30936; 30938; 86
2018/05/17/23/46/00; 30940; 30949; 30940; 30942; 29
2018/05/17/23/47/00; 30940; 30944; 30936; 30936; 46
2018/05/17/23/48/00; 30937; 30937; 30933; 30937; 23
2018/05/17/23/49/00; 30935; 30938; 30925; 30925; 56
2018/05/17/23/50/00; 30926; 30933; 30922; 30922; 79
2018/05/17/23/51/00; 30922; 30926; 30918; 30922; 97
2018/05/17/23/52/00; 30920; 30925; 30919; 30924; 35
2018/05/17/23/53/00; 30925; 30928; 30919; 30919; 34
2018/05/17/23/54/00; 30918; 30924; 30912; 30914; 66
2018/05/17/23/55/00; 30916; 30926; 30915; 30925; 39
2018/05/17/23/56/00; 30925; 30930; 30922; 30926; 42
2018/05/17/23/57/00; 30928; 30931; 30926; 30928; 32
