1 600519 貴州茅台 488,126,650 335,562,953 823,689,603 
2 601318 中國平安 452,567,207 177,844,586 630,411,793 
3 600036 招商銀行 231,561,393 43,735,023 275,296,416 
4 600030 中信證券 124,965,884 147,030,192 271,996,076 
5 600019 寶鋼股份 138,244,306 96,366,435 234,610,741 
6 601888 中國國旅 152,617,124 66,472,882 219,090,006 
7 601166 興業銀行 117,260,049 98,107,895 215,367,944 
8 600050 中國聯通 87,781,371 101,688,590 189,469,961 
9 600276 恒瑞醫藥 142,478,614 46,799,234 189,277,848 
10 600066 宇通客車 98,436,956 74,142,596 172,579,552 

1 2415 海康威視 335,700,551 178,030,538 513,731,089 
2 725 京東方Ａ 304,219,920 151,369,686 455,589,606 
3 333 美的集團 158,374,854 166,775,213 325,150,067 
4 858 五糧液 158,412,083 99,151,326 257,563,409 
5 1 平安銀行 169,312,344 62,021,616 231,333,960 
6 2008 大族激光 103,879,257 56,719,803 160,599,060 
7 2594 比亞迪 110,103,299 42,761,896 152,865,195 
8 2 萬科Ａ 104,621,609 38,639,792 143,261,401 
9 2230 科大訊飛 53,232,072 76,434,369 129,666,441 
10 651 格力電器 48,759,853 76,975,152 125,735,005 
