1 600519 貴州茅台 988,378,717 502,585,870 1,490,964,587 
2 601318 中國平安 527,555,832 152,552,038 680,107,870 
3 600887 伊利股份 132,362,782 41,206,859 173,569,641 
4 600030 中信證券 94,358,482 78,599,688 172,958,170 
5 600019 寶鋼股份 55,963,612 58,632,646 114,596,258 
6 600036 招商銀行 71,078,276 37,152,217 108,230,493 
7 601766 中國中車 36,061,740 62,616,460 98,678,200 
8 601668 中國建築 61,647,397 36,057,449 97,704,846 
9 601601 中國太保 32,517,163 64,776,054 97,293,217 
10 601166 興業銀行 49,286,721 42,625,987 91,912,708 

1 333 美的集團 413,615,750 186,955,229 600,570,979 
2 858 五糧液 387,237,632 211,445,398 598,683,030 
3 2304 洋河股份 120,498,611 197,567,743 318,066,354 
4 725 京東方Ａ 126,078,748 126,532,116 252,610,864 
5 2415 海康威視 152,507,432 83,091,578 235,599,010 
6 1 平安銀行 169,476,239 38,160,367 207,636,606 
7 538 雲南白藥 178,643,692 5,340,887 183,984,579 
8 2027 分眾傳媒 113,572,953 47,268,210 160,841,163 
9 2 萬科Ａ 107,483,433 41,167,186 148,650,619 
10 651 格力電器 84,710,533 59,926,188 144,636,721 
