1 600887 伊利股份 214,097,663 1,140,262,609 1,354,360,272 
2 601318 中國平安 200,733,269 510,995,982 711,729,251 
3 600519 貴州茅台 222,833,628 192,265,075 415,098,703 
4 600036 招商銀行 120,055,962 201,508,636 321,564,598 
5 601989 中國重工 243,667,408 50,698,767 294,366,175 
6 600900 長江電力 184,960,550 22,452,961 207,413,511 
7 601985 中國核電 125,993,517 55,913,674 181,907,191 
8 600048 保利地產 40,639,153 118,675,161 159,314,314 
9 600016 民生銀行 87,238,125 59,993,498 147,231,623 
10 601166 興業銀行 66,015,293 70,602,784 136,618,077 

1 2027 分眾傳媒 89,231,574 453,253,819 542,485,393 
2 858 五糧液 156,031,999 280,004,777 436,036,776 
3 725 京東方Ａ 161,832,502 180,869,958 342,702,460 
4 2415 海康威視 76,662,617 252,988,787 329,651,404 
5 333 美的集團 161,016,212 151,661,542 312,677,754 
6 2 萬科Ａ 71,581,829 93,481,777 165,063,606 
7 2572 索菲亞 28,354,172 134,548,653 162,902,825 
8 2236 大華股份 62,398,245 98,030,749 160,428,994 
9 2008 大族激光 37,415,608 118,183,239 155,598,847 
10 2304 洋河股份 35,649,897 97,317,395 132,967,292 
