1 600519 貴州茅台 490,800,676 248,760,718 739,561,394 
2 601318 中國平安 215,721,259 453,222,233 668,943,492 
3 600887 伊利股份 253,596,533 78,612,562 332,209,095 
4 600276 恒瑞醫藥 228,561,331 42,660,448 271,221,779 
5 600690 青島海爾 102,692,371 118,271,206 220,963,577 
6 600066 宇通客車 97,750,048 80,447,403 178,197,451 
7 600036 招商銀行 107,787,995 61,994,464 169,782,459 
8 600196 復星醫藥 48,703,581 92,354,941 141,058,522 
9 601989 中國重工 20,792,170 101,486,018 122,278,188 
10 601166 興業銀行 67,687,088 51,895,621 119,582,709 

1 2415 海康威視 283,484,100 309,054,475 592,538,575 
2 333 美的集團 396,856,028 157,417,087 554,273,115 
3 651 格力電器 233,831,119 97,805,303 331,636,422 
4 725 京東方Ａ 181,938,484 131,103,729 313,042,213 
5 858 五糧液 158,691,157 134,094,877 292,786,034 
6 1 平安銀行 83,072,130 150,004,642 233,076,772 
7 568 瀘州老窖 63,701,217 155,110,840 218,812,057 
8 2027 分眾傳媒 46,726,589 109,136,204 155,862,793 
9 2 萬科Ａ 105,313,722 44,391,009 149,704,731 
10 2008 大族激光 88,782,408 60,150,505 148,932,913 
