1 600519 貴州茅台 469,513,114 162,862,217 632,375,331 
2 601318 中國平安 72,419,208 479,893,047 552,312,255 
3 600887 伊利股份 219,198,156 65,994,613 285,192,769 
4 600276 恒瑞醫藥 199,249,905 29,736,205 228,986,110 
5 600066 宇通客車 110,359,934 73,267,709 183,627,643 
6 600036 招商銀行 54,782,705 127,968,354 182,751,059 
7 600690 青島海爾 115,354,133 27,993,105 143,347,238 
8 600048 保利地產 26,964,577 83,691,759 110,656,336 
9 600009 上海機場 74,517,023 31,669,312 106,186,335 
10 600019 寶鋼股份 40,282,456 59,552,227 99,834,683 

1 2415 海康威視 181,961,938 195,231,643 377,193,581 
2 858 五糧液 197,215,132 130,917,966 328,133,098 
3 333 美的集團 113,955,697 149,175,245 263,130,942 
4 2304 洋河股份 170,538,339 32,753,355 203,291,694 
5 725 京東方Ａ 81,515,729 100,809,993 182,325,722 
6 2 萬科Ａ 97,123,675 78,852,605 175,976,280 
7 2583 海能達 117,578,755 41,227,258 158,806,013 
8 1 平安銀行 27,832,824 111,896,263 139,729,087 
9 2027 分眾傳媒 70,893,742 54,278,676 125,172,418 
10 651 格力電器 64,211,316 52,287,376 116,498,692 
