1 600276 恒瑞醫藥 162,506,112 367,518,103 530,024,215 
2 601318 中國平安 212,834,429 236,917,998 449,752,427 
3 600519 貴州茅台 290,592,705 111,224,276 401,816,981 
4 600690 青島海爾 307,138,954 43,136,408 350,275,362 
5 600104 上汽集團 249,095,964 42,510,659 291,606,623 
6 600406 國電南瑞 207,054,461 40,182,036 247,236,497 
7 600050 中國聯通 190,133,977 44,129,738 234,263,715 
8 600887 伊利股份 160,882,368 41,865,079 202,747,447 
9 600030 中信證券 100,841,549 61,469,310 162,310,859 
10 600585 海螺水泥 33,686,411 110,019,411 143,705,822 

1 1 平安銀行 320,144,392 74,717,549 394,861,941 
2 2415 海康威視 250,679,237 95,759,851 346,439,088 
3 858 五糧液 245,190,814 87,579,951 332,770,765 
4 725 京東方Ａ 174,596,175 109,310,543 283,906,718 
5 333 美的集團 221,229,043 42,515,877 263,744,920 
6 651 格力電器 170,819,931 46,748,783 217,568,714 
7 300433 藍思科技 46,404,419 160,580,411 206,984,830 
8 2583 海能達 68,583,574 115,159,149 183,742,723 
9 538 雲南白藥 81,463,668 91,963,437 173,427,105 
10 2304 洋河股份 123,723,877 24,553,093 148,276,970 
