1 600519 貴州茅台 230,734,031 356,760,947 587,494,978 
2 601318 中國平安 276,585,212 308,991,637 585,576,849 
3 601888 中國國旅 364,571,207 71,431,038 436,002,245 
4 600585 海螺水泥 65,326,392 300,048,184 365,374,576 
5 600030 中信證券 159,548,548 119,809,410 279,357,958 
6 600887 伊利股份 170,796,246 69,672,842 240,469,088 
7 600019 寶鋼股份 112,435,861 122,512,699 234,948,560 
8 600690 青島海爾 178,354,498 49,056,059 227,410,557 
9 600048 保利地產 90,306,992 101,501,492 191,808,484 
10 600066 宇通客車 90,841,856 86,197,788 177,039,644 

1 2415 海康威視 244,935,598 387,120,456 632,056,054 
2 2 萬科Ａ 123,738,890 187,955,339 311,694,229 
3 333 美的集團 84,916,060 201,311,296 286,227,356 
4 725 京東方Ａ 151,137,603 134,802,585 285,940,188 
5 651 格力電器 127,759,025 139,583,540 267,342,565 
6 858 五糧液 102,261,393 149,758,450 252,019,843 
7 1 平安銀行 89,407,335 141,031,774 230,439,109 
8 2008 大族激光 57,097,375 95,522,997 152,620,372 
9 2583 海能達 32,732,436 94,683,253 127,415,689 
10 2594 比亞迪 66,692,691 57,652,111 124,344,802 
