1 601318 中國平安 548,387,734 327,476,232 875,863,966 
2 600519 貴州茅台 348,762,518 322,367,100 671,129,618 
3 600887 伊利股份 224,382,582 50,168,586 274,551,168 
4 600036 招商銀行 125,661,967 95,411,753 221,073,720 
5 600276 恒瑞醫藥 89,653,004 106,388,741 196,041,745 
6 601766 中國中車 101,052,703 94,930,364 195,983,067 
7 601398 工商銀行 57,787,977 108,421,652 166,209,629 
8 600048 保利地產 75,024,285 68,110,728 143,135,013 
9 600900 長江電力 85,344,067 56,919,821 142,263,888 
10 601939 建設銀行 78,461,911 59,656,360 138,118,271 

1 2415 海康威視 159,479,393 190,095,401 349,574,794 
2 333 美的集團 141,611,729 196,023,108 337,634,837 
3 725 京東方Ａ 166,389,343 137,466,548 303,855,891 
4 858 五糧液 164,844,545 103,996,986 268,841,531 
5 2594 比亞迪 59,746,672 182,021,113 241,767,785 
6 1 平安銀行 69,895,261 133,262,136 203,157,397 
7 651 格力電器 133,501,610 52,155,572 185,657,182 
8 2 萬科Ａ 117,973,747 51,370,955 169,344,702 
9 538 雲南白藥 146,442,284 11,287,262 157,729,546 
10 2304 洋河股份 96,172,178 53,740,074 149,912,252 
