1 600519 貴州茅台 315,557,518 366,066,471 681,623,989 
2 600690 青島海爾 311,659,256 151,629,515 463,288,771 
3 601318 中國平安 144,674,426 252,582,859 397,257,285 
4 600104 上汽集團 235,235,407 45,103,015 280,338,422 
5 600036 招商銀行 164,802,840 101,661,783 266,464,623 
6 600309 萬華化學 175,815,277 43,723,571 219,538,848 
7 600276 恒瑞醫藥 108,623,640 105,644,537 214,268,177 
8 601888 中國國旅 122,745,634 62,748,351 185,493,985 
9 600585 海螺水泥 32,351,283 150,929,915 183,281,198 
10 600887 伊利股份 62,780,610 108,530,854 171,311,464 

1 1 平安銀行 543,312,032 93,085,236 636,397,268 
2 651 格力電器 187,618,956 258,253,625 445,872,581 
3 333 美的集團 177,526,468 191,777,105 369,303,573 
4 725 京東方Ａ 150,392,310 151,849,869 302,242,179 
5 2415 海康威視 107,552,687 139,699,064 247,251,751 
6 858 五糧液 71,097,467 165,471,167 236,568,634 
7 2583 海能達 61,842,537 91,337,376 153,179,913 
8 538 雲南白藥 88,890,794 61,424,545 150,315,339 
9 2304 洋河股份 93,462,228 43,073,228 136,535,456 
10 2594 比亞迪 59,747,363 72,093,193 131,840,556 
