1 601318 中國平安 325,361,612 184,185,008 509,546,620 
2 600519 貴州茅台 186,386,294 228,662,244 415,048,538 
3 600887 伊利股份 191,945,072 84,122,102 276,067,174 
4 600036 招商銀行 73,603,196 67,443,974 141,047,170 
5 600208 新湖中寶 19,651,326 106,724,393 126,375,719 
6 601288 農業銀行 75,139,362 45,275,569 120,414,931 
7 600048 保利地產 66,313,551 41,163,579 107,477,130 
8 600276 恒瑞醫藥 65,971,785 38,491,423 104,463,208 
9 601398 工商銀行 44,482,806 57,193,495 101,676,301 
10 600104 上汽集團 37,158,932 59,137,611 96,296,543 

1 333 美的集團 374,770,571 147,188,356 521,958,927 
2 2415 海康威視 163,776,269 241,566,289 405,342,558 
3 2 萬科Ａ 240,229,562 36,295,927 276,525,489 
4 858 五糧液 169,673,983 83,651,718 253,325,701 
5 651 格力電器 130,301,093 80,875,096 211,176,189 
6 725 京東方Ａ 96,546,331 103,509,253 200,055,584 
7 2027 分眾傳媒 148,118,188 39,116,654 187,234,842 
8 2008 大族激光 79,443,335 84,647,591 164,090,926 
9 2304 洋河股份 57,037,285 79,626,479 136,663,764 
10 1 平安銀行 51,506,199 26,477,680 77,983,879 
