1 601318 中國平安 341,682,862 154,326,350 496,009,212 
2 600519 貴州茅台 208,919,203 223,611,761 432,530,964 
3 600900 長江電力 124,016,771 57,449,184 181,465,955 
4 600887 伊利股份 93,934,994 79,043,481 172,978,475 
5 600036 招商銀行 101,211,525 40,828,821 142,040,346 
6 600030 中信證券 48,706,106 66,633,485 115,339,591 
7 600009 上海機場 66,872,824 39,891,070 106,763,894 
8 601601 中國太保 49,449,240 54,773,976 104,223,216 
9 601336 新華保險 58,674,015 38,284,770 96,958,785 
10 601699 潞安環能 56,410,320 37,424,592 93,834,912 

1 858 五糧液 166,143,927 154,745,010 320,888,937 
2 725 京東方Ａ 184,128,735 86,841,616 270,970,351 
3 1 平安銀行 142,996,480 61,873,099 204,869,579 
4 651 格力電器 113,888,707 67,506,522 181,395,229 
5 333 美的集團 85,669,382 75,265,479 160,934,861 
6 2415 海康威視 106,922,368 44,621,514 151,543,882 
7 2027 分眾傳媒 88,808,144 23,739,032 112,547,176 
8 2572 索菲亞 16,659,024 86,384,034 103,043,058 
9 2008 大族激光 61,369,733 32,272,230 93,641,963 
10 423 東阿阿膠 84,847,809 4,490,447 89,338,256 
