1 600519 貴州茅台 348,009,373 297,177,805 645,187,178 
2 601318 中國平安 161,667,090 222,832,645 384,499,735 
3 600585 海螺水泥 136,714,104 167,885,487 304,599,591 
4 600019 寶鋼股份 159,478,382 119,505,993 278,984,375 
5 600887 伊利股份 52,032,393 157,758,100 209,790,493 
6 600276 恒瑞醫藥 124,486,671 72,081,400 196,568,071 
7 600036 招商銀行 113,658,623 52,476,871 166,135,494 
8 600050 中國聯通 91,885,156 69,702,299 161,587,455 
9 600309 萬華化學 74,508,782 83,634,626 158,143,408 
10 600660 福耀玻璃 107,676,738 48,552,301 156,229,039 

1 2415 海康威視 186,223,232 204,370,300 390,593,532 
2 651 格力電器 281,064,586 65,231,780 346,296,366 
3 725 京東方Ａ 204,217,145 137,254,451 341,471,596 
4 1 平安銀行 254,594,010 41,060,573 295,654,583 
5 333 美的集團 171,353,457 108,678,274 280,031,731 
6 568 瀘州老窖 202,755,233 74,434,869 277,190,102 
7 858 五糧液 77,860,402 103,811,187 181,671,589 
8 538 雲南白藥 76,324,810 95,777,918 172,102,728 
9 2 萬科Ａ 65,915,234 103,361,816 169,277,050 
10 2230 科大訊飛 86,515,031 77,947,543 164,462,574 
