1 601318 中國平安 354,709,146 438,694,875 793,404,021 
2 600887 伊利股份 399,313,498 66,247,734 465,561,232 
3 600519 貴州茅台 315,730,139 104,189,248 419,919,387 
4 600036 招商銀行 109,652,992 63,683,382 173,336,374 
5 600066 宇通客車 80,913,590 61,570,482 142,484,072 
6 600276 恒瑞醫藥 87,967,742 45,519,147 133,486,889 
7 600690 青島海爾 71,330,607 61,656,992 132,987,599 
8 601988 中國銀行 68,179,194 62,546,787 130,725,981 
9 601398 工商銀行 101,628,771 18,360,560 119,989,331 
10 601888 中國國旅 26,903,970 82,095,597 108,999,567 

1 2415 海康威視 188,373,980 291,829,265 480,203,245 
2 333 美的集團 248,612,823 65,478,340 314,091,163 
3 858 五糧液 180,976,369 125,221,807 306,198,176 
4 725 京東方Ａ 127,527,519 94,101,664 221,629,183 
5 2304 洋河股份 122,070,552 67,699,456 189,770,008 
6 2 萬科Ａ 143,259,269 28,101,373 171,360,642 
7 651 格力電器 77,876,755 33,549,188 111,425,943 
8 2008 大族激光 54,689,920 53,774,089 108,464,009 
9 2027 分眾傳媒 95,494,991 11,380,958 106,875,949 
10 1 平安銀行 53,571,242 50,040,699 103,611,941 
