1 600519 貴州茅台 150,080,704 356,705,486 506,786,190 
2 601318 中國平安 196,637,101 225,219,173 421,856,274 
3 600887 伊利股份 164,020,297 111,776,178 275,796,475 
4 600276 恒瑞醫藥 139,477,051 84,322,304 223,799,355 
5 600019 寶鋼股份 157,401,046 35,965,748 193,366,794 
6 600050 中國聯通 117,370,967 65,146,666 182,517,633 
7 600048 保利地產 55,713,883 114,231,946 169,945,829 
8 600585 海螺水泥 20,538,000 129,081,228 149,619,228 
9 601888 中國國旅 108,869,157 22,229,762 131,098,919 
10 600036 招商銀行 70,611,177 41,133,853 111,745,030 

1 2415 海康威視 399,698,473 569,358,146 969,056,619 
2 300433 藍思科技 313,684,651 45,726,999 359,411,650 
3 858 五糧液 111,951,333 179,920,272 291,871,605 
4 725 京東方Ａ 108,164,355 126,232,801 234,397,156 
5 333 美的集團 157,533,208 41,609,477 199,142,685 
6 2230 科大訊飛 107,470,002 66,238,350 173,708,352 
7 1 平安銀行 85,457,175 57,647,056 143,104,231 
8 2008 大族激光 63,232,222 69,999,317 133,231,539 
9 2236 大華股份 25,554,932 106,267,282 131,822,214 
10 2304 洋河股份 47,581,124 60,140,525 107,721,649 
