1 600519 貴州茅台 578,728,495 1,197,262,163 1,775,990,658 
2 601318 中國平安 251,279,582 497,729,036 749,008,618 
3 600030 中信證券 130,097,677 160,865,510 290,963,187 
4 600019 寶鋼股份 202,778,831 79,179,250 281,958,081 
5 601166 興業銀行 123,525,579 126,089,264 249,614,843 
6 600276 恒瑞醫藥 157,305,128 78,676,167 235,981,295 
7 600887 伊利股份 111,740,281 120,770,830 232,511,111 
8 600036 招商銀行 101,932,058 127,740,976 229,673,034 
9 600690 青島海爾 74,811,990 143,000,394 217,812,384 
10 600585 海螺水泥 57,294,600 124,584,453 181,879,053 

1 2415 海康威視 219,976,230 612,519,205 832,495,435 
2 333 美的集團 296,281,157 382,579,410 678,860,567 
3 651 格力電器 366,863,140 153,193,029 520,056,169 
4 725 京東方Ａ 204,070,384 232,198,676 436,269,060 
5 858 五糧液 155,821,420 171,970,744 327,792,164 
6 1 平安銀行 118,216,808 137,701,763 255,918,571 
7 2 萬科Ａ 80,578,536 105,688,391 186,266,927 
8 2304 洋河股份 68,734,582 92,308,609 161,043,191 
9 2594 比亞迪 55,185,645 93,107,138 148,292,783 
10 300136 信維通信 105,139,062 32,028,046 137,167,108 
