1 600519 貴州茅台 437,967,439 183,021,197 620,988,636 
2 601318 中國平安 321,401,552 174,596,494 495,998,046 
3 600048 保利地產 144,758,316 79,212,718 223,971,034 
4 600900 長江電力 44,691,213 116,299,604 160,990,817 
5 600887 伊利股份 86,976,189 50,218,478 137,194,667 
6 600276 恒瑞醫藥 84,867,986 30,596,012 115,463,998 
7 601939 建設銀行 25,366,520 83,078,772 108,445,292 
8 600741 華域汽車 35,911,765 64,815,493 100,727,258 
9 600570 恒生電子 5,210,114 90,677,086 95,887,200 
10 601398 工商銀行 64,403,032 30,494,493 94,897,525 

1 858 五糧液 352,364,452 137,502,421 489,866,873 
2 333 美的集團 311,890,687 110,798,867 422,689,554 
3 2415 海康威視 101,380,026 106,689,593 208,069,619 
4 725 京東方Ａ 92,993,682 78,833,837 171,827,519 
5 2304 洋河股份 78,613,227 46,205,392 124,818,619 
6 2 萬科Ａ 42,847,413 66,089,249 108,936,662 
7 2027 分眾傳媒 54,076,487 52,325,880 106,402,367 
8 1 平安銀行 72,031,794 33,005,993 105,037,787 
9 538 雲南白藥 69,408,695 11,934,209 81,342,904 
10 2236 大華股份 62,709,330 16,299,074 79,008,404 
