1 600519 貴州茅台 344,711,593 431,667,256 776,378,849 
2 601318 中國平安 251,359,908 377,125,028 628,484,936 
3 600690 青島海爾 289,000,890 249,384,536 538,385,426 
4 600887 伊利股份 234,810,425 109,461,241 344,271,666 
5 600104 上汽集團 259,825,485 82,551,361 342,376,846 
6 600276 恒瑞醫藥 102,692,202 182,666,882 285,359,084 
7 600036 招商銀行 178,527,785 49,525,126 228,052,911 
8 600585 海螺水泥 30,097,936 147,458,371 177,556,307 
9 600050 中國聯通 55,014,751 101,049,118 156,063,869 
10 600741 華域汽車 113,004,724 31,645,981 144,650,705 

1 333 美的集團 260,946,883 201,945,496 462,892,379 
2 651 格力電器 243,023,785 110,224,276 353,248,061 
3 2415 海康威視 100,940,125 239,031,110 339,971,235 
4 725 京東方Ａ 142,425,533 153,207,869 295,633,402 
5 2008 大族激光 52,957,784 158,619,182 211,576,966 
6 858 五糧液 79,224,417 123,741,057 202,965,474 
7 2304 洋河股份 119,875,767 59,364,251 179,240,018 
8 1 平安銀行 112,163,319 44,360,254 156,523,573 
9 300433 藍思科技 73,574,341 79,807,598 153,381,939 
10 538 雲南白藥 61,731,201 66,162,818 127,894,019 
