1 600276 恒瑞醫藥 210,856,857 551,968,259 762,825,116 
2 600887 伊利股份 99,088,183 427,949,165 527,037,348 
3 601318 中國平安 265,263,956 164,329,453 429,593,409 
4 600519 貴州茅台 205,129,972 167,695,585 372,825,557 
5 600104 上汽集團 247,386,555 37,773,549 285,160,104 
6 600690 青島海爾 207,534,836 63,367,688 270,902,524 
7 600050 中國聯通 181,438,379 85,670,565 267,108,944 
8 601888 中國國旅 210,996,302 33,157,265 244,153,567 
9 600036 招商銀行 151,731,627 71,078,673 222,810,300 
10 600030 中信證券 108,431,838 82,453,904 190,885,742 

1 333 美的集團 474,015,869 172,825,331 646,841,200 
2 2415 海康威視 248,912,752 293,491,413 542,404,165 
3 1 平安銀行 450,410,493 85,099,634 535,510,127 
4 725 京東方Ａ 224,285,515 285,528,251 509,813,766 
5 2304 洋河股份 207,127,015 107,917,269 315,044,284 
6 858 五糧液 110,378,172 103,658,411 214,036,583 
7 2583 海能達 151,504,196 51,931,553 203,435,749 
8 651 格力電器 90,328,960 58,491,575 148,820,535 
9 776 廣發證券 38,537,548 99,846,558 138,384,106 
10 568 瀘州老窖 60,379,045 77,061,819 137,440,864 
