1 601318 中國平安 704,604,918 507,820,082 1,212,425,000 
2 600519 貴州茅台 663,019,821 495,755,934 1,158,775,755 
3 600036 招商銀行 381,738,274 146,307,723 528,045,997 
4 600276 恒瑞醫藥 185,910,989 246,923,641 432,834,630 
5 601166 興業銀行 269,351,893 145,032,550 414,384,443 
6 600030 中信證券 216,119,288 158,294,778 374,414,066 
7 600016 民生銀行 240,173,045 125,305,052 365,478,097 
8 601668 中國建築 183,706,619 107,577,521 291,284,140 
9 600887 伊利股份 109,909,982 139,218,933 249,128,915 
10 601888 中國國旅 182,256,634 64,570,122 246,826,756 

1 2415 海康威視 345,904,010 388,456,099 734,360,109 
2 333 美的集團 210,980,462 473,379,874 684,360,336 
3 1 平安銀行 225,522,559 229,071,364 454,593,923 
4 858 五糧液 241,502,366 212,824,158 454,326,524 
5 725 京東方Ａ 243,725,282 180,347,982 424,073,264 
6 651 格力電器 161,366,922 104,663,488 266,030,410 
7 2 萬科Ａ 159,062,121 81,821,955 240,884,076 
8 2583 海能達 162,761,073 60,173,352 222,934,425 
9 2450 康得新 167,465,354 42,168,387 209,633,741 
10 2304 洋河股份 86,730,176 66,554,470 153,284,646 
