1 600519 貴州茅台 188,028,298 487,663,355 675,691,653 
2 600276 恒瑞醫藥 214,187,912 359,618,558 573,806,470 
3 601318 中國平安 249,486,388 267,077,978 516,564,366 
4 601888 中國國旅 181,073,525 91,567,197 272,640,722 
5 600887 伊利股份 61,374,857 144,859,807 206,234,664 
6 600585 海螺水泥 47,073,815 150,044,560 197,118,375 
7 600036 招商銀行 52,329,814 120,997,260 173,327,074 
8 600050 中國聯通 74,853,161 69,062,058 143,915,219 
9 600690 青島海爾 35,719,776 98,556,242 134,276,018 
10 600019 寶鋼股份 65,855,729 62,996,864 128,852,593 

1 2415 海康威視 309,529,783 480,712,087 790,241,870 
2 333 美的集團 221,804,886 212,232,536 434,037,422 
3 651 格力電器 67,981,178 269,563,675 337,544,853 
4 858 五糧液 70,845,096 250,307,805 321,152,901 
5 2583 海能達 110,698,716 186,582,720 297,281,436 
6 725 京東方Ａ 93,551,980 149,381,543 242,933,523 
7 2450 康得新 165,826,238 35,684,274 201,510,512 
8 568 瀘州老窖 118,125,295 60,711,615 178,836,910 
9 2304 洋河股份 66,691,067 95,592,013 162,283,080 
10 2230 科大訊飛 70,361,218 88,258,357 158,619,575 
