1 600519 貴州茅台 715,441,318 70,300,575 785,741,893 
2 601318 中國平安 561,702,092 201,082,662 762,784,754 
3 600036 招商銀行 187,438,552 76,898,716 264,337,268 
4 600066 宇通客車 106,397,287 110,390,764 216,788,051 
5 601012 隆基股份 24,585,605 189,329,732 213,915,337 
6 600276 恒瑞醫藥 185,448,122 18,377,881 203,826,003 
7 601166 興業銀行 138,767,306 25,228,822 163,996,128 
8 600887 伊利股份 126,073,277 33,181,364 159,254,641 
9 600019 寶鋼股份 122,938,870 33,271,955 156,210,825 
10 600030 中信證券 97,267,560 56,508,438 153,775,998 

1 2415 海康威視 295,626,551 209,586,841 505,213,392 
2 333 美的集團 281,271,435 93,562,275 374,833,710 
3 651 格力電器 287,931,054 57,128,256 345,059,310 
4 2 萬科Ａ 292,437,294 38,315,711 330,753,005 
5 858 五糧液 274,270,497 48,952,346 323,222,843 
6 725 京東方Ａ 156,203,729 73,453,072 229,656,801 
7 300136 信維通信 50,604,816 112,187,121 162,791,937 
8 2594 比亞迪 73,823,656 70,983,607 144,807,263 
9 1 平安銀行 105,569,431 39,106,676 144,676,107 
10 2460 贛鋒鋰業 15,226,414 112,114,833 127,341,247 
