1 600887 伊利股份 383,643,314 196,049,133 579,692,447 
2 601318 中國平安 286,789,590 97,917,270 384,706,860 
3 600519 貴州茅台 247,092,822 120,702,226 367,795,048 
4 600036 招商銀行 100,563,868 31,615,906 132,179,774 
5 600690 青島海爾 83,134,206 47,293,983 130,428,189 
6 601933 永輝超市 58,468,174 52,497,720 110,965,894 
7 600276 恒瑞醫藥 70,891,807 39,414,827 110,306,634 
8 600048 保利地產 84,475,626 25,478,077 109,953,703 
9 600030 中信證券 47,804,702 57,418,395 105,223,097 
10 601601 中國太保 76,913,439 26,818,709 103,732,148 

1 858 五糧液 249,339,333 153,064,636 402,403,969 
2 333 美的集團 210,211,215 117,786,667 327,997,882 
3 2415 海康威視 127,906,948 100,511,388 228,418,336 
4 725 京東方Ａ 140,467,044 72,469,613 212,936,657 
5 2 萬科Ａ 143,512,149 27,787,540 171,299,689 
6 651 格力電器 68,889,269 57,684,616 126,573,885 
7 2027 分眾傳媒 76,701,399 44,471,998 121,173,397 
8 2008 大族激光 62,637,934 50,025,529 112,663,463 
9 2304 洋河股份 42,144,533 41,595,991 83,740,524 
10 538 雲南白藥 73,882,910 1,824,659 75,707,569 
