1 600519 貴州茅台 283,670,645 440,890,195 724,560,840 
2 601318 中國平安 217,305,159 319,226,025 536,531,184 
3 600036 招商銀行 84,334,544 123,891,177 208,225,721 
4 600276 恒瑞醫藥 119,522,378 84,452,449 203,974,827 
5 600030 中信證券 74,005,272 123,380,713 197,385,985 
6 600887 伊利股份 119,866,551 70,612,497 190,479,048 
7 600585 海螺水泥 20,174,851 154,040,168 174,215,019 
8 600066 宇通客車 84,208,494 83,442,416 167,650,910 
9 600048 保利地產 83,126,506 81,573,326 164,699,832 
10 601766 中國中車 66,691,009 75,866,592 142,557,601 

1 2415 海康威視 207,174,150 329,441,361 536,615,511 
2 333 美的集團 129,474,571 272,350,716 401,825,287 
3 651 格力電器 202,814,783 113,092,386 315,907,169 
4 725 京東方Ａ 83,227,988 184,308,407 267,536,395 
5 858 五糧液 124,288,305 111,134,346 235,422,651 
6 2 萬科Ａ 62,643,307 134,937,780 197,581,087 
7 568 瀘州老窖 39,814,529 152,499,226 192,313,755 
8 1 平安銀行 70,408,072 100,515,833 170,923,905 
9 2027 分眾傳媒 85,603,055 63,542,191 149,145,246 
10 2583 海能達 51,602,420 57,629,755 109,232,175 
