1 600519 貴州茅台 182,016,066 422,942,536 604,958,602 
2 600887 伊利股份 214,070,316 171,590,778 385,661,094 
3 601318 中國平安 117,733,081 228,464,826 346,197,907 
4 600667 太極實業 170,810,212 1,267,800 172,078,012 
5 600030 中信證券 38,720,173 119,761,356 158,481,529 
6 601398 工商銀行 87,917,996 69,650,826 157,568,822 
7 600900 長江電力 88,574,951 68,110,487 156,685,438 
8 601933 永輝超市 55,411,112 93,920,448 149,331,560 
9 600048 保利地產 32,109,246 107,937,214 140,046,460 
10 601888 中國國旅 53,356,295 79,838,717 133,195,012 

1 333 美的集團 91,742,873 253,470,296 345,213,169 
2 725 京東方Ａ 146,036,065 139,929,691 285,965,756 
3 858 五糧液 99,529,665 133,670,015 233,199,680 
4 2415 海康威視 144,848,000 73,344,688 218,192,688 
5 2251 步步高 170,331,233 3,503,632 173,834,865 
6 2304 洋河股份 34,316,324 94,794,474 129,110,798 
7 651 格力電器 53,378,182 52,619,021 105,997,203 
8 2572 索菲亞 16,085,289 74,895,274 90,980,563 
9 2508 老闆電器 70,070,797 13,910,370 83,981,167 
10 2008 大族激光 41,629,509 36,620,594 78,250,103 
