1 601318 中國平安 418,359,650 332,961,125 751,320,775 
2 600519 貴州茅台 178,054,207 485,939,833 663,994,040 
3 600019 寶鋼股份 79,736,775 151,445,108 231,181,883 
4 600066 宇通客車 81,141,754 145,489,218 226,630,972 
5 601888 中國國旅 52,118,734 153,808,594 205,927,328 
6 600104 上汽集團 88,950,153 94,534,676 183,484,829 
7 600276 恒瑞醫藥 124,620,862 55,424,865 180,045,727 
8 600887 伊利股份 100,772,702 73,719,899 174,492,601 
9 600036 招商銀行 51,080,018 81,240,703 132,320,721 
10 601601 中國太保 53,013,008 70,393,842 123,406,850 

1 2415 海康威視 318,296,528 132,538,514 450,835,042 
2 333 美的集團 100,192,006 285,542,425 385,734,431 
3 858 五糧液 189,500,855 192,360,038 381,860,893 
4 651 格力電器 122,653,941 220,206,418 342,860,359 
5 725 京東方Ａ 186,722,397 149,086,706 335,809,103 
6 1 平安銀行 157,115,189 80,658,807 237,773,996 
7 2230 科大訊飛 37,259,384 155,792,735 193,052,119 
8 2050 三花智控 153,745,109 7,505,520 161,250,629 
9 2 萬科Ａ 53,158,535 89,144,648 142,303,183 
10 2304 洋河股份 77,079,347 61,015,651 138,094,998 
