1 601318 中國平安 340,175,726 219,298,373 559,474,099 
2 600519 貴州茅台 206,650,363 272,125,812 478,776,175 
3 600585 海螺水泥 94,380,354 326,534,059 420,914,413 
4 601888 中國國旅 265,706,012 61,143,516 326,849,528 
5 600019 寶鋼股份 249,060,024 71,233,188 320,293,212 
6 600887 伊利股份 170,847,791 118,346,912 289,194,703 
7 600048 保利地產 196,094,617 87,364,559 283,459,176 
8 600066 宇通客車 114,101,497 80,756,889 194,858,386 
9 600009 上海機場 120,510,689 65,716,830 186,227,519 
10 600036 招商銀行 70,264,656 104,441,281 174,705,937 

1 333 美的集團 226,961,046 248,580,320 475,541,366 
2 2415 海康威視 275,904,261 111,593,324 387,497,585 
3 725 京東方Ａ 177,469,154 140,352,943 317,822,097 
4 858 五糧液 148,203,669 90,729,268 238,932,937 
5 2 萬科Ａ 138,113,095 95,716,343 233,829,438 
6 651 格力電器 113,901,231 104,548,875 218,450,106 
7 2304 洋河股份 122,165,957 37,535,509 159,701,466 
8 1 平安銀行 91,774,083 49,596,970 141,371,053 
9 2594 比亞迪 76,322,316 59,527,360 135,849,676 
10 2230 科大訊飛 42,116,272 78,553,138 120,669,410 
