1 600519 貴州茅台 223,290,453 298,860,833 522,151,286 
2 601318 中國平安 268,193,433 175,450,173 443,643,606 
3 600887 伊利股份 166,334,472 99,896,268 266,230,740 
4 600048 保利地產 82,761,065 128,892,132 211,653,197 
5 600276 恒瑞醫藥 117,403,608 38,597,837 156,001,445 
6 600036 招商銀行 88,807,407 46,689,377 135,496,784 
7 600900 長江電力 69,097,358 58,996,252 128,093,610 
8 600176 中國巨石 64,622,385 50,457,716 115,080,101 
9 600030 中信證券 57,247,985 40,056,330 97,304,315 
10 600196 復星醫藥 18,229,938 64,541,956 82,771,894 

1 858 五糧液 274,519,196 71,890,847 346,410,043 
2 2415 海康威視 207,931,709 137,379,659 345,311,368 
3 725 京東方Ａ 175,466,308 139,619,988 315,086,296 
4 333 美的集團 114,837,802 99,802,253 214,640,055 
5 2304 洋河股份 49,466,585 161,342,659 210,809,244 
6 2 萬科Ａ 106,538,782 38,950,164 145,488,946 
7 2027 分眾傳媒 41,330,869 87,496,077 128,826,946 
8 1 平安銀行 83,788,496 39,758,389 123,546,885 
9 2508 老闆電器 68,967,967 45,393,328 114,361,295 
10 2450 康得新 101,659,908 2,554,068 104,213,976 
