1 600519 貴州茅台 1,641,608,183 2,459,911,557 4,101,519,740 
2 601318 中國平安 1,120,150,392 486,001,904 1,606,152,296 
3 600276 恒瑞醫藥 378,755,999 322,756,400 701,512,399 
4 600887 伊利股份 340,137,983 239,487,481 579,625,464 
5 600030 中信證券 273,566,569 282,496,152 556,062,721 
6 600036 招商銀行 265,760,419 185,631,175 451,391,594 
7 600585 海螺水泥 204,992,913 158,079,146 363,072,059 
8 603288 海天味業 99,726,881 244,059,797 343,786,678 
9 600028 中國石化 206,853,961 89,814,312 296,668,273 
10 601166 興業銀行 195,713,320 94,185,307 289,898,627 

1 2304 洋河股份 561,797,286 693,181,736 1,254,979,022 
2 333 美的集團 496,507,196 666,864,141 1,163,371,337 
3 858 五糧液 394,238,030 419,937,346 814,175,376 
4 651 格力電器 363,469,806 222,793,802 586,263,608 
5 2027 分眾傳媒 139,199,327 303,867,898 443,067,225 
6 2415 海康威視 185,460,441 167,165,761 352,626,202 
7 2 萬科Ａ 138,703,864 161,857,743 300,561,607 
8 1 平安銀行 103,079,219 110,291,492 213,370,711 
9 860 順鑫農業 138,530,159 34,075,254 172,605,413 
10 2475 立訊精密 84,772,583 61,783,153 146,555,736 
