1 601318 中國平安 700,914,854 1,027,086,187 1,728,001,041 
2 600519 貴州茅台 634,764,228 713,963,959 1,348,728,187 
3 600276 恒瑞醫藥 442,591,870 445,441,100 888,032,970 
4 600887 伊利股份 309,450,811 523,571,796 833,022,607 
5 600036 招商銀行 271,360,649 533,327,280 804,687,929 
6 600009 上海機場 106,065,313 538,713,300 644,778,613 
7 600585 海螺水泥 188,520,722 432,215,430 620,736,152 
8 601166 興業銀行 228,712,031 364,327,845 593,039,876 
9 601888 中國國旅 171,787,394 381,416,728 553,204,122 
10 600030 中信證券 175,039,497 287,209,499 462,248,996 

1 333 美的集團 444,471,554 617,032,286 1,061,503,840 
2 651 格力電器 416,687,552 385,376,345 802,063,897 
3 858 五糧液 211,380,918 334,378,316 545,759,234 
4 2415 海康威視 202,416,539 297,139,813 499,556,352 
5 2 萬科Ａ 57,590,065 417,236,876 474,826,941 
6 2304 洋河股份 215,810,207 120,450,480 336,260,687 
7 2475 立訊精密 126,049,499 113,701,250 239,750,749 
8 1 平安銀行 51,791,020 170,267,109 222,058,129 
9 2027 分眾傳媒 124,414,937 84,946,278 209,361,215 
10 1979 招商蛇口 65,068,294 136,888,888 201,957,182 
