1 600519 貴州茅台 460,064,031 357,016,111 817,080,142 
2 601318 中國平安 522,231,202 136,178,612 658,409,814 
3 600887 伊利股份 230,725,376 162,867,132 393,592,508 
4 600276 恒瑞醫藥 181,646,034 143,005,656 324,651,690 
5 600585 海螺水泥 227,098,099 90,489,201 317,587,300 
6 600019 寶鋼股份 86,569,594 208,663,437 295,233,031 
7 600867 通化東寶 109,360,612 158,065,205 267,425,817 
8 600050 中國聯通 115,800,121 75,906,854 191,706,975 
9 600036 招商銀行 84,360,069 70,022,088 154,382,157 
10 601888 中國國旅 110,514,278 42,990,749 153,505,027 

1 651 格力電器 349,247,981 631,704,658 980,952,639 
2 858 五糧液 378,578,426 136,134,844 514,713,270 
3 333 美的集團 179,953,621 243,907,560 423,861,181 
4 2415 海康威視 116,310,994 241,392,587 357,703,581 
5 2304 洋河股份 166,516,745 181,894,100 348,410,845 
6 2027 分眾傳媒 131,545,880 162,107,056 293,652,936 
7 2572 索菲亞 51,550,522 135,695,962 187,246,484 
8 2 萬科Ａ 79,336,275 92,122,583 171,458,858 
9 568 瀘州老窖 81,588,128 33,749,695 115,337,823 
10 1 平安銀行 43,648,878 56,505,176 100,154,054 
