1 601318 中國平安 715,865,827 178,089,597 893,955,424 
2 600519 貴州茅台 475,717,032 356,611,990 832,329,022 
3 600276 恒瑞醫藥 295,301,961 99,810,957 395,112,918 
4 600887 伊利股份 178,327,449 162,163,815 340,491,264 
5 600690 青島海爾 63,085,416 106,958,757 170,044,173 
6 600036 招商銀行 91,986,295 64,178,589 156,164,884 
7 600585 海螺水泥 53,686,871 96,244,399 149,931,270 
8 601288 農業銀行 93,675,727 43,254,199 136,929,926 
9 601601 中國太保 74,275,815 57,540,188 131,816,003 
10 600104 上汽集團 44,995,173 85,896,523 130,891,696 

1 651 格力電器 305,070,676 716,262,548 1,021,333,224 
2 858 五糧液 399,197,584 189,087,123 588,284,707 
3 2415 海康威視 268,411,562 155,212,382 423,623,944 
4 333 美的集團 87,864,658 115,737,955 203,602,613 
5 300017 網宿科技 78,958,689 60,894,653 139,853,342 
6 2304 洋河股份 95,628,199 34,301,171 129,929,370 
7 1 平安銀行 57,868,757 65,605,503 123,474,260 
8 725 京東方Ａ 75,921,804 36,560,057 112,481,861 
9 2583 海能達 38,817,000 69,215,056 108,032,056 
10 2 萬科Ａ 30,901,669 73,342,987 104,244,656 
