1 600519 貴州茅台 455,941,306 181,439,683 637,380,989 
2 600887 伊利股份 420,315,755 207,536,574 627,852,329 
3 601288 農業銀行 293,953,717 117,791,018 411,744,735 
4 601318 中國平安 185,378,109 98,320,337 283,698,446 
5 600104 上汽集團 247,377,397 28,168,318 275,545,715 
6 600276 恒瑞醫藥 178,149,809 91,836,103 269,985,912 
7 600019 寶鋼股份 171,531,789 62,921,472 234,453,261 
8 601398 工商銀行 139,550,653 61,115,631 200,666,284 
9 601939 建設銀行 129,829,123 62,113,772 191,942,895 
10 600036 招商銀行 103,876,099 40,914,065 144,790,164 

1 333 美的集團 504,292,131 438,697,624 942,989,755 
2 651 格力電器 146,518,909 239,270,458 385,789,367 
3 2415 海康威視 248,784,840 98,426,850 347,211,690 
4 858 五糧液 82,418,938 129,634,474 212,053,412 
5 300017 網宿科技 82,384,050 88,537,779 170,921,829 
6 2008 大族激光 115,915,033 45,041,180 160,956,213 
7 725 京東方Ａ 96,570,852 58,651,464 155,222,316 
8 1 平安銀行 78,222,792 64,897,008 143,119,800 
9 2304 洋河股份 83,696,937 58,380,101 142,077,038 
10 300450 先導智能 50,597,610 71,798,375 122,395,985 
