1 601318 中國平安 391,756,066 574,264,034 966,020,100 
2 600519 貴州茅台 398,595,181 196,457,200 595,052,381 
3 600887 伊利股份 143,453,525 118,823,762 262,277,287 
4 600900 長江電力 49,430,566 152,465,796 201,896,362 
5 600036 招商銀行 154,253,136 38,388,934 192,642,070 
6 600585 海螺水泥 151,402,932 30,485,583 181,888,515 
7 600028 中國石化 145,552,138 27,936,216 173,488,354 
8 600104 上汽集團 149,100,555 24,260,285 173,360,840 
9 600276 恒瑞醫藥 112,950,242 47,621,982 160,572,224 
10 600690 青島海爾 75,595,559 82,074,409 157,669,968 

1 858 五糧液 254,762,676 68,451,219 323,213,895 
2 651 格力電器 184,387,897 97,751,526 282,139,423 
3 2415 海康威視 111,352,515 161,977,672 273,330,187 
4 333 美的集團 149,550,141 111,233,474 260,783,615 
5 2 萬科Ａ 144,601,668 34,521,390 179,123,058 
6 2304 洋河股份 107,847,412 36,653,000 144,500,412 
7 300347 泰格醫藥 63,216,864 68,443,405 131,660,269 
8 2027 分眾傳媒 101,526,913 17,909,148 119,436,061 
9 1 平安銀行 80,794,037 7,918,785 88,712,822 
10 2475 立訊精密 28,627,161 52,322,891 80,950,052 
