1 600519 貴州茅台 487,101,677 91,105,869 578,207,546 
2 601318 中國平安 444,765,293 99,700,440 544,465,733 
3 600276 恒瑞醫藥 320,310,630 146,348,768 466,659,398 
4 600030 中信證券 250,447,087 153,386,563 403,833,650 
5 600887 伊利股份 104,791,006 147,671,334 252,462,340 
6 601888 中國國旅 179,962,360 63,256,661 243,219,021 
7 600036 招商銀行 169,164,447 40,251,210 209,415,657 
8 600585 海螺水泥 101,593,254 78,428,216 180,021,470 
9 601601 中國太保 103,450,895 50,201,420 153,652,315 
10 600050 中國聯通 65,433,063 85,064,036 150,497,099 

1 651 格力電器 221,741,319 137,147,402 358,888,721 
2 2415 海康威視 178,481,673 167,013,475 345,495,148 
3 333 美的集團 75,073,559 164,160,348 239,233,907 
4 2236 大華股份 59,220,285 147,520,237 206,740,522 
5 858 五糧液 152,005,354 45,388,778 197,394,132 
6 300347 泰格醫藥 32,218,244 118,986,532 151,204,776 
7 2 萬科Ａ 79,143,751 44,919,143 124,062,894 
8 2304 洋河股份 57,772,146 62,302,544 120,074,690 
9 2027 分眾傳媒 69,036,825 33,024,394 102,061,219 
10 1 平安銀行 68,338,162 25,940,249 94,278,411 
