1 601318 中國平安 437,469,872 222,612,233 660,082,105 
2 600519 貴州茅台 463,209,937 175,006,389 638,216,326 
3 600276 恒瑞醫藥 228,086,546 184,656,231 412,742,777 
4 600585 海螺水泥 181,746,937 152,961,665 334,708,602 
5 600030 中信證券 128,680,592 113,892,200 242,572,792 
6 601888 中國國旅 169,801,584 58,485,629 228,287,213 
7 601012 隆基股份 164,610,432 54,774,528 219,384,960 
8 600036 招商銀行 174,572,241 41,731,367 216,303,608 
9 600887 伊利股份 124,055,746 39,084,586 163,140,332 
10 600028 中國石化 87,994,410 57,410,569 145,404,979 

1 2415 海康威視 239,917,398 274,193,793 514,111,191 
2 333 美的集團 266,047,080 206,696,729 472,743,809 
3 651 格力電器 156,167,912 72,508,369 228,676,281 
4 2 萬科Ａ 167,097,118 47,262,228 214,359,346 
5 858 五糧液 118,655,145 57,729,866 176,385,011 
6 538 雲南白藥 52,397,879 115,558,793 167,956,672 
7 2236 大華股份 75,570,766 80,466,758 156,037,524 
8 2304 洋河股份 87,475,302 54,443,168 141,918,470 
9 2027 分眾傳媒 76,222,213 37,357,113 113,579,326 
10 2008 大族激光 101,714,607 10,163,519 111,878,126 
