1 600519 貴州茅台 260,491,067 167,196,676 427,687,743 
2 601318 中國平安 269,355,976 94,468,707 363,824,683 
3 600887 伊利股份 260,095,116 84,890,182 344,985,298 
4 600009 上海機場 94,066,639 112,240,442 206,307,081 
5 601888 中國國旅 120,099,195 80,151,853 200,251,048 
6 600276 恒瑞醫藥 107,308,386 66,602,766 173,911,152 
7 600028 中國石化 105,661,478 52,379,584 158,041,062 
8 600104 上汽集團 128,842,374 24,102,494 152,944,868 
9 600019 寶鋼股份 63,002,449 60,662,992 123,665,441 
10 601601 中國太保 31,110,233 87,160,900 118,271,133 

1 858 五糧液 325,587,352 70,582,930 396,170,282 
2 651 格力電器 173,964,597 127,512,074 301,476,671 
3 2415 海康威視 121,785,423 81,738,589 203,524,012 
4 333 美的集團 120,736,782 79,460,489 200,197,271 
5 2508 老闆電器 146,311,319 23,347,109 169,658,428 
6 2027 分眾傳媒 114,962,277 52,854,865 167,817,142 
7 2008 大族激光 126,552,188 19,804,042 146,356,230 
8 2 萬科Ａ 66,062,261 74,582,707 140,644,968 
9 2341 新綸科技 134,985,501 2,379,561 137,365,062 
10 2304 洋河股份 88,304,691 42,197,907 130,502,598 
