1 601318 中國平安 343,809,549 951,908,525 1,295,718,074 
2 600519 貴州茅台 338,314,511 831,294,303 1,169,608,814 
3 600276 恒瑞醫藥 247,278,206 476,729,848 724,008,054 
4 600887 伊利股份 335,118,788 148,186,392 483,305,180 
5 600036 招商銀行 116,679,266 259,489,397 376,168,663 
6 600028 中國石化 85,193,585 221,574,853 306,768,438 
7 600009 上海機場 24,206,147 230,196,717 254,402,864 
8 600585 海螺水泥 157,512,131 93,251,991 250,764,122 
9 601166 興業銀行 81,561,577 148,287,472 229,849,049 
10 601288 農業銀行 49,591,595 161,506,816 211,098,411 

1 2415 海康威視 231,408,711 865,221,837 1,096,630,548 
2 858 五糧液 225,069,189 283,948,177 509,017,366 
3 651 格力電器 334,985,601 171,316,892 506,302,493 
4 2 萬科Ａ 141,142,624 146,021,967 287,164,591 
5 2304 洋河股份 49,789,071 236,117,999 285,907,070 
6 2475 立訊精密 155,647,393 50,653,361 206,300,754 
7 1 平安銀行 76,011,728 124,562,753 200,574,481 
8 568 瀘州老窖 93,618,038 96,694,401 190,312,439 
9 2027 分眾傳媒 97,798,276 63,813,230 161,611,506 
10 338 濰柴動力 104,886,401 44,598,611 149,485,012 
