1 600519 貴州茅台 384,972,398 415,911,570 800,883,968 
2 601318 中國平安 529,971,458 207,536,649 737,508,107 
3 600030 中信證券 200,132,032 126,867,558 326,999,590 
4 600048 保利地產 186,654,769 126,444,000 313,098,769 
5 600276 恒瑞醫藥 174,853,487 130,618,922 305,472,409 
6 600019 寶鋼股份 166,345,584 111,586,952 277,932,536 
7 600036 招商銀行 181,307,819 86,815,784 268,123,603 
8 600887 伊利股份 200,823,166 66,709,974 267,533,140 
9 601288 農業銀行 136,786,029 100,636,852 237,422,881 
10 600690 青島海爾 51,748,522 181,317,728 233,066,250 

1 858 五糧液 287,604,718 318,920,144 606,524,862 
2 2415 海康威視 231,743,001 351,948,173 583,691,174 
3 651 格力電器 148,468,227 242,844,920 391,313,147 
4 300059 東方財富 293,602,647 49,194,341 342,796,988 
5 333 美的集團 204,911,923 124,469,233 329,381,156 
6 1979 招商蛇口 257,528,899 66,969,192 324,498,091 
7 2 萬科Ａ 179,785,644 120,157,651 299,943,295 
8 725 京東方Ａ 70,795,000 138,759,921 209,554,921 
9 1 平安銀行 153,806,557 54,499,621 208,306,178 
10 2008 大族激光 100,377,143 75,958,630 176,335,773 
