1 600276 恒瑞醫藥 407,238,030 1,191,540,733 1,598,778,763 
2 601318 中國平安 637,100,918 861,499,615 1,498,600,533 
3 600519 貴州茅台 379,359,409 702,577,859 1,081,937,268 
4 600887 伊利股份 621,720,968 350,202,837 971,923,805 
5 600585 海螺水泥 205,946,181 569,768,910 775,715,091 
6 600036 招商銀行 322,434,006 126,179,799 448,613,805 
7 601888 中國國旅 212,564,189 142,932,557 355,496,746 
8 600028 中國石化 67,892,904 261,044,717 328,937,621 
9 600030 中信證券 138,692,192 127,921,838 266,614,030 
10 601939 建設銀行 172,079,211 58,689,719 230,768,930 

1 2415 海康威視 375,457,777 886,675,058 1,262,132,835 
2 858 五糧液 445,342,461 416,903,083 862,245,544 
3 651 格力電器 259,611,408 204,521,836 464,133,244 
4 2050 三花智控 68,923,036 303,876,277 372,799,313 
5 1 平安銀行 184,065,096 139,013,596 323,078,692 
6 2304 洋河股份 155,189,001 149,194,676 304,383,677 
7 2 萬科Ａ 144,482,258 119,525,858 264,008,116 
8 2475 立訊精密 142,699,225 63,360,189 206,059,414 
9 2027 分眾傳媒 109,429,848 73,027,629 182,457,477 
10 63 中興通訊 158,003,884 21,394,201 179,398,085 
