1 600519 貴州茅台 229,450,951 518,248,043 747,698,994 
2 600276 恒瑞醫藥 221,959,442 517,829,161 739,788,603 
3 601318 中國平安 341,027,212 302,446,631 643,473,843 
4 600585 海螺水泥 278,130,320 120,804,102 398,934,422 
5 601888 中國國旅 191,539,598 62,309,203 253,848,801 
6 600887 伊利股份 117,584,991 109,354,649 226,939,640 
7 600036 招商銀行 78,325,624 124,718,290 203,043,914 
8 600028 中國石化 68,631,037 71,164,411 139,795,448 
9 600009 上海機場 66,123,528 62,394,063 128,517,591 
10 601006 大秦鐵路 85,837,186 40,425,650 126,262,836 

1 333 美的集團 254,985,145 392,735,523 647,720,668 
2 2008 大族激光 185,076,137 149,274,132 334,350,269 
3 651 格力電器 88,297,708 231,082,858 319,380,566 
4 2415 海康威視 179,085,896 116,009,622 295,095,518 
5 858 五糧液 112,214,696 144,905,607 257,120,303 
6 2 萬科Ａ 66,561,932 139,346,749 205,908,681 
7 538 雲南白藥 81,332,560 119,176,579 200,509,139 
8 2304 洋河股份 78,393,998 109,883,773 188,277,771 
9 63 中興通訊 95,600,553 53,883,883 149,484,436 
10 725 京東方Ａ 71,515,622 54,233,722 125,749,344 
