1 600519 貴州茅台 562,175,719 276,499,307 838,675,026 
2 600276 恒瑞醫藥 257,847,241 215,521,802 473,369,043 
3 601318 中國平安 287,145,138 148,081,440 435,226,578 
4 600887 伊利股份 201,808,624 150,958,109 352,766,733 
5 601888 中國國旅 118,684,399 152,999,655 271,684,054 
6 600009 上海機場 105,388,888 99,405,351 204,794,239 
7 600030 中信證券 98,050,284 98,705,895 196,756,179 
8 600585 海螺水泥 135,967,360 58,151,766 194,119,126 
9 600019 寶鋼股份 120,774,718 51,747,125 172,521,843 
10 600028 中國石化 70,681,597 95,216,128 165,897,725 

1 858 五糧液 365,187,012 235,148,294 600,335,306 
2 333 美的集團 260,336,898 83,081,399 343,418,297 
3 2415 海康威視 124,259,713 211,137,529 335,397,242 
4 651 格力電器 152,885,462 122,616,635 275,502,097 
5 2304 洋河股份 75,429,518 155,125,721 230,555,239 
6 2450 康得新 43,533,035 160,452,762 203,985,797 
7 2027 分眾傳媒 77,037,653 94,178,439 171,216,092 
8 2008 大族激光 121,282,001 39,085,243 160,367,244 
9 2024 蘇寧易購 79,638,401 57,278,903 136,917,304 
10 963 華東醫藥 71,540,194 51,336,576 122,876,770 
