1 600519 貴州茅台 609,307,748 322,309,921 931,617,669 
2 601318 中國平安 631,291,263 234,238,050 865,529,313 
3 600276 恒瑞醫藥 366,974,502 363,366,533 730,341,035 
4 600887 伊利股份 194,736,895 88,980,591 283,717,486 
5 600585 海螺水泥 201,492,528 75,547,087 277,039,615 
6 600036 招商銀行 167,562,522 63,496,589 231,059,111 
7 601398 工商銀行 136,370,113 66,078,907 202,449,020 
8 601939 建設銀行 95,247,800 71,692,441 166,940,241 
9 601288 農業銀行 91,916,409 62,873,850 154,790,259 
10 600019 寶鋼股份 80,044,062 61,878,290 141,922,352 

1 651 格力電器 260,533,234 316,980,640 577,513,874 
2 333 美的集團 373,110,935 140,154,253 513,265,188 
3 2415 海康威視 295,974,817 180,946,692 476,921,509 
4 858 五糧液 195,546,790 202,440,313 397,987,103 
5 1 平安銀行 63,470,565 178,275,775 241,746,340 
6 2304 洋河股份 159,243,270 44,813,679 204,056,949 
7 2 萬科Ａ 153,208,551 44,393,295 197,601,846 
8 2027 分眾傳媒 108,885,052 39,430,328 148,315,380 
9 2456 歐菲科技 75,818,083 57,436,273 133,254,356 
10 2475 立訊精密 67,490,020 64,456,739 131,946,759 
