1 600519 貴州茅台 606,066,959 1,330,925,217 1,936,992,176 
2 601318 中國平安 849,008,201 755,204,372 1,604,212,573 
3 600276 恒瑞醫藥 305,764,351 882,808,729 1,188,573,080 
4 600104 上汽集團 309,746,390 303,673,111 613,419,501 
5 600036 招商銀行 418,196,979 146,390,261 564,587,240 
6 601888 中國國旅 211,930,801 284,853,058 496,783,859 
7 600887 伊利股份 315,389,007 178,545,265 493,934,272 
8 600009 上海機場 205,312,326 270,755,222 476,067,548 
9 601398 工商銀行 282,567,326 145,699,246 428,266,572 
10 601166 興業銀行 285,416,403 102,313,082 387,729,485 

1 858 五糧液 291,318,719 454,908,914 746,227,633 
2 2415 海康威視 290,384,250 421,256,152 711,640,402 
3 651 格力電器 175,515,056 271,228,749 446,743,805 
4 2 萬科Ａ 342,791,934 62,505,583 405,297,517 
5 2304 洋河股份 126,002,553 160,424,395 286,426,948 
6 2050 三花智控 15,752,256 238,201,093 253,953,349 
7 1 平安銀行 137,319,976 63,652,368 200,972,344 
8 2027 分眾傳媒 94,834,848 96,265,956 191,100,804 
9 2475 立訊精密 72,687,509 65,370,445 138,057,954 
10 568 瀘州老窖 70,065,502 64,950,337 135,015,839 
