1 600519 貴州茅台 394,462,196 854,034,797 1,248,496,993 
2 601318 中國平安 400,604,408 408,437,567 809,041,975 
3 600690 青島海爾 190,114,713 420,529,188 610,643,901 
4 600887 伊利股份 327,288,946 118,277,075 445,566,021 
5 603993 洛陽鉬業 400,212,254 22,301,462 422,513,716 
6 600036 招商銀行 164,827,810 159,436,939 324,264,749 
7 600276 恒瑞醫藥 204,007,938 83,480,040 287,487,978 
8 600048 保利地產 84,096,051 194,168,062 278,264,113 
9 600104 上汽集團 151,453,847 64,327,946 215,781,793 
10 601888 中國國旅 69,597,630 134,532,703 204,130,333 

1 651 格力電器 411,982,804 228,579,384 640,562,188 
2 2 萬科Ａ 127,460,061 465,933,921 593,393,982 
3 2415 海康威視 315,921,293 120,716,683 436,637,976 
4 858 五糧液 229,311,513 193,552,297 422,863,810 
5 725 京東方Ａ 174,601,944 128,682,321 303,284,265 
6 1 平安銀行 210,699,783 83,328,804 294,028,587 
7 333 美的集團 202,571,536 85,691,214 288,262,750 
8 1979 招商蛇口 84,650,867 88,071,487 172,722,354 
9 2304 洋河股份 82,599,320 88,361,438 170,960,758 
10 2008 大族激光 89,077,211 56,509,679 145,586,890 
