1 601318 中國平安 442,374,115 486,491,230 928,865,345 
2 600276 恒瑞醫藥 559,468,103 251,099,825 810,567,928 
3 600519 貴州茅台 253,908,404 306,661,125 560,569,529 
4 600016 民生銀行 274,269,189 225,190,591 499,459,780 
5 600036 招商銀行 337,820,771 148,136,268 485,957,039 
6 601766 中國中車 191,359,111 291,731,147 483,090,258 
7 601888 中國國旅 90,024,887 392,648,765 482,673,652 
8 601668 中國建築 203,564,985 168,103,671 371,668,656 
9 601939 建設銀行 82,041,310 288,172,100 370,213,410 
10 603993 洛陽鉬業 126,718,038 189,629,162 316,347,200 

1 2415 海康威視 242,422,878 254,547,883 496,970,761 
2 333 美的集團 355,574,387 133,850,736 489,425,123 
3 651 格力電器 256,207,048 79,038,666 335,245,714 
4 858 五糧液 93,051,705 138,855,076 231,906,781 
5 300347 泰格醫藥 125,187,403 92,845,967 218,033,370 
6 2007 華蘭生物 133,657,923 70,383,007 204,040,930 
7 300003 樂普醫療 124,064,288 77,901,838 201,966,126 
8 2475 立訊精密 26,870,962 164,019,947 190,890,909 
9 2466 天齊鋰業 172,059,275 17,337,283 189,396,558 
10 2422 科倫藥業 38,171,473 127,178,375 165,349,848 
