1 600519 貴州茅台 428,237,496 699,740,384 1,127,977,880 
2 601318 中國平安 535,710,047 516,479,699 1,052,189,746 
3 600276 恒瑞醫藥 406,591,954 88,320,608 494,912,562 
4 600036 招商銀行 103,422,985 299,141,651 402,564,636 
5 600887 伊利股份 73,116,882 303,769,485 376,886,367 
6 600030 中信證券 162,377,356 170,028,277 332,405,633 
7 601398 工商銀行 208,105,699 111,880,131 319,985,830 
8 601166 興業銀行 184,437,116 125,390,517 309,827,633 
9 600019 寶鋼股份 119,508,608 183,514,863 303,023,471 
10 600703 三安光電 170,730,330 86,471,545 257,201,875 

1 858 五糧液 646,040,037 388,967,638 1,035,007,675 
2 651 格力電器 250,554,356 326,094,497 576,648,853 
3 2415 海康威視 382,873,897 174,794,369 557,668,266 
4 333 美的集團 214,424,891 253,468,957 467,893,848 
5 2 萬科Ａ 87,665,687 133,799,363 221,465,050 
6 2304 洋河股份 82,887,290 128,459,156 211,346,446 
7 2008 大族激光 169,314,546 32,342,898 201,657,444 
8 895 雙匯發展 177,373,336 14,533,177 191,906,513 
9 568 瀘州老窖 41,229,348 140,862,356 182,091,704 
10 1 平安銀行 99,017,241 83,056,708 182,073,949 
