1 600519 貴州茅台 539,638,036 659,492,944 1,199,130,980 
2 600585 海螺水泥 434,747,381 206,902,479 641,649,860 
3 601318 中國平安 445,594,560 157,247,352 602,841,912 
4 600276 恒瑞醫藥 154,935,542 171,206,192 326,141,734 
5 600036 招商銀行 217,293,184 66,071,868 283,365,052 
6 600009 上海機場 144,653,267 119,653,418 264,306,685 
7 600019 寶鋼股份 128,774,120 120,030,856 248,804,976 
8 600887 伊利股份 139,322,207 92,176,490 231,498,697 
9 600867 通化東寶 115,856,917 99,298,314 215,155,231 
10 601888 中國國旅 82,175,900 130,658,809 212,834,709 

1 2415 海康威視 236,327,902 525,203,401 761,531,303 
2 333 美的集團 430,549,445 135,468,742 566,018,187 
3 651 格力電器 228,523,957 179,136,458 407,660,415 
4 858 五糧液 100,310,824 183,158,754 283,469,578 
5 2008 大族激光 152,627,094 75,926,747 228,553,841 
6 2 萬科Ａ 113,961,533 103,884,681 217,846,214 
7 2027 分眾傳媒 134,236,189 77,587,278 211,823,467 
8 2304 洋河股份 66,556,996 136,910,268 203,467,264 
9 300015 愛爾眼科 150,173,055 33,856,752 184,029,807 
10 2236 大華股份 82,881,177 77,104,665 159,985,842 
