1 601318 中國平安 262,368,767 239,629,512 501,998,279 
2 600585 海螺水泥 52,150,321 238,517,860 290,668,181 
3 600519 貴州茅台 138,302,389 147,703,985 286,006,374 
4 600887 伊利股份 75,793,608 192,845,438 268,639,046 
5 600276 恒瑞醫藥 123,554,226 129,233,646 252,787,872 
6 600036 招商銀行 150,307,997 91,577,293 241,885,290 
7 600028 中國石化 32,855,480 116,790,786 149,646,266 
8 600048 保利地產 104,211,173 40,773,111 144,984,284 
9 600406 國電南瑞 112,361,329 16,355,813 128,717,142 
10 600030 中信證券 30,243,063 96,129,559 126,372,622 

1 333 美的集團 156,922,196 306,373,999 463,296,195 
2 2415 海康威視 96,713,729 350,528,946 447,242,675 
3 2 萬科Ａ 172,324,674 116,456,227 288,780,901 
4 2027 分眾傳媒 161,201,249 92,571,909 253,773,158 
5 858 五糧液 46,892,480 150,933,302 197,825,782 
6 300003 樂普醫療 39,123,987 129,639,788 168,763,775 
7 651 格力電器 105,141,164 54,489,553 159,630,717 
8 2304 洋河股份 59,577,207 67,900,270 127,477,477 
9 300347 泰格醫藥 84,816,468 31,342,135 116,158,603 
10 963 華東醫藥 64,294,197 38,273,872 102,568,069 
