1 600519 貴州茅台 497,750,737 930,344,239 1,428,094,976 
2 601318 中國平安 334,181,631 398,926,929 733,108,560 
3 600276 恒瑞醫藥 132,014,688 292,533,898 424,548,586 
4 600036 招商銀行 102,419,317 188,069,494 290,488,811 
5 600585 海螺水泥 128,848,845 160,118,366 288,967,211 
6 601398 工商銀行 74,791,439 189,900,122 264,691,561 
7 600104 上汽集團 83,186,864 180,364,132 263,550,996 
8 600887 伊利股份 135,282,409 110,305,685 245,588,094 
9 601888 中國國旅 141,467,955 96,369,248 237,837,203 
10 600031 三一重工 105,729,084 64,729,356 170,458,440 

1 2415 海康威視 232,473,096 511,520,961 743,994,057 
2 858 五糧液 294,911,515 396,073,935 690,985,450 
3 651 格力電器 214,803,418 267,168,712 481,972,130 
4 2304 洋河股份 159,459,925 295,719,338 455,179,263 
5 568 瀘州老窖 54,690,223 108,005,983 162,696,206 
6 2 萬科Ａ 65,262,919 94,072,314 159,335,233 
7 1 平安銀行 77,973,737 61,543,615 139,517,352 
8 300347 泰格醫藥 70,943,046 42,135,087 113,078,133 
9 300059 東方財富 63,525,966 33,037,310 96,563,276 
10 860 順鑫農業 62,892,336 27,980,690 90,873,026 
