1 601318 中國平安 410,920,652 123,082,264 534,002,916 
2 600519 貴州茅台 367,370,330 141,220,663 508,590,993 
3 600585 海螺水泥 204,581,017 153,365,127 357,946,144 
4 601888 中國國旅 139,426,050 202,689,016 342,115,066 
5 600276 恒瑞醫藥 128,976,506 200,495,949 329,472,455 
6 600887 伊利股份 128,139,426 168,413,185 296,552,611 
7 600019 寶鋼股份 163,657,501 81,924,895 245,582,396 
8 600690 青島海爾 94,122,435 149,717,584 243,840,019 
9 600009 上海機場 136,078,831 104,879,687 240,958,518 
10 600036 招商銀行 191,492,086 49,163,464 240,655,550 

1 2415 海康威視 147,039,741 183,259,385 330,299,126 
2 651 格力電器 134,479,811 180,528,188 315,007,999 
3 858 五糧液 157,281,354 152,715,528 309,996,882 
4 333 美的集團 142,674,552 118,051,852 260,726,404 
5 2027 分眾傳媒 137,767,694 122,261,904 260,029,598 
6 2 萬科Ａ 104,467,999 72,195,152 176,663,151 
7 2271 東方雨虹 52,193,153 89,020,903 141,214,056 
8 2475 立訊精密 99,545,933 37,125,495 136,671,428 
9 661 長春高新 69,749,710 62,925,092 132,674,802 
10 2304 洋河股份 61,338,588 62,076,304 123,414,892 
