1 600519 貴州茅台 1,073,340,321 304,698,093 1,378,038,414 
2 601318 中國平安 364,160,040 163,702,810 527,862,850 
3 600036 招商銀行 285,838,796 115,149,743 400,988,539 
4 601888 中國國旅 268,019,386 118,197,967 386,217,353 
5 600887 伊利股份 268,919,602 95,236,253 364,155,855 
6 600276 恒瑞醫藥 137,215,754 207,344,754 344,560,508 
7 600028 中國石化 212,252,008 24,427,945 236,679,953 
8 600030 中信證券 124,633,342 49,097,656 173,730,998 
9 601288 農業銀行 135,588,930 18,319,648 153,908,578 
10 600585 海螺水泥 103,476,940 42,829,624 146,306,564 

1 2415 海康威視 397,596,713 103,650,302 501,247,015 
2 651 格力電器 374,734,479 110,842,556 485,577,035 
3 333 美的集團 322,712,307 130,800,154 453,512,461 
4 858 五糧液 301,379,424 131,607,776 432,987,200 
5 2027 分眾傳媒 154,477,510 124,282,117 278,759,627 
6 2 萬科Ａ 181,360,481 45,075,455 226,435,936 
7 568 瀘州老窖 153,391,641 59,102,182 212,493,823 
8 2008 大族激光 187,697,077 17,186,536 204,883,613 
9 725 京東方Ａ 116,032,733 52,147,308 168,180,041 
10 300450 先導智能 24,632,193 137,522,558 162,154,751 
