1 600519 貴州茅台 446,745,608 104,216,280 550,961,888 
2 600887 伊利股份 271,744,958 163,616,859 435,361,817 
3 601318 中國平安 271,846,236 159,911,270 431,757,506 
4 600276 恒瑞醫藥 118,713,100 111,421,034 230,134,134 
5 600019 寶鋼股份 87,053,856 116,972,676 204,026,532 
6 600030 中信證券 87,141,716 112,706,921 199,848,637 
7 600036 招商銀行 82,199,118 86,135,342 168,334,460 
8 600048 保利地產 71,325,376 75,803,730 147,129,106 
9 601398 工商銀行 99,506,632 44,164,735 143,671,367 
10 601288 農業銀行 76,384,561 64,022,261 140,406,822 

1 2415 海康威視 322,650,351 337,228,844 659,879,195 
2 333 美的集團 153,799,952 357,090,430 510,890,382 
3 651 格力電器 107,453,740 294,671,864 402,125,604 
4 858 五糧液 128,150,728 176,732,662 304,883,390 
5 300450 先導智能 196,001,948 66,123,906 262,125,854 
6 725 京東方Ａ 155,946,808 70,747,975 226,694,783 
7 2008 大族激光 200,899,360 21,636,419 222,535,779 
8 963 華東醫藥 100,492,150 58,139,515 158,631,665 
9 2 萬科Ａ 60,220,207 94,222,520 154,442,727 
10 300017 網宿科技 73,035,902 67,030,413 140,066,315 
