1 600887 伊利股份 597,733,866 239,911,950 837,645,816 
2 600519 貴州茅台 426,165,356 361,160,041 787,325,397 
3 601318 中國平安 310,505,885 276,148,519 586,654,404 
4 600585 海螺水泥 240,240,329 225,706,474 465,946,803 
5 600276 恒瑞醫藥 237,431,427 163,397,082 400,828,509 
6 601888 中國國旅 149,243,586 174,323,585 323,567,171 
7 601668 中國建築 191,272,446 47,894,755 239,167,201 
8 600036 招商銀行 109,800,195 128,768,990 238,569,185 
9 600779 水井坊 183,158,390 41,813,795 224,972,185 
10 600019 寶鋼股份 116,106,204 108,615,238 224,721,442 

1 333 美的集團 942,076,087 396,539,050 1,338,615,137 
2 2415 海康威視 655,155,305 411,583,753 1,066,739,058 
3 858 五糧液 342,745,005 161,819,050 504,564,055 
4 651 格力電器 223,644,261 269,060,403 492,704,664 
5 2 萬科Ａ 173,229,971 197,983,280 371,213,251 
6 2304 洋河股份 109,525,019 199,461,334 308,986,353 
7 2027 分眾傳媒 123,604,324 85,490,330 209,094,654 
8 568 瀘州老窖 48,075,374 94,780,188 142,855,562 
9 1979 招商蛇口 42,651,169 91,327,977 133,979,146 
10 2508 老闆電器 53,372,808 69,361,343 122,734,151 
