1 601318 中國平安 418,473,225 319,933,867 738,407,092 
2 600519 貴州茅台 531,999,768 155,546,183 687,545,951 
3 600887 伊利股份 328,550,169 329,539,372 658,089,541 
4 600276 恒瑞醫藥 338,246,318 243,208,840 581,455,158 
5 600585 海螺水泥 427,647,680 128,193,991 555,841,671 
6 600030 中信證券 183,140,684 148,691,733 331,832,417 
7 600036 招商銀行 151,757,250 101,373,699 253,130,949 
8 600104 上汽集團 72,187,265 173,737,244 245,924,509 
9 600048 保利地產 136,142,475 82,141,296 218,283,771 
10 601939 建設銀行 97,286,544 107,487,985 204,774,529 

1 651 格力電器 313,174,149 133,590,334 446,764,483 
2 333 美的集團 357,726,332 76,466,658 434,192,990 
3 858 五糧液 192,836,955 125,244,479 318,081,434 
4 2415 海康威視 204,040,079 83,508,010 287,548,089 
5 2304 洋河股份 147,205,342 108,641,098 255,846,440 
6 2 萬科Ａ 109,767,169 86,656,203 196,423,372 
7 725 京東方Ａ 79,330,975 85,078,199 164,409,174 
8 1 平安銀行 109,533,851 50,403,651 159,937,502 
9 2236 大華股份 105,883,487 46,600,962 152,484,449 
10 2027 分眾傳媒 109,233,594 41,766,945 151,000,539 
