1 600887 伊利股份 746,875,656 700,703,099 1,447,578,755 
2 600276 恒瑞醫藥 397,108,515 495,923,313 893,031,828 
3 600585 海螺水泥 716,295,013 118,979,660 835,274,673 
4 600519 貴州茅台 474,398,297 138,714,113 613,112,410 
5 601318 中國平安 314,988,285 193,519,438 508,507,723 
6 600028 中國石化 198,745,651 19,343,399 218,089,050 
7 600009 上海機場 79,923,473 129,280,784 209,204,257 
8 600030 中信證券 104,255,806 67,799,487 172,055,293 
9 600104 上汽集團 104,235,883 57,996,419 162,232,302 
10 600036 招商銀行 97,752,197 64,045,206 161,797,403 

1 651 格力電器 178,431,306 211,982,212 390,413,518 
2 333 美的集團 179,678,722 163,631,047 343,309,769 
3 858 五糧液 163,438,700 173,771,972 337,210,672 
4 2415 海康威視 132,557,534 162,988,386 295,545,920 
5 2 萬科Ａ 150,584,149 105,011,996 255,596,145 
6 2304 洋河股份 89,946,762 88,764,586 178,711,348 
7 725 京東方Ａ 83,471,485 46,058,574 129,530,059 
8 1 平安銀行 84,455,140 38,484,244 122,939,384 
9 2027 分眾傳媒 90,904,617 29,656,672 120,561,289 
10 2456 歐菲科技 44,926,567 74,953,647 119,880,214 
