1 600519 貴州茅台 481,391,297 459,288,006 940,679,303 
2 600276 恒瑞醫藥 289,748,203 456,965,267 746,713,470 
3 601318 中國平安 229,214,055 469,191,441 698,405,496 
4 600887 伊利股份 280,599,782 335,015,193 615,614,975 
5 600867 通化東寶 109,188,510 118,336,953 227,525,463 
6 600036 招商銀行 40,870,634 144,464,342 185,334,976 
7 600030 中信證券 79,539,453 91,432,123 170,971,576 
8 603288 海天味業 109,033,312 56,843,302 165,876,614 
9 600585 海螺水泥 95,716,107 62,702,023 158,418,130 
10 600900 長江電力 59,640,992 98,343,196 157,984,188 

1 2415 海康威視 421,034,963 401,929,380 822,964,343 
2 651 格力電器 167,088,365 173,295,761 340,384,126 
3 333 美的集團 223,554,939 113,242,297 336,797,236 
4 858 五糧液 206,879,031 129,649,282 336,528,313 
5 300015 愛爾眼科 258,414,946 72,052,454 330,467,400 
6 2304 洋河股份 195,470,734 76,188,196 271,658,930 
7 1 平安銀行 45,167,405 168,205,744 213,373,149 
8 895 雙匯發展 148,855,145 33,122,573 181,977,718 
9 2027 分眾傳媒 60,143,145 95,850,030 155,993,175 
10 2508 老闆電器 7,962,228 130,594,979 138,557,207 
