1 601318 中國平安 492,035,047 156,326,346 648,361,393 
2 600276 恒瑞醫藥 226,595,771 404,113,199 630,708,970 
3 600519 貴州茅台 358,401,927 239,350,129 597,752,056 
4 600887 伊利股份 210,296,387 89,107,623 299,404,010 
5 600066 宇通客車 120,651,727 64,529,287 185,181,014 
6 600585 海螺水泥 121,860,269 45,836,187 167,696,456 
7 601229 上海銀行 141,490,538 16,788,395 158,278,933 
8 601888 中國國旅 97,276,658 49,730,629 147,007,287 
9 600036 招商銀行 105,325,097 39,298,288 144,623,385 
10 600690 青島海爾 28,093,833 109,926,293 138,020,126 

1 651 格力電器 317,386,976 91,649,991 409,036,967 
2 858 五糧液 273,036,307 69,025,600 342,061,907 
3 333 美的集團 223,767,714 81,814,470 305,582,184 
4 1 平安銀行 174,964,432 27,220,233 202,184,665 
5 2415 海康威視 133,634,612 50,564,393 184,199,005 
6 2304 洋河股份 110,257,163 43,842,162 154,099,325 
7 2 萬科Ａ 55,255,310 95,399,862 150,655,172 
8 1979 招商蛇口 83,326,646 38,988,866 122,315,512 
9 725 京東方Ａ 51,899,979 56,107,310 108,007,289 
10 300347 泰格醫藥 82,861,999 21,589,013 104,451,012 
