1 600887 伊利股份 926,812,967 258,257,064 1,185,070,031 
2 600519 貴州茅台 490,882,283 426,366,066 917,248,349 
3 601318 中國平安 692,489,031 101,818,190 794,307,221 
4 600276 恒瑞醫藥 233,863,544 22,083,132 255,946,676 
5 600779 水井坊 204,065,121 4,959,677 209,024,798 
6 600585 海螺水泥 95,708,460 107,364,901 203,073,361 
7 600028 中國石化 85,533,197 104,540,747 190,073,944 
8 601601 中國太保 112,242,907 72,810,916 185,053,823 
9 600048 保利地產 105,533,122 63,203,951 168,737,073 
10 600036 招商銀行 124,648,996 25,543,791 150,192,787 

1 333 美的集團 558,282,269 167,456,083 725,738,352 
2 651 格力電器 517,567,647 44,560,907 562,128,554 
3 2415 海康威視 326,442,133 60,661,556 387,103,689 
4 858 五糧液 189,281,531 181,506,113 370,787,644 
5 2 萬科Ａ 112,181,143 68,740,982 180,922,125 
6 568 瀘州老窖 124,643,294 36,054,359 160,697,653 
7 725 京東方Ａ 74,673,893 78,072,732 152,746,625 
8 2508 老闆電器 24,502,121 125,701,045 150,203,166 
9 1 平安銀行 88,153,310 53,458,804 141,612,114 
10 2304 洋河股份 65,938,152 62,028,794 127,966,946 
