1 600519 貴州茅台 308,130,118 589,179,136 897,309,254 
2 601318 中國平安 112,878,382 261,485,133 374,363,515 
3 600585 海螺水泥 171,595,792 138,025,492 309,621,284 
4 600887 伊利股份 167,567,036 88,099,011 255,666,047 
5 601888 中國國旅 134,494,820 107,720,597 242,215,417 
6 600276 恒瑞醫藥 96,340,766 56,305,090 152,645,856 
7 600009 上海機場 83,356,646 67,710,021 151,066,667 
8 600036 招商銀行 37,930,295 99,780,646 137,710,941 
9 600867 通化東寶 112,893,218 22,566,389 135,459,607 
10 601601 中國太保 34,014,284 100,014,384 134,028,668 

1 651 格力電器 185,966,110 292,498,779 478,464,889 
2 333 美的集團 194,743,183 269,664,004 464,407,187 
3 2415 海康威視 72,840,404 266,311,518 339,151,922 
4 858 五糧液 139,735,991 196,452,698 336,188,689 
5 2 萬科Ａ 51,719,636 174,059,802 225,779,438 
6 2304 洋河股份 44,850,043 90,490,913 135,340,956 
7 300347 泰格醫藥 30,519,977 89,813,155 120,333,132 
8 1 平安銀行 40,800,173 71,243,472 112,043,645 
9 725 京東方Ａ 32,601,174 77,720,168 110,321,342 
10 2008 大族激光 49,271,687 31,278,066 80,549,753 
