1 600519 貴州茅台 936,693,170 1,998,975,389 2,935,668,559 
2 601318 中國平安 195,861,935 1,703,881,521 1,899,743,456 
3 600276 恒瑞醫藥 262,369,516 671,729,695 934,099,211 
4 600887 伊利股份 384,356,788 346,929,860 731,286,648 
5 600028 中國石化 56,176,260 652,021,989 708,198,249 
6 600036 招商銀行 93,644,002 502,907,526 596,551,528 
7 600585 海螺水泥 132,406,164 328,215,233 460,621,397 
8 600009 上海機場 89,859,088 345,018,454 434,877,542 
9 600019 寶鋼股份 59,121,899 365,793,856 424,915,755 
10 601166 興業銀行 35,742,874 318,054,440 353,797,314 

1 2415 海康威視 120,700,321 1,240,165,463 1,360,865,784 
2 651 格力電器 341,913,088 562,037,869 903,950,957 
3 858 五糧液 219,663,070 574,556,003 794,219,073 
4 2304 洋河股份 144,688,515 358,813,931 503,502,446 
5 2 萬科Ａ 87,395,200 277,200,094 364,595,294 
6 1 平安銀行 49,304,206 271,108,629 320,412,835 
7 2027 分眾傳媒 91,326,103 150,667,232 241,993,335 
8 568 瀘州老窖 123,779,618 69,948,521 193,728,139 
9 300347 泰格醫藥 120,360,567 59,770,904 180,131,471 
10 898 鞍鋼股份 15,010,120 123,206,397 138,216,517 
