1 601318 中國平安 300,126,151 512,968,607 813,094,758 
2 600276 恒瑞醫藥 289,675,743 429,025,234 718,700,977 
3 600519 貴州茅台 253,792,945 375,196,117 628,989,062 
4 600104 上汽集團 230,235,093 171,512,529 401,747,622 
5 600036 招商銀行 172,268,230 132,154,918 304,423,148 
6 600887 伊利股份 165,578,104 83,629,618 249,207,722 
7 600585 海螺水泥 104,572,219 134,927,794 239,500,013 
8 600019 寶鋼股份 62,274,485 153,187,491 215,461,976 
9 601888 中國國旅 149,181,179 52,153,055 201,334,234 
10 601288 農業銀行 88,861,940 100,180,560 189,042,500 

1 2415 海康威視 261,162,084 312,084,989 573,247,073 
2 858 五糧液 244,106,102 203,358,893 447,464,995 
3 651 格力電器 250,298,697 136,200,930 386,499,627 
4 2 萬科Ａ 119,908,174 104,260,713 224,168,887 
5 2304 洋河股份 76,677,203 142,800,278 219,477,481 
6 1 平安銀行 78,689,099 131,900,567 210,589,666 
7 2027 分眾傳媒 152,726,253 46,516,138 199,242,391 
8 898 鞍鋼股份 21,500,684 102,486,037 123,986,721 
9 300015 愛爾眼科 76,836,044 37,195,889 114,031,933 
10 2410 廣聯達 40,221,114 45,549,236 85,770,350 
