1 600519 貴州茅台 587,035,755 681,564,393 1,268,600,148 
2 601318 中國平安 694,903,465 253,272,884 948,176,349 
3 600276 恒瑞醫藥 273,473,729 584,181,200 857,654,929 
4 600887 伊利股份 487,134,513 312,292,270 799,426,783 
5 600585 海螺水泥 145,099,904 417,510,735 562,610,639 
6 600036 招商銀行 435,290,004 105,543,768 540,833,772 
7 600030 中信證券 319,737,904 173,555,776 493,293,680 
8 601166 興業銀行 209,549,719 65,818,897 275,368,616 
9 601288 農業銀行 175,063,844 84,353,802 259,417,646 
10 601398 工商銀行 167,779,499 87,094,419 254,873,918 

1 2415 海康威視 275,656,606 438,357,337 714,013,943 
2 858 五糧液 254,105,831 332,067,044 586,172,875 
3 2304 洋河股份 152,490,795 212,454,227 364,945,022 
4 651 格力電器 201,074,533 162,411,927 363,486,460 
5 1 平安銀行 204,798,491 77,327,218 282,125,709 
6 2 萬科Ａ 172,092,590 101,488,792 273,581,382 
7 2027 分眾傳媒 61,382,201 115,157,824 176,540,025 
8 2475 立訊精密 46,776,759 96,303,301 143,080,060 
9 300015 愛爾眼科 63,598,534 72,051,692 135,650,226 
10 963 華東醫藥 17,970,874 99,299,395 117,270,269 
