1 600585 海螺水泥 176,403,726 532,796,895 709,200,621 
2 600030 中信證券 341,043,782 250,659,552 591,703,334 
3 600519 貴州茅台 376,998,994 145,198,223 522,197,217 
4 601318 中國平安 221,030,618 192,967,083 413,997,701 
5 600276 恒瑞醫藥 273,973,081 117,149,005 391,122,086 
6 600887 伊利股份 92,092,661 171,005,887 263,098,548 
7 600036 招商銀行 123,890,117 86,871,299 210,761,416 
8 601668 中國建築 139,098,942 58,042,663 197,141,605 
9 600104 上汽集團 130,188,711 58,862,538 189,051,249 
10 601166 興業銀行 124,903,147 33,729,296 158,632,443 

1 2415 海康威視 359,206,207 258,976,726 618,182,933 
2 333 美的集團 270,384,467 103,803,290 374,187,757 
3 858 五糧液 241,356,230 111,245,081 352,601,311 
4 651 格力電器 187,240,141 67,960,558 255,200,699 
5 2 萬科Ａ 184,188,028 60,889,687 245,077,715 
6 2304 洋河股份 122,599,193 72,678,347 195,277,540 
7 2236 大華股份 71,014,022 80,917,132 151,931,154 
8 1 平安銀行 91,077,846 38,477,816 129,555,662 
9 338 濰柴動力 97,537,791 17,737,324 115,275,115 
10 1979 招商蛇口 67,592,170 43,150,024 110,742,194 
