1 600519 貴州茅台 1,191,608,671 1,553,670,322 2,745,278,993 
2 601318 中國平安 1,822,802,859 786,688,644 2,609,491,503 
3 600276 恒瑞醫藥 342,261,781 954,082,806 1,296,344,587 
4 600585 海螺水泥 788,530,980 128,789,732 917,320,712 
5 600887 伊利股份 528,562,736 345,869,239 874,431,975 
6 600036 招商銀行 265,775,830 305,487,801 571,263,631 
7 601398 工商銀行 372,022,904 65,693,978 437,716,882 
8 601888 中國國旅 208,374,296 211,829,314 420,203,610 
9 600009 上海機場 102,717,879 230,414,857 333,132,736 
10 601939 建設銀行 276,013,156 39,257,336 315,270,492 

1 333 美的集團 717,304,587 745,223,358 1,462,527,945 
2 858 五糧液 428,129,964 731,175,315 1,159,305,279 
3 651 格力電器 344,286,487 486,814,594 831,101,081 
4 2415 海康威視 433,374,563 355,110,482 788,485,045 
5 2304 洋河股份 309,540,531 189,222,451 498,762,982 
6 2 萬科Ａ 249,238,140 104,835,020 354,073,160 
7 1 平安銀行 166,983,582 156,603,741 323,587,323 
8 2008 大族激光 86,598,400 210,824,044 297,422,444 
9 568 瀘州老窖 133,590,012 150,536,150 284,126,162 
10 1979 招商蛇口 98,757,746 98,573,478 197,331,224 
