1 600519 貴州茅台 454,797,951 437,368,176 892,166,127 
2 601318 中國平安 650,878,260 198,320,352 849,198,612 
3 600276 恒瑞醫藥 306,751,752 495,684,674 802,436,426 
4 600028 中國石化 315,182,726 36,382,447 351,565,173 
5 600887 伊利股份 192,369,180 83,390,875 275,760,055 
6 600036 招商銀行 172,654,090 58,229,977 230,884,067 
7 600019 寶鋼股份 83,485,404 140,633,402 224,118,806 
8 600585 海螺水泥 167,447,115 50,303,318 217,750,433 
9 601888 中國國旅 94,487,965 101,153,124 195,641,089 
10 600867 通化東寶 91,659,066 100,831,111 192,490,177 

1 2415 海康威視 585,536,295 336,808,577 922,344,872 
2 2027 分眾傳媒 159,907,318 267,718,371 427,625,689 
3 2304 洋河股份 205,079,592 128,777,390 333,856,982 
4 651 格力電器 164,801,829 53,371,038 218,172,867 
5 858 五糧液 125,608,113 88,830,382 214,438,495 
6 2236 大華股份 117,320,070 87,176,721 204,496,791 
7 2 萬科Ａ 118,699,513 68,060,139 186,759,652 
8 963 華東醫藥 51,762,464 95,072,013 146,834,477 
9 2475 立訊精密 82,192,410 62,284,976 144,477,386 
10 1 平安銀行 77,497,604 64,957,136 142,454,740 
