1 600519 貴州茅台 1,050,139,786 925,842,344 1,975,982,130 
2 601318 中國平安 1,025,890,102 545,499,005 1,571,389,107 
3 600887 伊利股份 566,560,769 887,747,269 1,454,308,038 
4 600276 恒瑞醫藥 313,788,196 842,878,310 1,156,666,506 
5 600036 招商銀行 456,078,666 481,714,803 937,793,469 
6 601166 興業銀行 288,834,699 157,937,174 446,771,873 
7 600028 中國石化 265,125,976 166,737,628 431,863,604 
8 600000 浦發銀行 242,099,525 155,669,957 397,769,482 
9 601398 工商銀行 214,061,079 167,157,124 381,218,203 
10 601288 農業銀行 202,703,164 157,043,944 359,747,108 

1 651 格力電器 444,599,278 675,107,335 1,119,706,613 
2 333 美的集團 472,791,652 338,572,113 811,363,765 
3 2415 海康威視 310,908,065 184,381,155 495,289,220 
4 2 萬科Ａ 208,315,841 222,538,043 430,853,884 
5 858 五糧液 208,578,707 191,069,549 399,648,256 
6 1 平安銀行 269,880,612 97,982,372 367,862,984 
7 2304 洋河股份 213,875,345 146,740,514 360,615,859 
8 1979 招商蛇口 191,616,569 81,472,013 273,088,582 
9 2027 分眾傳媒 166,082,900 64,409,943 230,492,843 
10 338 濰柴動力 146,614,118 24,182,077 170,796,195 
