1 601318 中國平安 292,299,421 297,459,971 589,759,392 
2 600585 海螺水泥 320,365,863 241,708,671 562,074,534 
3 600519 貴州茅台 167,592,886 286,396,874 453,989,760 
4 600036 招商銀行 176,048,668 122,699,043 298,747,711 
5 600009 上海機場 211,188,982 65,277,191 276,466,173 
6 600019 寶鋼股份 188,629,351 82,899,808 271,529,159 
7 600031 三一重工 212,187,070 34,826,399 247,013,469 
8 600276 恒瑞醫藥 129,960,617 99,096,423 229,057,040 
9 600309 萬華化學 156,917,130 60,743,784 217,660,914 
10 600887 伊利股份 143,465,249 64,129,921 207,595,170 

1 2008 大族激光 201,891,078 383,433,082 585,324,160 
2 2415 海康威視 205,126,854 353,406,150 558,533,004 
3 651 格力電器 258,666,145 147,769,719 406,435,864 
4 333 美的集團 167,652,372 235,706,829 403,359,201 
5 858 五糧液 177,732,715 100,077,470 277,810,185 
6 2 萬科Ａ 165,898,284 107,255,536 273,153,820 
7 725 京東方Ａ 133,635,702 44,720,593 178,356,295 
8 300015 愛爾眼科 111,159,963 41,866,747 153,026,710 
9 2027 分眾傳媒 79,357,437 51,584,595 130,942,032 
10 1 平安銀行 52,019,522 74,385,044 126,404,566 
