1 601318 中國平安 562,146,597 677,750,521 1,239,897,118 
2 600887 伊利股份 732,343,227 272,546,023 1,004,889,250 
3 600276 恒瑞醫藥 369,016,918 453,876,575 822,893,493 
4 600519 貴州茅台 436,841,447 116,160,448 553,001,895 
5 600585 海螺水泥 341,839,813 40,417,940 382,257,753 
6 600036 招商銀行 251,529,943 101,165,661 352,695,604 
7 601398 工商銀行 249,700,594 46,254,454 295,955,048 
8 601288 農業銀行 156,610,956 69,244,198 225,855,154 
9 600104 上汽集團 95,887,719 123,144,240 219,031,959 
10 601166 興業銀行 133,121,930 41,450,015 174,571,945 

1 651 格力電器 277,902,754 295,846,092 573,748,846 
2 333 美的集團 372,808,976 114,020,454 486,829,430 
3 2415 海康威視 235,869,807 203,241,777 439,111,584 
4 858 五糧液 250,462,295 156,228,335 406,690,630 
5 2 萬科Ａ 182,916,761 79,714,949 262,631,710 
6 2236 大華股份 117,246,104 67,971,402 185,217,506 
7 568 瀘州老窖 86,536,544 76,849,915 163,386,459 
8 725 京東方Ａ 112,632,484 37,862,989 150,495,473 
9 2304 洋河股份 97,967,866 43,038,238 141,006,104 
10 300450 先導智能 116,072,801 2,458,424 118,531,225 
