1 600276 恒瑞醫藥 268,088,342 378,001,115 646,089,457 
2 600519 貴州茅台 237,120,405 360,388,230 597,508,635 
3 601318 中國平安 329,970,485 259,416,100 589,386,585 
4 600104 上汽集團 90,522,094 169,800,732 260,322,826 
5 601186 中國鐵建 121,965,998 88,334,888 210,300,886 
6 600036 招商銀行 132,937,256 73,265,664 206,202,920 
7 600031 三一重工 106,987,885 74,665,313 181,653,198 
8 601668 中國建築 78,482,509 102,763,306 181,245,815 
9 601888 中國國旅 49,731,124 86,774,872 136,505,996 
10 601166 興業銀行 76,634,919 46,924,724 123,559,643 

1 333 美的集團 263,589,139 246,019,603 509,608,742 
2 651 格力電器 117,098,993 286,749,130 403,848,123 
3 2415 海康威視 63,836,365 144,441,359 208,277,724 
4 538 雲南白藥 95,474,614 88,682,083 184,156,697 
5 2027 分眾傳媒 89,543,679 89,245,235 178,788,914 
6 2304 洋河股份 67,563,208 105,943,513 173,506,721 
7 858 五糧液 65,790,031 100,601,606 166,391,637 
8 2 萬科Ａ 88,107,093 60,463,918 148,571,011 
9 2475 立訊精密 63,571,674 57,751,929 121,323,603 
10 401 冀東水泥 100,180,306 1,810,711 101,991,017 
