1 601318 中國平安 603,060,850 297,830,393 900,891,243 
2 600519 貴州茅台 216,623,469 377,955,001 594,578,470 
3 600030 中信證券 279,407,983 239,118,845 518,526,828 
4 600019 寶鋼股份 244,745,452 130,866,790 375,612,242 
5 601166 興業銀行 212,116,528 136,053,986 348,170,514 
6 601668 中國建築 102,685,498 236,993,608 339,679,106 
7 600887 伊利股份 163,844,773 174,897,571 338,742,344 
8 600036 招商銀行 168,756,302 137,666,962 306,423,264 
9 600048 保利地產 188,121,497 89,481,464 277,602,961 
10 600276 恒瑞醫藥 166,299,292 85,295,855 251,595,147 

1 858 五糧液 264,777,944 315,321,533 580,099,477 
2 651 格力電器 252,629,533 176,982,877 429,612,410 
3 725 京東方Ａ 184,817,783 166,036,727 350,854,510 
4 2415 海康威視 208,937,347 98,547,006 307,484,353 
5 2 萬科Ａ 138,913,623 147,572,630 286,486,253 
6 333 美的集團 101,667,700 129,936,164 231,603,864 
7 1 平安銀行 101,373,128 104,317,796 205,690,924 
8 2236 大華股份 168,684,475 35,321,845 204,006,320 
9 2008 大族激光 109,678,469 90,191,892 199,870,361 
10 568 瀘州老窖 40,904,681 151,272,017 192,176,698 
