1 601318 中國平安 560,274,283 367,164,531 927,438,814 
2 600519 貴州茅台 293,978,315 435,945,146 729,923,461 
3 600585 海螺水泥 255,310,814 358,705,212 614,016,026 
4 600887 伊利股份 111,540,658 375,570,392 487,111,050 
5 600276 恒瑞醫藥 236,660,594 177,348,432 414,009,026 
6 601688 華泰證券 235,396,020 147,033,150 382,429,170 
7 600036 招商銀行 134,263,222 195,514,696 329,777,918 
8 601229 上海銀行 162,531,068 125,436,973 287,968,041 
9 600030 中信證券 137,660,323 93,599,555 231,259,878 
10 600104 上汽集團 58,051,393 160,847,463 218,898,856 

1 651 格力電器 843,484,029 1,250,050,356 2,093,534,385 
2 333 美的集團 156,920,610 285,733,079 442,653,689 
3 2415 海康威視 152,238,037 285,969,921 438,207,958 
4 776 廣發證券 221,967,494 143,964,451 365,931,945 
5 858 五糧液 146,890,360 184,250,675 331,141,035 
6 2 萬科Ａ 107,355,192 113,652,883 221,008,075 
7 2236 大華股份 55,209,612 135,935,309 191,144,921 
8 725 京東方Ａ 56,718,048 97,632,957 154,351,005 
9 1 平安銀行 65,761,896 83,381,950 149,143,846 
10 300017 網宿科技 56,654,561 56,725,065 113,379,626 
