1 600519 貴州茅台 447,359,657 399,544,239 846,903,896 
2 600887 伊利股份 141,357,150 293,706,198 435,063,348 
3 601318 中國平安 219,301,961 198,770,322 418,072,283 
4 600048 保利地產 134,321,121 171,364,051 305,685,172 
5 601888 中國國旅 178,861,041 119,960,051 298,821,092 
6 600036 招商銀行 141,006,837 86,370,533 227,377,370 
7 600276 恒瑞醫藥 146,326,990 77,104,210 223,431,200 
8 601288 農業銀行 156,174,286 46,164,357 202,338,643 
9 601939 建設銀行 74,224,600 120,276,315 194,500,915 
10 601398 工商銀行 162,783,835 28,240,529 191,024,364 

1 858 五糧液 237,713,761 169,004,183 406,717,944 
2 651 格力電器 223,124,565 131,968,646 355,093,211 
3 2 萬科Ａ 163,839,527 121,612,959 285,452,486 
4 2508 老闆電器 28,060,870 243,247,279 271,308,149 
5 333 美的集團 139,796,185 119,198,836 258,995,021 
6 725 京東方Ａ 149,149,142 57,452,996 206,602,138 
7 2008 大族激光 120,762,159 84,120,886 204,883,045 
8 2304 洋河股份 104,149,486 80,821,478 184,970,964 
9 1 平安銀行 97,144,689 76,378,084 173,522,773 
10 2415 海康威視 92,259,424 75,286,138 167,545,562 
