1 600519 貴州茅台 569,579,887 1,463,022,474 2,032,602,361 
2 601318 中國平安 615,473,049 1,409,811,424 2,025,284,473 
3 600276 恒瑞醫藥 255,537,925 597,592,878 853,130,803 
4 600036 招商銀行 215,300,845 371,703,115 587,003,960 
5 600887 伊利股份 315,902,847 264,029,054 579,931,901 
6 600585 海螺水泥 142,333,648 224,324,975 366,658,623 
7 600028 中國石化 105,758,864 250,214,932 355,973,796 
8 600900 長江電力 99,796,779 212,536,736 312,333,515 
9 600030 中信證券 124,255,196 173,784,665 298,039,861 
10 601398 工商銀行 106,957,095 185,115,294 292,072,389 

1 858 五糧液 302,860,501 836,210,196 1,139,070,697 
2 2415 海康威視 354,334,956 737,908,977 1,092,243,933 
3 651 格力電器 501,284,858 484,546,315 985,831,173 
4 2304 洋河股份 198,474,311 280,259,689 478,734,000 
5 1 平安銀行 131,382,584 283,017,340 414,399,924 
6 2 萬科Ａ 201,869,596 176,493,944 378,363,540 
7 568 瀘州老窖 154,705,294 167,995,362 322,700,656 
8 2027 分眾傳媒 69,643,513 137,278,209 206,921,722 
9 2008 大族激光 43,889,795 119,024,614 162,914,409 
10 338 濰柴動力 30,533,816 123,638,807 154,172,623 
