1 600276 恒瑞醫藥 354,179,212 231,901,932 586,081,144 
2 600519 貴州茅台 343,969,334 229,641,217 573,610,551 
3 601318 中國平安 318,339,555 120,221,895 438,561,450 
4 600690 青島海爾 221,631,269 9,127,727 230,758,996 
5 600009 上海機場 88,616,240 120,357,238 208,973,478 
6 600887 伊利股份 121,562,413 77,873,821 199,436,234 
7 600585 海螺水泥 154,443,227 44,935,521 199,378,748 
8 600036 招商銀行 120,242,055 56,516,495 176,758,550 
9 600028 中國石化 121,003,030 35,764,605 156,767,635 
10 601939 建設銀行 104,812,436 40,877,539 145,689,975 

1 2415 海康威視 188,809,054 395,620,061 584,429,115 
2 858 五糧液 200,063,660 97,689,014 297,752,674 
3 651 格力電器 134,304,528 157,036,285 291,340,813 
4 333 美的集團 154,498,044 110,295,266 264,793,310 
5 2024 蘇寧易購 137,510,027 56,125,341 193,635,368 
6 2027 分眾傳媒 122,329,350 55,354,346 177,683,696 
7 2304 洋河股份 117,097,853 40,252,677 157,350,530 
8 2 萬科Ａ 62,567,082 80,768,083 143,335,165 
9 2008 大族激光 72,946,168 61,957,474 134,903,642 
10 338 濰柴動力 105,254,471 15,210,140 120,464,611 
