1 601318 中國平安 195,599,353 342,329,254 537,928,607 
2 600519 貴州茅台 331,430,813 176,998,910 508,429,723 
3 600887 伊利股份 99,191,383 133,402,628 232,594,011 
4 600019 寶鋼股份 106,379,915 123,498,462 229,878,377 
5 600036 招商銀行 66,006,248 127,064,509 193,070,757 
6 600048 保利地產 78,354,438 111,703,946 190,058,384 
7 600276 恒瑞醫藥 67,635,843 88,564,811 156,200,654 
8 601398 工商銀行 43,368,446 108,380,795 151,749,241 
9 600690 青島海爾 19,601,113 125,567,284 145,168,397 
10 601288 農業銀行 30,734,044 110,783,441 141,517,485 

1 651 格力電器 170,692,278 266,232,567 436,924,845 
2 333 美的集團 173,089,103 143,732,518 316,821,621 
3 2415 海康威視 182,197,251 133,362,674 315,559,925 
4 858 五糧液 160,261,910 149,013,318 309,275,228 
5 2 萬科Ａ 65,377,121 167,521,783 232,898,904 
6 2236 大華股份 75,673,883 41,036,418 116,710,301 
7 2027 分眾傳媒 59,106,245 53,667,933 112,774,178 
8 2594 比亞迪 27,373,785 85,277,881 112,651,666 
9 2440 閏土股份 103,678,053 8,291,710 111,969,763 
10 300017 網宿科技 56,743,376 51,948,490 108,691,866 
