1 601318 中國平安 557,659,926 272,144,309 829,804,235 
2 600519 貴州茅台 410,467,968 280,661,519 691,129,487 
3 600036 招商銀行 383,951,833 179,280,984 563,232,817 
4 600276 恒瑞醫藥 293,324,244 102,726,456 396,050,700 
5 600030 中信證券 218,744,022 144,520,980 363,265,002 
6 600585 海螺水泥 233,521,485 61,229,290 294,750,775 
7 600887 伊利股份 154,084,935 103,310,128 257,395,063 
8 601601 中國太保 132,282,983 75,794,630 208,077,613 
9 600029 南方航空 169,772,432 28,342,055 198,114,487 
10 601888 中國國旅 100,153,919 92,295,731 192,449,650 

1 2415 海康威視 258,393,477 194,255,848 452,649,325 
2 333 美的集團 272,349,709 108,688,200 381,037,909 
3 2 萬科Ａ 151,224,332 196,453,456 347,677,788 
4 651 格力電器 137,210,007 161,558,698 298,768,705 
5 2027 分眾傳媒 170,158,029 66,201,677 236,359,706 
6 858 五糧液 120,422,903 73,660,154 194,083,057 
7 1 平安銀行 65,519,763 75,659,311 141,179,074 
8 725 京東方Ａ 89,601,042 48,205,703 137,806,745 
9 2304 洋河股份 69,690,858 66,068,066 135,758,924 
10 2475 立訊精密 44,171,163 65,601,756 109,772,919 
