1 600276 恒瑞醫藥 296,572,055 349,879,767 646,451,822 
2 601318 中國平安 333,761,982 203,572,535 537,334,517 
3 600519 貴州茅台 234,107,618 209,733,716 443,841,334 
4 601939 建設銀行 266,163,033 166,065,644 432,228,677 
5 600887 伊利股份 232,049,068 123,477,556 355,526,624 
6 600009 上海機場 136,894,192 156,785,390 293,679,582 
7 600048 保利地產 85,511,706 139,213,804 224,725,510 
8 600036 招商銀行 79,373,591 134,369,608 213,743,199 
9 601398 工商銀行 64,204,739 146,919,701 211,124,440 
10 600030 中信證券 80,551,324 123,542,045 204,093,369 

1 333 美的集團 403,615,421 668,033,407 1,071,648,828 
2 651 格力電器 220,380,542 309,672,685 530,053,227 
3 858 五糧液 311,370,403 110,231,934 421,602,337 
4 2415 海康威視 238,943,814 114,195,469 353,139,283 
5 1 平安銀行 62,527,262 130,250,830 192,778,092 
6 2 萬科Ａ 101,563,823 85,990,772 187,554,595 
7 963 華東醫藥 102,170,055 48,030,463 150,200,518 
8 2236 大華股份 98,227,321 50,701,340 148,928,661 
9 725 京東方Ａ 85,390,353 57,882,302 143,272,655 
10 2572 索菲亞 18,275,516 115,700,745 133,976,261 
