1 600519 貴州茅台 339,324,799 358,765,059 698,089,858 
2 600276 恒瑞醫藥 280,466,816 409,857,693 690,324,509 
3 601318 中國平安 198,107,299 313,011,580 511,118,879 
4 600887 伊利股份 267,156,829 174,869,776 442,026,605 
5 600585 海螺水泥 204,463,502 140,912,044 345,375,546 
6 601398 工商銀行 96,767,304 143,531,617 240,298,921 
7 600690 青島海爾 109,449,184 110,943,579 220,392,763 
8 600036 招商銀行 99,608,755 118,117,149 217,725,904 
9 600009 上海機場 88,961,641 76,700,020 165,661,661 
10 600030 中信證券 87,783,549 70,761,218 158,544,767 

1 2415 海康威視 211,952,814 301,909,208 513,862,022 
2 858 五糧液 165,211,117 162,687,266 327,898,383 
3 963 華東醫藥 239,759,725 49,607,563 289,367,288 
4 651 格力電器 89,066,721 172,168,448 261,235,169 
5 333 美的集團 134,698,627 112,231,821 246,930,448 
6 2304 洋河股份 142,429,751 92,762,617 235,192,368 
7 568 瀘州老窖 152,105,271 81,785,315 233,890,586 
8 895 雙匯發展 170,175,966 20,838,083 191,014,049 
9 538 雲南白藥 28,100,960 157,248,495 185,349,455 
10 1 平安銀行 113,267,737 59,751,677 173,019,414 
