1 600519 貴州茅台 300,142,808 304,762,046 604,904,854 
2 600887 伊利股份 160,352,944 395,394,840 555,747,784 
3 601318 中國平安 417,178,294 115,219,637 532,397,931 
4 600276 恒瑞醫藥 148,754,728 139,173,167 287,927,895 
5 600585 海螺水泥 156,715,997 84,699,413 241,415,410 
6 601939 建設銀行 46,436,368 138,155,954 184,592,322 
7 601888 中國國旅 28,634,375 130,024,293 158,658,668 
8 600036 招商銀行 116,489,531 38,117,072 154,606,603 
9 601288 農業銀行 51,405,188 72,674,996 124,080,184 
10 600690 青島海爾 91,536,402 26,824,453 118,360,855 

1 2415 海康威視 171,626,604 309,963,471 481,590,075 
2 651 格力電器 300,826,201 91,113,456 391,939,657 
3 858 五糧液 304,512,191 59,809,701 364,321,892 
4 333 美的集團 121,277,273 89,652,654 210,929,927 
5 2 萬科Ａ 167,349,697 37,964,879 205,314,576 
6 2024 蘇寧易購 113,641,328 34,948,465 148,589,793 
7 2508 老闆電器 103,897,467 35,255,844 139,153,311 
8 2304 洋河股份 95,492,993 27,336,738 122,829,731 
9 2027 分眾傳媒 79,918,997 39,682,105 119,601,102 
10 2236 大華股份 64,982,354 53,435,644 118,417,998 
