1 600276 恒瑞醫藥 491,241,703 458,853,036 950,094,739 
2 601888 中國國旅 356,578,756 261,167,252 617,746,008 
3 600519 貴州茅台 265,976,913 293,330,469 559,307,382 
4 601318 中國平安 199,108,691 348,979,161 548,087,852 
5 600887 伊利股份 193,437,758 144,886,576 338,324,334 
6 600048 保利地產 175,216,623 144,463,809 319,680,432 
7 600585 海螺水泥 104,793,559 160,148,749 264,942,308 
8 600298 安琪酵母 73,279,708 165,201,983 238,481,691 
9 600690 青島海爾 146,987,646 46,270,529 193,258,175 
10 600036 招商銀行 92,132,657 83,589,024 175,721,681 

1 2415 海康威視 247,327,170 313,920,667 561,247,837 
2 2 萬科Ａ 333,371,772 119,472,630 452,844,402 
3 333 美的集團 247,517,735 194,267,411 441,785,146 
4 651 格力電器 202,597,466 144,580,911 347,178,377 
5 858 五糧液 105,082,281 109,979,871 215,062,152 
6 568 瀘州老窖 42,781,321 112,566,307 155,347,628 
7 300122 智飛生物 55,799,603 96,677,693 152,477,296 
8 2304 洋河股份 50,323,069 82,850,638 133,173,707 
9 1979 招商蛇口 77,408,134 42,199,077 119,607,211 
10 2236 大華股份 58,873,273 57,210,836 116,084,109 
