1 600887 伊利股份 447,291,212 268,401,098 715,692,310 
2 600276 恒瑞醫藥 346,453,388 345,462,195 691,915,583 
3 600519 貴州茅台 414,056,512 224,199,008 638,255,520 
4 600585 海螺水泥 361,435,254 82,067,208 443,502,462 
5 601318 中國平安 139,916,719 291,047,564 430,964,283 
6 600030 中信證券 238,345,842 137,033,242 375,379,084 
7 600690 青島海爾 231,690,990 42,750,105 274,441,095 
8 600104 上汽集團 98,836,145 104,356,182 203,192,327 
9 600009 上海機場 52,150,714 123,725,786 175,876,500 
10 600036 招商銀行 63,484,380 106,771,931 170,256,311 

1 858 五糧液 396,628,235 189,207,112 585,835,347 
2 333 美的集團 240,151,601 142,155,957 382,307,558 
3 651 格力電器 175,614,759 118,375,510 293,990,269 
4 2304 洋河股份 156,163,991 137,822,220 293,986,211 
5 2415 海康威視 167,071,455 93,876,883 260,948,338 
6 2027 分眾傳媒 150,044,990 86,617,719 236,662,709 
7 2 萬科Ａ 120,008,761 111,178,411 231,187,172 
8 1 平安銀行 83,445,523 54,320,292 137,765,815 
9 963 華東醫藥 83,672,015 33,401,095 117,073,110 
10 568 瀘州老窖 84,090,147 30,840,082 114,930,229 
