1 600519 貴州茅台 662,207,536 1,083,162,567 1,745,370,103 
2 601318 中國平安 531,759,008 228,575,663 760,334,671 
3 600276 恒瑞醫藥 260,377,902 331,033,448 591,411,350 
4 601888 中國國旅 228,559,541 222,145,739 450,705,280 
5 600887 伊利股份 264,055,116 178,267,200 442,322,316 
6 600050 中國聯通 295,290,242 100,964,659 396,254,901 
7 600009 上海機場 170,377,305 160,006,641 330,383,946 
8 600036 招商銀行 243,088,889 70,787,947 313,876,836 
9 600585 海螺水泥 157,439,814 121,962,379 279,402,193 
10 600030 中信證券 151,817,093 100,514,361 252,331,454 

1 333 美的集團 369,032,678 260,945,961 629,978,639 
2 2415 海康威視 346,560,418 228,201,783 574,762,201 
3 858 五糧液 276,894,778 192,349,262 469,244,040 
4 651 格力電器 278,134,156 170,524,008 448,658,164 
5 2304 洋河股份 240,778,240 66,625,698 307,403,938 
6 2027 分眾傳媒 166,640,297 76,859,720 243,500,017 
7 2008 大族激光 144,086,898 61,196,018 205,282,916 
8 2 萬科Ａ 120,041,465 83,014,660 203,056,125 
9 538 雲南白藥 60,898,753 82,146,371 143,045,124 
10 2475 立訊精密 28,176,159 111,572,923 139,749,082 
