1 601318 中國平安 433,548,644 624,346,617 1,057,895,261 
2 600519 貴州茅台 317,543,957 640,746,628 958,290,585 
3 600276 恒瑞醫藥 188,799,878 326,016,598 514,816,476 
4 600887 伊利股份 219,718,443 212,666,175 432,384,618 
5 600585 海螺水泥 177,364,974 126,587,586 303,952,560 
6 600690 青島海爾 84,412,365 213,484,711 297,897,076 
7 601888 中國國旅 98,721,340 197,352,444 296,073,784 
8 600104 上汽集團 67,263,803 178,734,432 245,998,235 
9 603288 海天味業 91,670,673 144,409,920 236,080,593 
10 600036 招商銀行 89,617,618 104,578,186 194,195,804 

1 2415 海康威視 268,696,273 415,135,808 683,832,081 
2 651 格力電器 276,179,105 337,582,952 613,762,057 
3 2 萬科Ａ 348,117,756 51,337,185 399,454,941 
4 858 五糧液 168,981,580 189,031,105 358,012,685 
5 2304 洋河股份 135,201,681 128,850,770 264,052,451 
6 2027 分眾傳媒 142,103,825 48,322,612 190,426,437 
7 1 平安銀行 64,900,488 97,774,700 162,675,188 
8 568 瀘州老窖 79,023,686 45,567,738 124,591,424 
9 661 長春高新 90,120,320 32,476,278 122,596,598 
10 300124 匯川技術 39,940,149 67,365,921 107,306,070 
