1 600519 貴州茅台 955,412,465 850,233,987 1,805,646,452 
2 600276 恒瑞醫藥 407,302,360 401,116,624 808,418,984 
3 600887 伊利股份 549,642,993 149,263,740 698,906,733 
4 601318 中國平安 354,904,415 205,377,598 560,282,013 
5 600585 海螺水泥 345,573,546 67,255,753 412,829,299 
6 600030 中信證券 159,964,274 177,072,488 337,036,762 
7 600104 上汽集團 165,109,775 150,726,769 315,836,544 
8 600066 宇通客車 134,265,198 58,392,099 192,657,297 
9 601888 中國國旅 122,258,955 56,631,926 178,890,881 
10 601601 中國太保 138,073,862 37,929,012 176,002,874 

1 858 五糧液 583,720,654 442,417,702 1,026,138,356 
2 333 美的集團 367,151,145 444,207,264 811,358,409 
3 2415 海康威視 288,469,135 277,406,820 565,875,955 
4 651 格力電器 226,964,525 135,897,290 362,861,815 
5 2304 洋河股份 126,263,817 186,562,851 312,826,668 
6 2027 分眾傳媒 168,491,698 90,119,831 258,611,529 
7 2 萬科Ａ 133,787,039 112,898,332 246,685,371 
8 1 平安銀行 84,837,612 60,831,714 145,669,326 
9 2008 大族激光 98,800,974 42,205,426 141,006,400 
10 725 京東方Ａ 67,904,900 60,666,924 128,571,824 
