1 600519 貴州茅台 1,010,559,765 775,257,651 1,785,817,416 
2 601318 中國平安 344,093,689 425,922,789 770,016,478 
3 600276 恒瑞醫藥 423,639,311 283,468,672 707,107,983 
4 600309 萬華化學 183,449,420 263,836,471 447,285,891 
5 600887 伊利股份 202,975,976 191,893,982 394,869,958 
6 600585 海螺水泥 223,741,685 127,401,011 351,142,696 
7 600690 青島海爾 165,031,303 46,766,647 211,797,950 
8 600028 中國石化 108,831,351 67,821,379 176,652,730 
9 603288 海天味業 103,750,297 53,939,189 157,689,486 
10 600004 白雲機場 129,988,036 13,869,208 143,857,244 

1 333 美的集團 692,532,071 153,481,672 846,013,743 
2 858 五糧液 417,964,194 408,841,039 826,805,233 
3 2008 大族激光 418,462,722 68,661,424 487,124,146 
4 2415 海康威視 191,393,143 222,445,275 413,838,418 
5 651 格力電器 207,997,943 187,750,877 395,748,820 
6 2 萬科Ａ 128,263,919 91,945,672 220,209,591 
7 568 瀘州老窖 98,292,189 71,663,175 169,955,364 
8 2304 洋河股份 108,273,068 57,819,408 166,092,476 
9 2475 立訊精密 145,806,991 16,266,449 162,073,440 
10 725 京東方Ａ 73,183,400 56,119,052 129,302,452 
