1 600519 貴州茅台 725,421,995 226,250,290 951,672,285 
2 600276 恒瑞醫藥 109,697,946 268,824,812 378,522,758 
3 601318 中國平安 244,904,045 78,746,611 323,650,656 
4 600887 伊利股份 174,231,380 64,740,436 238,971,816 
5 600585 海螺水泥 157,898,244 42,316,598 200,214,842 
6 600028 中國石化 135,682,666 48,899,244 184,581,910 
7 600036 招商銀行 136,339,501 44,715,513 181,055,014 
8 600019 寶鋼股份 100,968,692 51,033,586 152,002,278 
9 601888 中國國旅 64,291,346 87,619,270 151,910,616 
10 600048 保利地產 66,353,811 55,696,565 122,050,376 

1 2027 分眾傳媒 306,816,028 207,344,104 514,160,132 
2 651 格力電器 228,005,115 161,871,934 389,877,049 
3 333 美的集團 184,223,980 150,536,362 334,760,342 
4 858 五糧液 180,973,356 91,059,884 272,033,240 
5 2415 海康威視 92,511,665 160,360,412 252,872,077 
6 2304 洋河股份 55,241,331 112,593,357 167,834,688 
7 2 萬科Ａ 55,150,151 66,969,039 122,119,190 
8 2236 大華股份 60,493,520 60,141,942 120,635,462 
9 725 京東方Ａ 33,422,951 85,354,941 118,777,892 
10 63 中興通訊 73,843,911 42,008,798 115,852,709 
