1 600519 貴州茅台 1,936,512,737 312,793,831 2,249,306,568 
2 601318 中國平安 1,494,701,276 322,290,857 1,816,992,133 
3 600036 招商銀行 1,490,606,789 164,056,871 1,654,663,660 
4 600276 恒瑞醫藥 912,287,296 294,532,555 1,206,819,851 
5 600585 海螺水泥 736,147,379 83,514,129 819,661,508 
6 600887 伊利股份 565,913,798 192,732,004 758,645,802 
7 600030 中信證券 501,048,971 151,042,462 652,091,433 
8 601166 興業銀行 436,542,082 68,355,733 504,897,815 
9 600900 長江電力 207,925,662 281,427,014 489,352,676 
10 601398 工商銀行 349,178,066 114,290,760 463,468,826 

1 333 美的集團 1,496,113,000 625,324,366 2,121,437,366 
2 2415 海康威視 943,044,829 437,186,626 1,380,231,455 
3 858 五糧液 1,090,402,296 188,249,528 1,278,651,824 
4 651 格力電器 929,731,593 114,018,289 1,043,749,882 
5 2304 洋河股份 627,631,245 293,840,182 921,471,427 
6 2027 分眾傳媒 442,449,289 129,156,708 571,605,997 
7 2 萬科Ａ 414,843,805 116,898,747 531,742,552 
8 1 平安銀行 229,847,076 107,792,248 337,639,324 
9 2008 大族激光 236,108,569 27,378,084 263,486,653 
10 1979 招商蛇口 181,655,845 51,516,573 233,172,418 
