1 601318 中國平安 449,274,956 142,804,040 592,078,996 
2 600519 貴州茅台 266,683,643 259,121,335 525,804,978 
3 600276 恒瑞醫藥 245,515,255 163,105,171 408,620,426 
4 600009 上海機場 129,392,008 155,968,512 285,360,520 
5 600036 招商銀行 170,458,760 109,451,388 279,910,148 
6 600585 海螺水泥 175,726,352 92,598,041 268,324,393 
7 601888 中國國旅 48,726,140 143,130,048 191,856,188 
8 600887 伊利股份 74,722,032 116,242,800 190,964,832 
9 600309 萬華化學 70,518,284 95,057,836 165,576,120 
10 600019 寶鋼股份 114,443,703 39,262,903 153,706,606 

1 333 美的集團 425,119,287 185,710,202 610,829,489 
2 858 五糧液 187,453,799 374,644,962 562,098,761 
3 2415 海康威視 157,199,348 196,841,476 354,040,824 
4 651 格力電器 165,362,597 165,356,485 330,719,082 
5 2 萬科Ａ 104,614,971 218,870,930 323,485,901 
6 2027 分眾傳媒 128,092,716 103,266,685 231,359,401 
7 2304 洋河股份 54,526,528 106,583,443 161,109,971 
8 1 平安銀行 115,853,608 33,158,993 149,012,601 
9 2271 東方雨虹 78,655,221 52,727,394 131,382,615 
10 725 京東方Ａ 64,051,981 60,814,463 124,866,444 
