1 601318 中國平安 833,390,335 1,271,158,287 2,104,548,622 
2 600519 貴州茅台 543,220,270 293,745,273 836,965,543 
3 600036 招商銀行 274,913,886 142,292,666 417,206,552 
4 600276 恒瑞醫藥 170,617,790 237,983,053 408,600,843 
5 600104 上汽集團 180,995,597 197,031,117 378,026,714 
6 600028 中國石化 186,420,728 183,191,012 369,611,740 
7 600887 伊利股份 280,447,720 85,982,080 366,429,800 
8 601328 交通銀行 170,022,570 67,895,826 237,918,396 
9 601288 農業銀行 163,738,416 68,064,561 231,802,977 
10 601166 興業銀行 144,443,432 79,307,215 223,750,647 

1 858 五糧液 122,593,753 199,531,991 322,125,744 
2 333 美的集團 65,154,691 172,956,541 238,111,232 
3 2 萬科Ａ 103,464,728 91,910,556 195,375,284 
4 651 格力電器 80,458,179 105,185,072 185,643,251 
5 1 平安銀行 88,591,814 61,229,825 149,821,639 
6 2415 海康威視 70,462,964 64,283,791 134,746,755 
7 2304 洋河股份 60,009,047 70,305,915 130,314,962 
8 300003 樂普醫療 31,950,407 91,384,058 123,334,465 
9 300015 愛爾眼科 23,502,910 73,620,702 97,123,612 
10 2008 大族激光 66,880,108 26,665,023 93,545,131 
