1 600887 伊利股份 150,669,859 666,284,336 816,954,195 
2 600519 貴州茅台 389,863,389 269,521,375 659,384,764 
3 601318 中國平安 218,721,745 189,567,931 408,289,676 
4 600276 恒瑞醫藥 95,095,890 217,825,606 312,921,496 
5 600867 通化東寶 113,734,279 132,770,834 246,505,113 
6 600036 招商銀行 105,006,510 87,456,463 192,462,973 
7 600196 復星醫藥 48,655,806 109,198,853 157,854,659 
8 600585 海螺水泥 103,978,957 52,065,789 156,044,746 
9 600019 寶鋼股份 33,718,984 120,897,702 154,616,686 
10 601888 中國國旅 107,089,214 42,707,986 149,797,200 

1 651 格力電器 270,646,562 295,049,095 565,695,657 
2 858 五糧液 263,400,389 215,064,260 478,464,649 
3 333 美的集團 295,368,923 133,866,248 429,235,171 
4 2 萬科Ａ 83,734,166 137,028,867 220,763,033 
5 2475 立訊精密 62,336,741 150,314,126 212,650,867 
6 2024 蘇寧易購 138,450,992 25,266,583 163,717,575 
7 2236 大華股份 120,843,662 40,563,274 161,406,936 
8 2415 海康威視 56,939,177 82,820,172 139,759,349 
9 1979 招商蛇口 84,500,001 54,542,561 139,042,562 
10 568 瀘州老窖 83,089,908 55,624,256 138,714,164 
