1 600519 貴州茅台 347,540,418 251,242,518 598,782,936 
2 601318 中國平安 539,143,881 37,009,224 576,153,105 
3 600276 恒瑞醫藥 180,734,841 216,114,363 396,849,204 
4 600585 海螺水泥 202,929,376 68,540,645 271,470,021 
5 600009 上海機場 135,983,589 96,604,830 232,588,419 
6 600036 招商銀行 176,485,140 33,671,310 210,156,450 
7 600690 青島海爾 101,874,517 107,123,614 208,998,131 
8 600104 上汽集團 120,669,126 78,929,048 199,598,174 
9 600887 伊利股份 129,993,609 33,246,148 163,239,757 
10 600309 萬華化學 62,711,784 82,029,772 144,741,556 

1 333 美的集團 424,534,430 98,220,746 522,755,176 
2 2008 大族激光 77,505,199 175,548,169 253,053,368 
3 2 萬科Ａ 169,615,280 78,589,462 248,204,742 
4 2304 洋河股份 134,763,128 97,213,480 231,976,608 
5 2415 海康威視 122,683,178 103,786,620 226,469,798 
6 858 五糧液 146,940,395 77,639,936 224,580,331 
7 651 格力電器 107,337,366 48,956,385 156,293,751 
8 300122 智飛生物 32,259,033 110,114,183 142,373,216 
9 2236 大華股份 45,307,690 88,516,254 133,823,944 
10 2027 分眾傳媒 53,117,249 68,517,498 121,634,747 
