1 601318 中國平安 415,727,062 281,329,014 697,056,076 
2 600519 貴州茅台 236,457,099 173,500,336 409,957,435 
3 600036 招商銀行 253,187,346 82,875,049 336,062,395 
4 600030 中信證券 130,801,085 87,728,830 218,529,915 
5 601288 農業銀行 103,969,540 106,503,691 210,473,231 
6 600028 中國石化 169,137,206 13,271,784 182,408,990 
7 600048 保利地產 41,241,184 122,039,737 163,280,921 
8 600276 恒瑞醫藥 94,468,229 67,346,179 161,814,408 
9 600585 海螺水泥 92,692,670 64,488,870 157,181,540 
10 600029 南方航空 120,054,758 22,739,128 142,793,886 

1 2415 海康威視 97,785,166 136,238,387 234,023,553 
2 2 萬科Ａ 109,902,796 85,255,773 195,158,569 
3 333 美的集團 86,622,948 69,026,753 155,649,701 
4 651 格力電器 69,821,217 78,683,028 148,504,245 
5 858 五糧液 74,918,774 53,221,394 128,140,168 
6 1 平安銀行 87,983,424 22,739,142 110,722,566 
7 2236 大華股份 73,415,417 36,706,482 110,121,899 
8 2304 洋河股份 58,658,587 38,254,956 96,913,543 
9 300015 愛爾眼科 73,810,433 12,193,820 86,004,253 
10 2027 分眾傳媒 26,712,333 53,791,205 80,503,538 
