1 600519 貴州茅台 560,535,566 322,249,322 882,784,888 
2 601318 中國平安 307,296,675 168,094,460 475,391,135 
3 600036 招商銀行 256,296,116 103,995,897 360,292,013 
4 600030 中信證券 90,819,780 184,292,014 275,111,794 
5 600887 伊利股份 114,142,134 112,569,948 226,712,082 
6 600276 恒瑞醫藥 121,797,701 103,347,738 225,145,439 
7 601012 隆基股份 106,172,752 86,724,788 192,897,540 
8 601288 農業銀行 76,007,562 76,161,980 152,169,542 
9 601398 工商銀行 62,435,486 88,176,210 150,611,696 
10 601601 中國太保 85,919,592 54,266,658 140,186,250 

1 2415 海康威視 352,042,286 466,598,900 818,641,186 
2 2027 分眾傳媒 98,902,010 426,799,878 525,701,888 
3 858 五糧液 281,385,447 122,563,145 403,948,592 
4 333 美的集團 80,452,106 291,007,610 371,459,716 
5 651 格力電器 91,032,718 128,504,033 219,536,751 
6 2304 洋河股份 103,480,249 97,685,428 201,165,677 
7 2236 大華股份 131,167,305 58,488,281 189,655,586 
8 1 平安銀行 61,046,004 62,171,466 123,217,470 
9 725 京東方Ａ 61,543,502 53,410,504 114,954,006 
10 2 萬科Ａ 48,532,500 58,486,413 107,018,913 
