1 600519 貴州茅台 376,951,366 270,682,263 647,633,629 
2 601318 中國平安 249,296,622 208,690,930 457,987,552 
3 600276 恒瑞醫藥 145,599,534 307,944,400 453,543,934 
4 600887 伊利股份 189,455,153 186,259,491 375,714,644 
5 600585 海螺水泥 166,134,427 87,454,072 253,588,499 
6 600779 水井坊 184,809,180 66,300,960 251,110,140 
7 601888 中國國旅 71,908,641 94,372,063 166,280,704 
8 600104 上汽集團 126,457,372 34,923,878 161,381,250 
9 600036 招商銀行 50,669,819 77,359,528 128,029,347 
10 600030 中信證券 52,401,185 67,994,587 120,395,772 

1 858 五糧液 718,153,403 237,565,518 955,718,921 
2 333 美的集團 123,324,232 285,534,098 408,858,330 
3 651 格力電器 197,507,289 137,954,752 335,462,041 
4 2008 大族激光 195,906,386 20,138,437 216,044,823 
5 2415 海康威視 70,787,307 117,561,888 188,349,195 
6 2508 老闆電器 96,558,925 79,246,910 175,805,835 
7 2027 分眾傳媒 106,637,105 57,536,112 164,173,217 
8 2 萬科Ａ 55,182,588 97,961,737 153,144,325 
9 300003 樂普醫療 120,534,064 14,511,215 135,045,279 
10 2304 洋河股份 74,440,552 54,394,100 128,834,652 
