1 600276 恒瑞醫藥 540,220,585 436,765,024 976,985,609 
2 601318 中國平安 477,619,936 265,716,733 743,336,669 
3 600519 貴州茅台 450,795,410 176,727,495 627,522,905 
4 600887 伊利股份 447,065,688 170,683,093 617,748,781 
5 600585 海螺水泥 375,978,813 74,394,314 450,373,127 
6 600036 招商銀行 170,670,545 125,863,478 296,534,023 
7 601888 中國國旅 181,697,788 96,285,924 277,983,712 
8 600690 青島海爾 190,897,241 59,573,634 250,470,875 
9 600104 上汽集團 132,985,667 54,848,919 187,834,586 
10 601288 農業銀行 95,955,414 88,756,635 184,712,049 

1 333 美的集團 258,606,294 795,053,817 1,053,660,111 
2 651 格力電器 345,882,470 496,794,460 842,676,930 
3 858 五糧液 394,830,200 267,092,232 661,922,432 
4 2415 海康威視 216,306,466 173,826,189 390,132,655 
5 2 萬科Ａ 112,519,457 212,595,959 325,115,416 
6 2304 洋河股份 149,351,330 49,474,234 198,825,564 
7 300059 東方財富 44,707,162 139,696,682 184,403,844 
8 2008 大族激光 79,989,488 51,056,888 131,046,376 
9 725 京東方Ａ 44,008,696 87,000,638 131,009,334 
10 300347 泰格醫藥 81,473,976 49,029,169 130,503,145 
