1 600276 恒瑞醫藥 584,299,821 442,668,179 1,026,968,000 
2 600519 貴州茅台 446,298,444 237,051,089 683,349,533 
3 601318 中國平安 490,074,778 132,192,671 622,267,449 
4 600887 伊利股份 193,774,945 279,263,356 473,038,301 
5 601888 中國國旅 159,430,248 282,956,013 442,386,261 
6 603288 海天味業 108,225,892 161,140,928 269,366,820 
7 600036 招商銀行 175,855,941 81,300,042 257,155,983 
8 600585 海螺水泥 179,086,075 63,145,970 242,232,045 
9 600309 萬華化學 153,399,061 73,661,338 227,060,399 
10 600690 青島海爾 135,750,135 44,018,408 179,768,543 

1 333 美的集團 1,149,263,946 292,760,483 1,442,024,429 
2 651 格力電器 702,259,594 138,983,055 841,242,649 
3 2415 海康威視 172,055,996 412,673,148 584,729,144 
4 858 五糧液 249,199,459 289,836,768 539,036,227 
5 2304 洋河股份 187,318,404 38,353,555 225,671,959 
6 1 平安銀行 23,738,167 170,706,654 194,444,821 
7 2475 立訊精密 93,385,623 63,982,802 157,368,425 
8 2 萬科Ａ 100,175,586 52,997,219 153,172,805 
9 300450 先導智能 22,408,434 106,791,637 129,200,071 
10 2456 歐菲科技 63,227,738 50,252,459 113,480,197 
