1 600519 貴州茅台 901,660,581 357,019,249 1,258,679,830 
2 601318 中國平安 559,796,881 462,306,406 1,022,103,287 
3 600276 恒瑞醫藥 340,097,653 465,112,436 805,210,089 
4 600887 伊利股份 185,234,378 206,641,234 391,875,612 
5 600036 招商銀行 225,933,873 82,809,448 308,743,321 
6 600028 中國石化 138,314,932 162,815,991 301,130,923 
7 600009 上海機場 148,223,946 148,493,751 296,717,697 
8 600104 上汽集團 258,329,167 26,782,011 285,111,178 
9 600585 海螺水泥 139,051,895 110,024,507 249,076,402 
10 600690 青島海爾 112,131,150 103,465,627 215,596,777 

1 2415 海康威視 459,540,187 680,923,622 1,140,463,809 
2 651 格力電器 353,220,300 100,490,151 453,710,451 
3 858 五糧液 240,632,948 158,190,298 398,823,246 
4 2304 洋河股份 148,594,518 97,774,693 246,369,211 
5 2027 分眾傳媒 115,452,782 67,223,002 182,675,784 
6 2466 天齊鋰業 151,552,201 28,672,149 180,224,350 
7 2 萬科Ａ 74,098,463 89,317,830 163,416,293 
8 2007 華蘭生物 118,621,362 43,071,655 161,693,017 
9 1 平安銀行 67,264,608 63,881,508 131,146,116 
10 2475 立訊精密 34,676,289 92,735,679 127,411,968 
