1 600519 貴州茅台 689,375,017 624,976,148 1,314,351,165 
2 601318 中國平安 377,100,864 241,942,931 619,043,795 
3 600276 恒瑞醫藥 249,020,724 219,906,599 468,927,323 
4 600690 青島海爾 117,445,732 281,066,342 398,512,074 
5 600585 海螺水泥 131,558,197 212,017,967 343,576,164 
6 600009 上海機場 157,982,782 177,910,068 335,892,850 
7 600887 伊利股份 200,577,644 131,496,204 332,073,848 
8 600036 招商銀行 140,145,677 125,561,597 265,707,274 
9 601888 中國國旅 64,342,333 152,471,227 216,813,560 
10 600900 長江電力 107,804,034 101,143,940 208,947,974 

1 333 美的集團 645,418,353 193,725,614 839,143,967 
2 858 五糧液 327,604,950 238,604,551 566,209,501 
3 651 格力電器 292,552,270 148,522,313 441,074,583 
4 2304 洋河股份 168,344,170 69,788,010 238,132,180 
5 2008 大族激光 122,818,246 53,068,908 175,887,154 
6 2027 分眾傳媒 96,226,083 76,915,214 173,141,297 
7 2415 海康威視 59,857,756 101,427,918 161,285,674 
8 338 濰柴動力 74,902,408 75,841,157 150,743,565 
9 2 萬科Ａ 77,339,249 73,276,168 150,615,417 
10 300015 愛爾眼科 91,637,891 42,150,702 133,788,593 
