1 601318 中國平安 377,738,084 993,297,106 1,371,035,190 
2 600519 貴州茅台 463,001,693 182,541,651 645,543,344 
3 600276 恒瑞醫藥 393,678,700 242,513,206 636,191,906 
4 600887 伊利股份 93,178,801 211,411,065 304,589,866 
5 600036 招商銀行 186,085,512 115,096,675 301,182,187 
6 601888 中國國旅 205,011,932 58,098,013 263,109,945 
7 600585 海螺水泥 153,234,597 52,362,132 205,596,729 
8 600030 中信證券 113,644,472 87,746,632 201,391,104 
9 600048 保利地產 105,698,688 55,597,489 161,296,177 
10 600028 中國石化 52,040,506 95,161,240 147,201,746 

1 2415 海康威視 414,899,843 91,120,743 506,020,586 
2 858 五糧液 156,786,863 154,001,787 310,788,650 
3 651 格力電器 130,417,658 117,730,093 248,147,751 
4 333 美的集團 112,586,073 100,015,237 212,601,310 
5 2304 洋河股份 126,495,386 63,000,617 189,496,003 
6 1 平安銀行 92,237,002 77,292,772 169,529,774 
7 2 萬科Ａ 97,750,106 68,812,957 166,563,063 
8 300017 網宿科技 63,301,832 79,377,844 142,679,676 
9 300059 東方財富 61,174,802 79,319,414 140,494,216 
10 2236 大華股份 76,744,980 54,240,616 130,985,596 
