1 601318 中國平安 485,178,828 269,586,512 754,765,340 
2 600519 貴州茅台 604,542,632 145,355,242 749,897,874 
3 600887 伊利股份 170,088,273 362,269,597 532,357,870 
4 600276 恒瑞醫藥 249,309,012 150,846,490 400,155,502 
5 600030 中信證券 125,061,587 70,988,701 196,050,288 
6 600585 海螺水泥 123,518,143 63,539,547 187,057,690 
7 600036 招商銀行 66,573,451 76,897,232 143,470,683 
8 600048 保利地產 42,392,553 97,965,866 140,358,419 
9 601939 建設銀行 99,521,838 35,670,767 135,192,605 
10 600009 上海機場 40,500,093 91,387,030 131,887,123 

1 651 格力電器 114,741,692 202,991,458 317,733,150 
2 2415 海康威視 193,634,947 120,297,022 313,931,969 
3 333 美的集團 108,465,343 140,709,756 249,175,099 
4 858 五糧液 124,902,095 98,080,214 222,982,309 
5 2304 洋河股份 105,117,563 53,198,118 158,315,681 
6 2 萬科Ａ 42,713,074 100,204,467 142,917,541 
7 725 京東方Ａ 63,940,919 50,736,012 114,676,931 
8 1 平安銀行 45,717,762 62,954,463 108,672,225 
9 2236 大華股份 70,739,078 36,010,750 106,749,828 
10 300017 網宿科技 48,154,464 49,647,597 97,802,061 
