1 601318 中國平安 807,923,148 687,966,832 1,495,889,980 
2 600276 恒瑞醫藥 505,868,697 392,882,868 898,751,565 
3 600036 招商銀行 372,815,483 366,926,209 739,741,692 
4 600887 伊利股份 303,714,632 284,470,891 588,185,523 
5 600519 貴州茅台 367,560,846 218,600,965 586,161,811 
6 600030 中信證券 255,163,498 153,231,553 408,395,051 
7 600028 中國石化 285,051,114 85,440,015 370,491,129 
8 601166 興業銀行 271,680,811 81,383,735 353,064,546 
9 600585 海螺水泥 214,262,523 71,059,309 285,321,832 
10 601328 交通銀行 210,148,985 73,040,424 283,189,409 

1 333 美的集團 468,652,021 1,044,831,189 1,513,483,210 
2 651 格力電器 292,351,410 588,843,127 881,194,537 
3 2415 海康威視 397,345,583 278,969,548 676,315,131 
4 2304 洋河股份 257,907,775 146,009,775 403,917,550 
5 2 萬科Ａ 240,826,977 59,176,053 300,003,030 
6 858 五糧液 144,230,897 76,399,365 220,630,262 
7 1 平安銀行 119,687,064 86,032,886 205,719,950 
8 2027 分眾傳媒 72,115,802 113,162,767 185,278,569 
9 2475 立訊精密 105,527,204 58,405,152 163,932,356 
10 300498 溫氏股份 144,361,656 8,173,632 152,535,288 
