1 600887 伊利股份 447,468,931 285,505,176 732,974,107 
2 601318 中國平安 444,975,860 164,097,801 609,073,661 
3 600519 貴州茅台 391,269,166 58,690,891 449,960,057 
4 600276 恒瑞醫藥 142,162,381 60,992,999 203,155,380 
5 600036 招商銀行 143,831,032 38,129,416 181,960,448 
6 601398 工商銀行 148,503,809 30,864,572 179,368,381 
7 601888 中國國旅 118,131,032 50,396,072 168,527,104 
8 601939 建設銀行 96,529,647 62,074,628 158,604,275 
9 600703 三安光電 53,447,709 91,364,389 144,812,098 
10 600048 保利地產 91,593,563 50,252,426 141,845,989 

1 651 格力電器 204,415,721 264,378,440 468,794,161 
2 858 五糧液 285,573,798 160,723,602 446,297,400 
3 2415 海康威視 156,097,553 187,176,290 343,273,843 
4 333 美的集團 206,566,909 54,974,815 261,541,724 
5 2008 大族激光 77,334,182 88,244,917 165,579,099 
6 2 萬科Ａ 124,084,251 29,678,014 153,762,265 
7 1 平安銀行 51,354,167 89,930,097 141,284,264 
8 2304 洋河股份 88,697,935 51,810,946 140,508,881 
9 2241 歌爾股份 26,848,553 96,426,975 123,275,528 
10 725 京東方Ａ 58,974,953 61,579,250 120,554,203 
