1 601318 中國平安 800,736,104 110,967,121 911,703,225 
2 600519 貴州茅台 439,612,687 240,507,216 680,119,903 
3 600276 恒瑞醫藥 152,176,261 235,776,088 387,952,349 
4 600887 伊利股份 167,156,146 105,255,686 272,411,832 
5 600048 保利地產 142,393,195 79,320,566 221,713,761 
6 600030 中信證券 152,448,464 65,924,148 218,372,612 
7 600900 長江電力 120,482,308 85,941,497 206,423,805 
8 600036 招商銀行 150,726,263 52,228,192 202,954,455 
9 600547 山東黃金 140,152,251 23,368,085 163,520,336 
10 600585 海螺水泥 65,390,737 95,404,803 160,795,540 

1 651 格力電器 629,531,237 193,324,166 822,855,403 
2 2415 海康威視 231,599,047 136,848,054 368,447,101 
3 858 五糧液 219,676,377 118,622,790 338,299,167 
4 2 萬科Ａ 178,787,627 107,476,940 286,264,567 
5 725 京東方Ａ 157,437,187 127,413,994 284,851,181 
6 333 美的集團 158,855,330 98,395,019 257,250,349 
7 2027 分眾傳媒 193,192,783 21,869,202 215,061,985 
8 2475 立訊精密 137,273,162 45,835,115 183,108,277 
9 1 平安銀行 112,704,664 59,708,657 172,413,321 
10 2008 大族激光 100,721,858 63,601,623 164,323,481 
