1 600519 貴州茅台 495,235,645 399,350,073 894,585,718 
2 600276 恒瑞醫藥 381,071,465 318,109,800 699,181,265 
3 601318 中國平安 327,995,151 218,104,749 546,099,900 
4 601888 中國國旅 178,280,820 196,935,815 375,216,635 
5 600019 寶鋼股份 237,246,974 109,647,214 346,894,188 
6 600887 伊利股份 156,087,697 127,552,997 283,640,694 
7 600028 中國石化 75,317,528 195,008,083 270,325,611 
8 600690 青島海爾 158,497,030 110,881,685 269,378,715 
9 600036 招商銀行 62,827,364 189,445,689 252,273,053 
10 601398 工商銀行 123,010,679 79,606,417 202,617,096 

1 858 五糧液 561,260,123 334,190,043 895,450,166 
2 333 美的集團 283,923,556 325,785,543 609,709,099 
3 651 格力電器 221,634,597 316,288,483 537,923,080 
4 2415 海康威視 269,997,218 130,970,884 400,968,102 
5 2304 洋河股份 217,368,603 77,564,594 294,933,197 
6 2 萬科Ａ 167,263,983 97,400,221 264,664,204 
7 1 平安銀行 202,701,550 52,309,730 255,011,280 
8 568 瀘州老窖 106,324,407 32,644,864 138,969,271 
9 2027 分眾傳媒 97,937,751 26,826,381 124,764,132 
10 725 京東方Ａ 49,002,016 61,262,548 110,264,564 
