1 600519 貴州茅台 234,076,463 334,290,904 568,367,367 
2 601318 中國平安 194,128,298 310,040,322 504,168,620 
3 600276 恒瑞醫藥 130,795,519 328,140,883 458,936,402 
4 600036 招商銀行 56,962,798 162,418,097 219,380,895 
5 600585 海螺水泥 100,258,613 97,145,083 197,403,696 
6 601398 工商銀行 62,959,609 99,587,772 162,547,381 
7 601888 中國國旅 34,443,759 109,499,066 143,942,825 
8 601166 興業銀行 38,538,690 89,266,004 127,804,694 
9 601288 農業銀行 60,954,695 54,893,611 115,848,306 
10 600887 伊利股份 35,992,182 77,848,888 113,841,070 

1 333 美的集團 261,199,752 190,505,713 451,705,465 
2 2415 海康威視 78,708,639 268,276,274 346,984,913 
3 651 格力電器 150,750,040 176,914,238 327,664,278 
4 2475 立訊精密 219,809,747 60,045,316 279,855,063 
5 858 五糧液 104,753,740 161,018,635 265,772,375 
6 1 平安銀行 99,594,932 119,594,629 219,189,561 
7 2304 洋河股份 160,358,749 48,572,139 208,930,888 
8 2027 分眾傳媒 128,915,466 52,431,425 181,346,891 
9 2 萬科Ａ 115,378,383 59,091,832 174,470,215 
10 2508 老闆電器 30,125,370 137,820,759 167,946,129 
