1 600519 貴州茅台 503,918,247 171,623,062 675,541,309 
2 601318 中國平安 515,548,191 105,597,643 621,145,834 
3 601166 興業銀行 366,132,671 82,219,495 448,352,166 
4 600276 恒瑞醫藥 203,235,302 69,786,608 273,021,910 
5 600900 長江電力 155,954,847 113,421,715 269,376,562 
6 600000 浦發銀行 159,294,241 93,473,733 252,767,974 
7 600030 中信證券 173,978,102 72,875,914 246,854,016 
8 600036 招商銀行 189,954,586 40,779,917 230,734,503 
9 601888 中國國旅 129,927,738 51,684,138 181,611,876 
10 601328 交通銀行 122,229,631 56,468,442 178,698,073 

1 858 五糧液 390,759,183 99,786,662 490,545,845 
2 651 格力電器 179,989,629 246,468,654 426,458,283 
3 333 美的集團 216,336,462 178,066,951 394,403,413 
4 2304 洋河股份 131,436,672 260,982,233 392,418,905 
5 2415 海康威視 225,902,197 159,462,932 385,365,129 
6 2236 大華股份 71,264,664 94,470,986 165,735,650 
7 2027 分眾傳媒 87,997,223 62,634,639 150,631,862 
8 1 平安銀行 117,850,781 32,225,829 150,076,610 
9 2 萬科Ａ 72,080,205 64,705,613 136,785,818 
10 538 雲南白藥 57,680,238 68,493,280 126,173,518 
