1 600519 貴州茅台 1,822,111,265 549,164,986 2,371,276,251 
2 601318 中國平安 1,195,335,577 205,180,122 1,400,515,699 
3 600036 招商銀行 468,997,444 106,278,371 575,275,815 
4 600276 恒瑞醫藥 402,535,832 169,360,936 571,896,768 
5 600030 中信證券 261,802,974 218,253,936 480,056,910 
6 600887 伊利股份 184,435,466 235,588,832 420,024,298 
7 600028 中國石化 210,244,396 191,576,856 401,821,252 
8 600585 海螺水泥 200,976,252 114,660,299 315,636,551 
9 600900 長江電力 89,061,740 157,039,359 246,101,099 
10 601888 中國國旅 174,655,502 52,810,268 227,465,770 

1 333 美的集團 849,114,424 240,896,818 1,090,011,242 
2 858 五糧液 563,568,201 421,219,713 984,787,914 
3 651 格力電器 387,893,833 196,420,076 584,313,909 
4 2304 洋河股份 321,936,408 213,915,409 535,851,817 
5 2415 海康威視 232,366,201 169,848,034 402,214,235 
6 2 萬科Ａ 110,989,950 93,473,093 204,463,043 
7 2027 分眾傳媒 105,863,890 85,120,721 190,984,611 
8 1 平安銀行 101,186,451 45,663,995 146,850,446 
9 2236 大華股份 39,177,143 72,995,562 112,172,705 
10 568 瀘州老窖 65,408,638 35,950,455 101,359,093 
