1 601318 中國平安 104,469,294 522,299,312 626,768,606 
2 600030 中信證券 152,348,183 245,081,572 397,429,755 
3 600887 伊利股份 307,042,688 82,355,852 389,398,540 
4 600519 貴州茅台 169,099,419 177,690,923 346,790,342 
5 600036 招商銀行 170,602,827 59,376,434 229,979,261 
6 600028 中國石化 159,273,737 62,782,541 222,056,278 
7 600276 恒瑞醫藥 108,561,302 85,802,863 194,364,165 
8 600585 海螺水泥 96,863,322 83,046,109 179,909,431 
9 600019 寶鋼股份 31,615,821 138,074,507 169,690,328 
10 600029 南方航空 129,816,316 9,765,096 139,581,412 

1 2415 海康威視 436,262,354 211,627,581 647,889,935 
2 333 美的集團 164,821,238 204,540,281 369,361,519 
3 858 五糧液 258,172,251 102,881,524 361,053,775 
4 2304 洋河股份 179,905,146 121,287,263 301,192,409 
5 2 萬科Ａ 109,830,605 139,591,381 249,421,986 
6 1 平安銀行 166,484,632 60,414,591 226,899,223 
7 2236 大華股份 140,074,817 79,862,102 219,936,919 
8 651 格力電器 64,219,461 98,975,461 163,194,922 
9 63 中興通訊 72,097,765 45,919,710 118,017,475 
10 2007 華蘭生物 45,367,608 69,289,510 114,657,118 
