1 601318 中國平安 272,160,206 423,839,672 695,999,878 
2 600519 貴州茅台 276,265,472 169,534,908 445,800,380 
3 600276 恒瑞醫藥 202,903,908 82,661,576 285,565,484 
4 600887 伊利股份 82,284,801 156,494,303 238,779,104 
5 600019 寶鋼股份 87,475,227 126,266,803 213,742,030 
6 600585 海螺水泥 72,835,521 85,925,666 158,761,187 
7 600048 保利地產 90,899,207 66,502,572 157,401,779 
8 600741 華域汽車 131,894,555 18,203,604 150,098,159 
9 600030 中信證券 90,836,256 56,707,026 147,543,282 
10 601288 農業銀行 70,988,409 52,483,795 123,472,204 

1 333 美的集團 329,325,968 290,164,051 619,490,019 
2 651 格力電器 332,915,706 62,169,657 395,085,363 
3 2415 海康威視 92,673,632 171,730,393 264,404,025 
4 858 五糧液 166,813,342 79,730,736 246,544,078 
5 2008 大族激光 97,416,275 97,311,208 194,727,483 
6 2304 洋河股份 104,672,483 80,561,149 185,233,632 
7 725 京東方Ａ 42,909,372 122,179,046 165,088,418 
8 2 萬科Ａ 98,020,813 66,934,342 164,955,155 
9 2230 科大訊飛 78,229,336 27,428,443 105,657,779 
10 300017 網宿科技 54,363,224 42,149,598 96,512,822 
