1 601318 中國平安 882,193,157 251,372,280 1,133,565,437 
2 600519 貴州茅台 392,213,763 358,951,424 751,165,187 
3 601888 中國國旅 161,025,582 236,318,268 397,343,850 
4 600276 恒瑞醫藥 259,848,048 130,322,956 390,171,004 
5 600585 海螺水泥 217,780,459 133,283,998 351,064,457 
6 600036 招商銀行 122,418,735 131,826,777 254,245,512 
7 600887 伊利股份 99,606,135 127,766,239 227,372,374 
8 600030 中信證券 87,464,687 129,243,769 216,708,456 
9 600048 保利地產 105,152,903 84,079,843 189,232,746 
10 600050 中國聯通 104,755,599 66,456,956 171,212,555 

1 333 美的集團 180,931,523 220,824,753 401,756,276 
2 651 格力電器 143,895,194 230,784,376 374,679,570 
3 2 萬科Ａ 214,003,555 157,565,248 371,568,803 
4 858 五糧液 159,561,872 141,258,546 300,820,418 
5 2508 老闆電器 24,815,038 205,108,784 229,923,822 
6 2475 立訊精密 119,157,495 69,954,826 189,112,321 
7 2415 海康威視 70,007,055 86,898,787 156,905,842 
8 2236 大華股份 80,582,237 67,177,836 147,760,073 
9 1 平安銀行 68,130,830 56,814,991 124,945,821 
10 2304 洋河股份 72,477,229 49,729,319 122,206,548 
