1 600519 貴州茅台 705,687,854 197,911,662 903,599,516 
2 600276 恒瑞醫藥 198,735,722 188,599,363 387,335,085 
3 601318 中國平安 255,060,619 102,136,599 357,197,218 
4 600009 上海機場 69,978,675 146,649,078 216,627,753 
5 601888 中國國旅 116,379,608 91,803,906 208,183,514 
6 600036 招商銀行 148,001,346 36,790,228 184,791,574 
7 600887 伊利股份 99,179,975 51,950,266 151,130,241 
8 600690 青島海爾 89,457,685 53,958,586 143,416,271 
9 601601 中國太保 50,051,695 66,475,632 116,527,327 
10 600030 中信證券 68,087,959 41,103,926 109,191,885 

1 858 五糧液 386,642,698 149,074,292 535,716,990 
2 2508 老闆電器 294,633,251 174,310,130 468,943,381 
3 651 格力電器 232,804,460 99,331,655 332,136,115 
4 333 美的集團 208,063,866 63,919,617 271,983,483 
5 2304 洋河股份 115,131,748 116,319,114 231,450,862 
6 2415 海康威視 155,277,524 42,772,033 198,049,557 
7 2 萬科Ａ 79,412,794 95,577,115 174,989,909 
8 2456 歐菲科技 64,719,176 68,874,905 133,594,081 
9 725 京東方Ａ 65,068,194 53,778,008 118,846,202 
10 2475 立訊精密 39,067,026 67,483,054 106,550,080 
