1 601318 中國平安 1,559,835,956 1,452,668,556 3,012,504,512 
2 600887 伊利股份 586,710,825 540,805,097 1,127,515,922 
3 600519 貴州茅台 558,056,756 526,950,862 1,085,007,618 
4 600276 恒瑞醫藥 256,756,509 148,044,089 404,800,598 
5 600585 海螺水泥 324,637,096 79,652,078 404,289,174 
6 600036 招商銀行 206,817,123 144,757,686 351,574,809 
7 600690 青島海爾 122,809,708 160,137,517 282,947,225 
8 600009 上海機場 197,052,711 71,973,524 269,026,235 
9 600030 中信證券 153,851,425 68,145,569 221,996,994 
10 600048 保利地產 95,092,747 120,873,407 215,966,154 

1 651 格力電器 756,278,523 2,894,871,375 3,651,149,898 
2 333 美的集團 766,136,566 163,651,393 929,787,959 
3 2415 海康威視 440,055,126 210,997,413 651,052,539 
4 2450 康得新 254,085,653 106,362,300 360,447,953 
5 2304 洋河股份 259,759,300 87,231,532 346,990,832 
6 858 五糧液 153,629,261 181,953,043 335,582,304 
7 1 平安銀行 131,764,848 151,075,038 282,839,886 
8 2 萬科Ａ 188,981,429 48,876,155 237,857,584 
9 2027 分眾傳媒 89,179,793 80,302,747 169,482,540 
10 2008 大族激光 50,175,379 86,577,418 136,752,797 
