1 600887 伊利股份 618,483,194 293,469,112 911,952,306 
2 601318 中國平安 467,093,927 309,768,871 776,862,798 
3 600519 貴州茅台 375,250,261 279,524,874 654,775,135 
4 600837 海通證券 312,089,826 297,694,938 609,784,764 
5 600276 恒瑞醫藥 327,624,718 195,178,670 522,803,388 
6 600104 上汽集團 280,052,310 58,162,426 338,214,736 
7 603288 海天味業 157,540,487 172,064,985 329,605,472 
8 601186 中國鐵建 162,169,469 159,587,310 321,756,779 
9 600009 上海機場 95,327,763 187,618,504 282,946,267 
10 600036 招商銀行 149,647,044 127,125,770 276,772,814 

1 1 平安銀行 344,630,254 105,638,987 450,269,241 
2 858 五糧液 136,513,764 297,724,299 434,238,063 
3 2415 海康威視 196,817,657 186,457,657 383,275,314 
4 651 格力電器 197,919,573 118,067,600 315,987,173 
5 2304 洋河股份 231,771,573 76,294,525 308,066,098 
6 333 美的集團 139,203,831 164,660,156 303,863,987 
7 2 萬科Ａ 123,067,722 160,526,316 283,594,038 
8 2008 大族激光 95,899,798 49,902,332 145,802,130 
9 1979 招商蛇口 67,930,982 63,290,436 131,221,418 
10 300347 泰格醫藥 86,513,416 39,976,141 126,489,557 
