1 601318 中國平安 232,396,139 313,851,199 546,247,338 
2 600519 貴州茅台 152,189,573 193,183,390 345,372,963 
3 600887 伊利股份 92,176,724 174,796,340 266,973,064 
4 600009 上海機場 200,062,531 64,248,685 264,311,216 
5 600019 寶鋼股份 89,410,953 148,610,689 238,021,642 
6 601888 中國國旅 90,614,582 122,189,532 212,804,114 
7 601939 建設銀行 122,773,413 80,638,316 203,411,729 
8 600048 保利地產 60,030,485 123,381,260 183,411,745 
9 600036 招商銀行 56,259,981 110,331,195 166,591,176 
10 600585 海螺水泥 76,752,774 74,676,482 151,429,256 

1 651 格力電器 520,519,742 133,548,534 654,068,276 
2 333 美的集團 130,441,905 372,983,073 503,424,978 
3 858 五糧液 181,277,262 311,216,552 492,493,814 
4 2415 海康威視 193,741,961 198,140,890 391,882,851 
5 2236 大華股份 139,910,094 100,147,605 240,057,699 
6 2 萬科Ａ 66,312,498 80,472,094 146,784,592 
7 2508 老闆電器 61,383,083 61,461,077 122,844,160 
8 2304 洋河股份 72,246,826 44,982,901 117,229,727 
9 2440 閏土股份 81,909,837 28,303,000 110,212,837 
10 725 京東方Ａ 32,987,693 72,736,521 105,724,214 
