1 600519 貴州茅台 1,241,223,539 504,388,430 1,745,611,969 
2 600276 恒瑞醫藥 459,802,153 232,782,073 692,584,226 
3 601318 中國平安 385,456,279 302,928,537 688,384,816 
4 600887 伊利股份 233,913,553 397,693,344 631,606,897 
5 600585 海螺水泥 286,541,442 75,357,885 361,899,327 
6 601888 中國國旅 137,407,324 95,956,604 233,363,928 
7 603288 海天味業 129,373,102 97,560,948 226,934,050 
8 600036 招商銀行 189,946,173 34,495,492 224,441,665 
9 600690 青島海爾 127,128,686 90,584,602 217,713,288 
10 600019 寶鋼股份 150,487,643 43,068,227 193,555,870 

1 651 格力電器 580,255,315 199,467,221 779,722,536 
2 858 五糧液 455,204,691 262,126,869 717,331,560 
3 333 美的集團 504,557,917 126,620,349 631,178,266 
4 2415 海康威視 253,819,591 238,553,984 492,373,575 
5 2 萬科Ａ 217,749,360 104,198,823 321,948,183 
6 2027 分眾傳媒 121,314,878 76,222,128 197,537,006 
7 725 京東方Ａ 77,158,938 82,744,482 159,903,420 
8 2294 信立泰 126,288,795 32,882,294 159,171,089 
9 2304 洋河股份 104,697,820 41,692,562 146,390,382 
10 2008 大族激光 82,409,333 50,840,627 133,249,960 
