1 600519 貴州茅台 1,015,251,095 1,039,682,859 2,054,933,954 
2 600276 恒瑞醫藥 742,089,645 307,016,696 1,049,106,341 
3 601318 中國平安 567,492,194 436,406,104 1,003,898,298 
4 600887 伊利股份 195,941,705 294,639,227 490,580,932 
5 600036 招商銀行 252,772,271 135,834,872 388,607,143 
6 600690 青島海爾 181,263,626 172,657,501 353,921,127 
7 601888 中國國旅 194,413,321 120,629,528 315,042,849 
8 601398 工商銀行 169,628,502 61,842,525 231,471,027 
9 600779 水井坊 192,373,723 28,944,180 221,317,903 
10 600104 上汽集團 151,285,693 54,632,313 205,918,006 

1 858 五糧液 1,032,106,533 226,145,696 1,258,252,229 
2 651 格力電器 365,874,895 499,761,943 865,636,838 
3 333 美的集團 409,971,741 340,121,065 750,092,806 
4 2415 海康威視 117,118,164 450,172,224 567,290,388 
5 2594 比亞迪 46,140,744 190,850,029 236,990,773 
6 300347 泰格醫藥 75,811,764 80,964,891 156,776,655 
7 2 萬科Ａ 79,235,042 64,035,174 143,270,216 
8 2304 洋河股份 93,613,527 47,134,199 140,747,726 
9 725 京東方Ａ 55,400,404 76,436,609 131,837,013 
10 1 平安銀行 54,842,933 66,959,113 121,802,046 
