1 600519 貴州茅台 433,105,575 553,688,033 986,793,608 
2 601318 中國平安 253,277,258 522,814,135 776,091,393 
3 600276 恒瑞醫藥 259,613,270 167,524,458 427,137,728 
4 600585 海螺水泥 332,783,688 78,897,906 411,681,594 
5 600887 伊利股份 251,068,621 155,673,148 406,741,769 
6 600036 招商銀行 84,910,635 127,412,252 212,322,887 
7 601166 興業銀行 80,278,519 93,497,650 173,776,169 
8 600104 上汽集團 112,669,366 55,676,323 168,345,689 
9 600048 保利地產 52,943,531 106,619,394 159,562,925 
10 600050 中國聯通 94,691,402 64,581,485 159,272,887 

1 651 格力電器 782,941,448 3,138,595,857 3,921,537,305 
2 2 萬科Ａ 240,930,547 514,493,887 755,424,434 
3 2415 海康威視 322,956,819 308,849,922 631,806,741 
4 333 美的集團 320,669,587 197,631,953 518,301,540 
5 858 五糧液 112,862,149 246,429,985 359,292,134 
6 568 瀘州老窖 43,451,820 152,071,100 195,522,920 
7 2236 大華股份 67,380,334 123,296,277 190,676,611 
8 2475 立訊精密 66,019,494 89,485,138 155,504,632 
9 2027 分眾傳媒 94,817,950 55,568,496 150,386,446 
10 895 雙匯發展 121,557,726 7,176,627 128,734,353 
