1 600519 貴州茅台 368,118,991 349,560,734 717,679,725 
2 601318 中國平安 306,942,346 232,549,733 539,492,079 
3 600887 伊利股份 111,922,136 199,571,290 311,493,426 
4 601888 中國國旅 131,809,071 98,038,999 229,848,070 
5 600276 恒瑞醫藥 134,409,050 80,385,584 214,794,634 
6 600036 招商銀行 109,344,695 104,301,667 213,646,362 
7 600048 保利地產 100,735,264 73,780,784 174,516,048 
8 600030 中信證券 46,834,499 115,045,392 161,879,891 
9 601166 興業銀行 48,303,502 96,315,026 144,618,528 
10 601012 隆基股份 79,354,943 65,039,059 144,394,002 

1 2415 海康威視 365,836,326 199,175,221 565,011,547 
2 2508 老闆電器 239,640,150 262,595,631 502,235,781 
3 651 格力電器 304,897,525 101,079,701 405,977,226 
4 333 美的集團 110,253,778 187,361,705 297,615,483 
5 858 五糧液 171,073,033 122,112,350 293,185,383 
6 2008 大族激光 155,203,465 42,570,256 197,773,721 
7 2236 大華股份 109,351,177 79,676,445 189,027,622 
8 725 京東方Ａ 75,845,783 82,343,970 158,189,753 
9 1 平安銀行 66,615,165 80,717,945 147,333,110 
10 2304 洋河股份 90,842,755 54,650,555 145,493,310 
