1 600519 貴州茅台 682,797,634 421,183,668 1,103,981,302 
2 600030 中信證券 204,142,874 436,759,864 640,902,738 
3 601318 中國平安 289,605,466 231,404,060 521,009,526 
4 600276 恒瑞醫藥 274,641,226 72,993,085 347,634,311 
5 600887 伊利股份 144,661,807 145,628,610 290,290,417 
6 600036 招商銀行 219,488,485 51,441,659 270,930,144 
7 600585 海螺水泥 99,773,863 129,079,315 228,853,178 
8 603288 海天味業 51,373,719 111,109,654 162,483,373 
9 601601 中國太保 123,534,064 37,431,843 160,965,907 
10 601688 華泰證券 63,584,935 92,269,814 155,854,749 

1 2415 海康威視 441,737,672 460,756,333 902,494,005 
2 333 美的集團 387,456,682 66,987,785 454,444,467 
3 858 五糧液 234,778,658 115,780,221 350,558,879 
4 651 格力電器 203,603,550 88,025,753 291,629,303 
5 300015 愛爾眼科 189,596,790 101,921,782 291,518,572 
6 2027 分眾傳媒 88,422,189 201,240,847 289,663,036 
7 2304 洋河股份 152,677,608 103,388,291 256,065,899 
8 63 中興通訊 213,486,927 35,809,518 249,296,445 
9 2475 立訊精密 184,448,181 33,275,473 217,723,654 
10 2 萬科Ａ 78,613,294 104,202,731 182,816,025 
