1 600276 恒瑞醫藥 416,349,143 521,778,316 938,127,459 
2 600519 貴州茅台 413,034,420 203,817,826 616,852,246 
3 601318 中國平安 173,608,683 146,909,326 320,518,009 
4 600309 萬華化學 98,768,796 133,937,927 232,706,723 
5 600887 伊利股份 187,320,143 45,375,237 232,695,380 
6 600585 海螺水泥 121,382,550 94,411,054 215,793,604 
7 601888 中國國旅 154,384,609 59,204,670 213,589,279 
8 603288 海天味業 56,922,441 110,544,316 167,466,757 
9 603993 洛陽鉬業 44,432,623 90,175,694 134,608,317 
10 600009 上海機場 69,858,778 55,675,966 125,534,744 

1 333 美的集團 259,649,788 139,504,291 399,154,079 
2 858 五糧液 207,316,590 168,222,949 375,539,539 
3 651 格力電器 104,772,746 198,661,505 303,434,251 
4 2236 大華股份 182,091,618 110,886,338 292,977,956 
5 2415 海康威視 90,337,175 156,070,655 246,407,830 
6 300347 泰格醫藥 89,055,452 93,733,091 182,788,543 
7 2304 洋河股份 68,611,762 105,435,460 174,047,222 
8 300433 藍思科技 133,489,014 13,707,032 147,196,046 
9 1 平安銀行 27,313,304 103,585,649 130,898,953 
10 2475 立訊精密 64,214,153 54,444,665 118,658,818 
