1 600519 貴州茅台 658,115,294 197,447,760 855,563,054 
2 601318 中國平安 229,560,847 200,272,381 429,833,228 
3 600276 恒瑞醫藥 184,915,711 110,258,983 295,174,694 
4 600019 寶鋼股份 148,745,078 100,655,596 249,400,674 
5 600030 中信證券 90,547,927 157,036,125 247,584,052 
6 600887 伊利股份 102,242,273 91,816,518 194,058,791 
7 600036 招商銀行 114,192,903 73,300,855 187,493,758 
8 600048 保利地產 120,663,925 63,232,365 183,896,290 
9 601328 交通銀行 112,342,132 50,163,432 162,505,564 
10 600690 青島海爾 129,676,788 22,768,611 152,445,399 

1 2415 海康威視 338,251,474 72,859,548 411,111,022 
2 858 五糧液 249,608,702 116,250,895 365,859,597 
3 651 格力電器 136,958,108 160,872,473 297,830,581 
4 333 美的集團 134,120,132 73,605,266 207,725,398 
5 2 萬科Ａ 79,047,795 84,841,665 163,889,460 
6 2304 洋河股份 109,432,159 51,507,012 160,939,171 
7 1 平安銀行 110,545,686 42,813,291 153,358,977 
8 2572 索菲亞 113,559,043 19,136,556 132,695,599 
9 2027 分眾傳媒 83,432,791 28,790,855 112,223,646 
10 725 京東方Ａ 47,892,797 63,691,840 111,584,637 
