1 600519 貴州茅台 273,867,348 382,021,389 655,888,737 
2 600009 上海機場 336,555,409 270,448,416 607,003,825 
3 601318 中國平安 250,232,513 196,581,928 446,814,441 
4 600887 伊利股份 167,950,714 166,602,425 334,553,139 
5 600585 海螺水泥 224,563,453 105,423,504 329,986,957 
6 600031 三一重工 184,688,393 79,903,014 264,591,407 
7 600276 恒瑞醫藥 130,860,520 113,992,614 244,853,134 
8 600867 通化東寶 195,004,115 34,144,367 229,148,482 
9 600028 中國石化 174,245,634 18,756,930 193,002,564 
10 600036 招商銀行 132,002,498 47,994,595 179,997,093 

1 333 美的集團 448,909,261 169,167,086 618,076,347 
2 2415 海康威視 229,403,128 282,069,656 511,472,784 
3 2008 大族激光 163,024,946 68,092,659 231,117,605 
4 858 五糧液 116,502,039 100,740,948 217,242,987 
5 2304 洋河股份 59,526,293 157,259,325 216,785,618 
6 2 萬科Ａ 176,083,296 32,006,622 208,089,918 
7 651 格力電器 141,051,326 64,358,361 205,409,687 
8 2027 分眾傳媒 96,583,879 88,849,333 185,433,212 
9 2236 大華股份 45,545,831 100,329,493 145,875,324 
10 300015 愛爾眼科 113,670,945 31,589,637 145,260,582 
