1 600276 恒瑞醫藥 263,224,100 787,578,984 1,050,803,084 
2 600519 貴州茅台 433,487,028 514,202,332 947,689,360 
3 601318 中國平安 569,417,333 260,772,458 830,189,791 
4 603288 海天味業 134,181,581 349,733,392 483,914,973 
5 600887 伊利股份 278,758,878 151,647,657 430,406,535 
6 600690 青島海爾 80,492,955 319,017,673 399,510,628 
7 600019 寶鋼股份 281,593,396 92,452,004 374,045,400 
8 600585 海螺水泥 122,737,895 232,715,367 355,453,262 
9 600036 招商銀行 137,867,033 154,218,966 292,085,999 
10 601229 上海銀行 54,463,985 215,927,560 270,391,545 

1 651 格力電器 916,316,549 183,079,378 1,099,395,927 
2 333 美的集團 550,658,665 283,290,877 833,949,542 
3 2008 大族激光 418,787,793 79,954,130 498,741,923 
4 2415 海康威視 175,612,039 290,087,934 465,699,973 
5 2304 洋河股份 237,287,115 138,069,342 375,356,457 
6 858 五糧液 171,778,363 199,442,889 371,221,252 
7 1 平安銀行 38,135,077 301,303,320 339,438,397 
8 2475 立訊精密 89,168,072 72,229,086 161,397,158 
9 2027 分眾傳媒 40,402,931 117,212,887 157,615,818 
10 2 萬科Ａ 57,283,901 94,857,026 152,140,927 
