1 600519 貴州茅台 458,250,802 1,385,702,673 1,843,953,475 
2 601318 中國平安 426,269,119 848,973,520 1,275,242,639 
3 600585 海螺水泥 172,964,798 867,578,009 1,040,542,807 
4 600276 恒瑞醫藥 166,521,320 643,800,550 810,321,870 
5 600887 伊利股份 275,318,896 426,697,455 702,016,351 
6 600030 中信證券 246,599,990 274,968,303 521,568,293 
7 600036 招商銀行 140,129,130 219,234,948 359,364,078 
8 600028 中國石化 137,399,162 121,795,802 259,194,964 
9 601398 工商銀行 117,236,069 138,442,300 255,678,369 
10 600048 保利地產 154,054,678 99,539,797 253,594,475 

1 651 格力電器 195,238,460 470,648,483 665,886,943 
2 2415 海康威視 245,403,744 341,041,541 586,445,285 
3 2 萬科Ａ 228,258,970 184,857,558 413,116,528 
4 2304 洋河股份 250,131,558 162,345,493 412,477,051 
5 858 五糧液 170,368,428 225,060,000 395,428,428 
6 1 平安銀行 110,004,693 130,842,996 240,847,689 
7 2027 分眾傳媒 47,484,547 84,603,976 132,088,523 
8 1979 招商蛇口 53,354,148 73,750,827 127,104,975 
9 2475 立訊精密 75,562,415 49,274,298 124,836,713 
10 2007 華蘭生物 42,342,536 66,219,914 108,562,450 
