1 600519 貴州茅台 596,329,808 776,616,346 1,372,946,154 
2 601318 中國平安 221,722,347 942,402,952 1,164,125,299 
3 600887 伊利股份 107,550,343 589,467,414 697,017,757 
4 601288 農業銀行 151,014,524 321,986,854 473,001,378 
5 600036 招商銀行 118,244,501 352,900,721 471,145,222 
6 600019 寶鋼股份 155,423,555 286,280,212 441,703,767 
7 601166 興業銀行 157,846,992 279,434,057 437,281,049 
8 600048 保利地產 99,686,777 247,717,728 347,404,505 
9 600030 中信證券 85,764,694 232,564,911 318,329,605 
10 601888 中國國旅 22,457,165 261,116,473 283,573,638 

1 858 五糧液 909,428,146 287,040,495 1,196,468,641 
2 333 美的集團 297,769,146 487,396,251 785,165,397 
3 2415 海康威視 343,941,847 361,941,398 705,883,245 
4 2 萬科Ａ 80,878,864 258,852,316 339,731,180 
5 651 格力電器 126,636,600 192,812,012 319,448,612 
6 1 平安銀行 89,708,068 161,873,967 251,582,035 
7 725 京東方Ａ 83,598,077 165,211,601 248,809,678 
8 898 鞍鋼股份 111,453,058 102,790,222 214,243,280 
9 2304 洋河股份 112,031,075 68,358,537 180,389,612 
10 1979 招商蛇口 31,047,036 141,811,125 172,858,161 
