1 600519 貴州茅台 906,283,574 372,317,511 1,278,601,085 
2 601318 中國平安 696,512,768 103,791,199 800,303,967 
3 600276 恒瑞醫藥 382,126,010 340,999,027 723,125,037 
4 600887 伊利股份 311,962,474 256,726,488 568,688,962 
5 600104 上汽集團 277,106,076 179,078,760 456,184,836 
6 600036 招商銀行 322,003,750 92,598,880 414,602,630 
7 600066 宇通客車 228,901,751 174,373,506 403,275,257 
8 601888 中國國旅 270,545,194 76,500,415 347,045,609 
9 600030 中信證券 206,773,195 94,993,901 301,767,096 
10 600585 海螺水泥 196,465,404 63,739,787 260,205,191 

1 2415 海康威視 1,790,180,872 633,582,224 2,423,763,096 
2 858 五糧液 415,728,686 111,388,909 527,117,595 
3 651 格力電器 299,299,131 208,984,116 508,283,247 
4 333 美的集團 359,155,960 139,643,843 498,799,803 
5 2236 大華股份 88,354,807 194,327,284 282,682,091 
6 725 京東方Ａ 174,624,868 90,703,323 265,328,191 
7 2027 分眾傳媒 192,372,357 62,842,554 255,214,911 
8 2 萬科Ａ 154,102,518 52,148,994 206,251,512 
9 2304 洋河股份 96,959,103 91,747,063 188,706,166 
10 2456 歐菲科技 36,137,717 152,350,678 188,488,395 
