1 600519 貴州茅台 501,374,865 246,263,601 747,638,466 
2 600276 恒瑞醫藥 256,153,908 278,771,903 534,925,811 
3 601318 中國平安 379,118,185 48,959,887 428,078,072 
4 600887 伊利股份 143,605,585 136,766,417 280,372,002 
5 600036 招商銀行 207,383,301 64,556,979 271,940,280 
6 600690 青島海爾 122,585,539 133,879,551 256,465,090 
7 600585 海螺水泥 167,241,002 39,308,551 206,549,553 
8 603288 海天味業 78,275,594 86,364,586 164,640,180 
9 600028 中國石化 104,791,051 35,867,224 140,658,275 
10 600030 中信證券 94,631,061 31,591,874 126,222,935 

1 2415 海康威視 457,314,445 499,662,853 956,977,298 
2 651 格力電器 235,016,577 129,482,555 364,499,132 
3 858 五糧液 226,378,906 136,761,016 363,139,922 
4 333 美的集團 215,458,844 132,852,942 348,311,786 
5 2304 洋河股份 156,060,470 70,360,212 226,420,682 
6 2236 大華股份 124,129,915 64,450,286 188,580,201 
7 2508 老闆電器 64,203,940 96,101,846 160,305,786 
8 895 雙匯發展 129,896,568 8,573,873 138,470,441 
9 568 瀘州老窖 76,754,431 61,043,818 137,798,249 
10 2008 大族激光 66,922,861 59,475,358 126,398,219 
