1 600887 伊利股份 1,043,943,299 175,718,942 1,219,662,241 
2 600519 貴州茅台 514,111,354 458,668,302 972,779,656 
3 601318 中國平安 559,779,865 269,894,476 829,674,341 
4 601888 中國國旅 387,124,652 144,755,438 531,880,090 
5 600276 恒瑞醫藥 293,859,187 224,472,104 518,331,291 
6 600585 海螺水泥 192,293,096 194,885,614 387,178,710 
7 600690 青島海爾 133,371,409 160,531,799 293,903,208 
8 600036 招商銀行 124,017,476 106,919,523 230,936,999 
9 600048 保利地產 175,445,793 50,947,127 226,392,920 
10 600031 三一重工 153,768,488 55,263,741 209,032,229 

1 2415 海康威視 747,001,437 332,827,769 1,079,829,206 
2 333 美的集團 271,966,266 252,217,147 524,183,413 
3 2 萬科Ａ 342,040,693 108,586,125 450,626,818 
4 651 格力電器 278,432,279 156,371,276 434,803,555 
5 858 五糧液 284,160,235 102,686,929 386,847,164 
6 2236 大華股份 149,450,915 189,099,011 338,549,926 
7 2304 洋河股份 137,117,113 106,062,590 243,179,703 
8 2027 分眾傳媒 109,494,465 51,522,141 161,016,606 
9 725 京東方Ａ 100,114,200 48,743,800 148,858,000 
10 2008 大族激光 68,314,185 66,896,114 135,210,299 
