1 600276 恒瑞醫藥 253,057,327 487,761,606 740,818,933 
2 600519 貴州茅台 316,430,026 163,281,866 479,711,892 
3 601318 中國平安 87,675,767 251,209,458 338,885,225 
4 601888 中國國旅 159,614,977 105,515,731 265,130,708 
5 600887 伊利股份 81,661,116 89,326,113 170,987,229 
6 600309 萬華化學 71,092,469 97,862,389 168,954,858 
7 600690 青島海爾 17,394,743 122,474,060 139,868,803 
8 600585 海螺水泥 80,464,627 43,313,636 123,778,263 
9 600660 福耀玻璃 54,737,238 37,727,196 92,464,434 
10 601398 工商銀行 29,098,004 60,999,881 90,097,885 

1 2415 海康威視 326,739,360 82,485,368 409,224,728 
2 2027 分眾傳媒 212,733,008 150,963,811 363,696,819 
3 858 五糧液 254,605,801 104,867,498 359,473,299 
4 651 格力電器 74,524,680 121,807,171 196,331,851 
5 2475 立訊精密 40,926,487 89,693,468 130,619,955 
6 2456 歐菲科技 64,272,859 54,479,970 118,752,829 
7 2304 洋河股份 56,174,660 55,975,768 112,150,428 
8 2 萬科Ａ 30,174,365 52,353,180 82,527,545 
9 2410 廣聯達 51,243,785 30,051,740 81,295,525 
10 725 京東方Ａ 34,118,915 44,021,890 78,140,805 
