1 601318 中國平安 1,506,178,114 385,167,484 1,891,345,598 
2 600519 貴州茅台 540,956,609 288,054,068 829,010,677 
3 600048 保利地產 280,533,064 165,265,052 445,798,116 
4 600276 恒瑞醫藥 303,850,699 126,923,185 430,773,884 
5 601398 工商銀行 187,224,083 221,509,473 408,733,556 
6 600887 伊利股份 218,755,095 185,998,941 404,754,036 
7 600030 中信證券 260,394,041 143,987,941 404,381,982 
8 601288 農業銀行 260,421,667 112,491,957 372,913,624 
9 600036 招商銀行 193,640,151 165,700,654 359,340,805 
10 600690 青島海爾 26,659,075 327,009,261 353,668,336 

1 858 五糧液 477,732,448 668,456,914 1,146,189,362 
2 651 格力電器 133,613,698 450,356,186 583,969,884 
3 2415 海康威視 262,393,023 240,801,521 503,194,544 
4 333 美的集團 234,591,082 190,020,377 424,611,459 
5 1 平安銀行 312,793,117 59,110,811 371,903,928 
6 2 萬科Ａ 141,515,523 190,282,952 331,798,475 
7 725 京東方Ａ 130,439,587 191,921,991 322,361,578 
8 300124 匯川技術 60,261,327 151,997,009 212,258,336 
9 2050 三花智控 190,378,346 15,804,598 206,182,944 
10 2304 洋河股份 70,501,457 103,159,672 173,661,129 
