1 600519 貴州茅台 519,858,164 188,523,775 708,381,939 
2 601318 中國平安 408,165,554 254,926,872 663,092,426 
3 600036 招商銀行 465,309,551 78,618,648 543,928,199 
4 600276 恒瑞醫藥 286,861,562 207,508,709 494,370,271 
5 600887 伊利股份 235,685,217 41,362,100 277,047,317 
6 601766 中國中車 184,627,025 67,856,665 252,483,690 
7 600690 青島海爾 142,792,019 77,930,428 220,722,447 
8 600030 中信證券 131,262,001 87,699,800 218,961,801 
9 601668 中國建築 130,876,223 63,191,599 194,067,822 
10 601186 中國鐵建 130,115,395 61,505,532 191,620,927 

1 333 美的集團 899,842,007 182,201,230 1,082,043,237 
2 651 格力電器 559,380,164 106,469,771 665,849,935 
3 2415 海康威視 288,018,516 98,781,514 386,800,030 
4 858 五糧液 167,892,551 136,809,490 304,702,041 
5 2 萬科Ａ 172,147,700 93,414,114 265,561,814 
6 2027 分眾傳媒 145,538,197 30,908,381 176,446,578 
7 63 中興通訊 39,187,492 102,841,253 142,028,745 
8 2304 洋河股份 76,427,699 57,891,929 134,319,628 
9 1979 招商蛇口 112,268,983 19,974,628 132,243,611 
10 2236 大華股份 67,297,247 54,949,717 122,246,964 
