1 600519 貴州茅台 679,842,539 338,083,039 1,017,925,578 
2 601318 中國平安 236,179,902 372,081,965 608,261,867 
3 600276 恒瑞醫藥 267,803,215 332,289,188 600,092,403 
4 600887 伊利股份 198,452,110 198,196,437 396,648,547 
5 600585 海螺水泥 184,243,180 105,448,448 289,691,628 
6 601888 中國國旅 173,167,472 74,236,994 247,404,466 
7 600009 上海機場 135,020,607 109,880,430 244,901,037 
8 600036 招商銀行 87,932,780 152,122,283 240,055,063 
9 600104 上汽集團 93,530,174 137,878,072 231,408,246 
10 600048 保利地產 75,801,291 106,637,375 182,438,666 

1 2415 海康威視 383,301,291 731,318,849 1,114,620,140 
2 858 五糧液 243,916,224 286,914,096 530,830,320 
3 651 格力電器 169,717,312 340,332,246 510,049,558 
4 2027 分眾傳媒 233,435,803 76,426,320 309,862,123 
5 2304 洋河股份 81,130,136 143,498,500 224,628,636 
6 2 萬科Ａ 111,394,236 79,885,443 191,279,679 
7 568 瀘州老窖 107,528,657 72,808,450 180,337,107 
8 338 濰柴動力 160,117,353 13,257,775 173,375,128 
9 2475 立訊精密 82,261,694 81,155,228 163,416,922 
10 2594 比亞迪 104,014,127 44,245,476 148,259,603 
