1 600519 貴州茅台 383,773,561 588,759,053 972,532,614 
2 600276 恒瑞醫藥 262,294,335 297,772,861 560,067,196 
3 601318 中國平安 292,494,833 224,160,506 516,655,339 
4 600887 伊利股份 242,622,479 204,758,237 447,380,716 
5 601888 中國國旅 97,198,518 252,873,547 350,072,065 
6 600585 海螺水泥 136,442,265 152,288,643 288,730,908 
7 600690 青島海爾 100,930,686 134,181,955 235,112,641 
8 600176 中國巨石 28,825,361 187,138,628 215,963,989 
9 600009 上海機場 136,933,193 62,841,995 199,775,188 
10 600036 招商銀行 105,711,179 89,036,102 194,747,281 

1 333 美的集團 971,356,792 506,402,072 1,477,758,864 
2 651 格力電器 723,276,040 390,159,387 1,113,435,427 
3 2415 海康威視 409,402,529 465,929,412 875,331,941 
4 858 五糧液 181,344,382 256,145,485 437,489,867 
5 2008 大族激光 259,228,852 48,534,271 307,763,123 
6 2236 大華股份 125,405,815 114,757,812 240,163,627 
7 2 萬科Ａ 169,761,711 57,574,774 227,336,485 
8 300015 愛爾眼科 133,342,263 60,290,267 193,632,530 
9 568 瀘州老窖 66,994,429 101,345,364 168,339,793 
10 2304 洋河股份 77,400,474 90,692,336 168,092,810 
