1 600519 貴州茅台 298,928,129 1,716,126,011 2,015,054,140 
2 601318 中國平安 442,063,050 1,360,668,845 1,802,731,895 
3 600887 伊利股份 219,622,428 839,968,104 1,059,590,532 
4 600036 招商銀行 165,819,151 519,581,561 685,400,712 
5 601166 興業銀行 182,988,813 486,886,732 669,875,545 
6 600048 保利地產 106,589,759 487,557,708 594,147,467 
7 600019 寶鋼股份 119,720,826 416,895,606 536,616,432 
8 600276 恒瑞醫藥 195,728,793 325,353,694 521,082,487 
9 600030 中信證券 215,327,103 288,915,463 504,242,566 
10 601288 農業銀行 138,496,781 361,546,708 500,043,489 

1 333 美的集團 422,708,463 973,842,967 1,396,551,430 
2 858 五糧液 229,797,798 736,079,714 965,877,512 
3 2415 海康威視 432,112,377 474,117,934 906,230,311 
4 651 格力電器 181,005,424 497,598,088 678,603,512 
5 1 平安銀行 109,978,675 354,356,475 464,335,150 
6 2 萬科Ａ 148,814,257 287,505,542 436,319,799 
7 2050 三花智控 302,588,596 70,623,561 373,212,157 
8 725 京東方Ａ 152,957,513 187,274,571 340,232,084 
9 2304 洋河股份 146,163,414 154,443,375 300,606,789 
10 1979 招商蛇口 88,703,715 191,421,434 280,125,149 
