1 600519 貴州茅台 583,704,662 220,080,164 803,784,826 
2 601318 中國平安 493,087,724 305,871,492 798,959,216 
3 600276 恒瑞醫藥 185,021,741 282,732,716 467,754,457 
4 600036 招商銀行 286,864,848 88,366,293 375,231,141 
5 600030 中信證券 166,096,843 118,386,514 284,483,357 
6 600585 海螺水泥 101,387,921 174,953,215 276,341,136 
7 600019 寶鋼股份 241,748,106 31,233,150 272,981,256 
8 601668 中國建築 183,344,325 84,139,477 267,483,802 
9 601166 興業銀行 237,990,508 28,259,098 266,249,606 
10 600887 伊利股份 158,111,360 61,845,291 219,956,651 

1 2415 海康威視 200,087,766 354,823,815 554,911,581 
2 333 美的集團 299,811,063 144,709,306 444,520,369 
3 2 萬科Ａ 211,124,510 151,990,300 363,114,810 
4 651 格力電器 214,890,916 47,052,098 261,943,014 
5 858 五糧液 141,522,979 97,168,805 238,691,784 
6 2027 分眾傳媒 77,816,820 99,239,007 177,055,827 
7 2304 洋河股份 96,278,323 77,214,667 173,492,990 
8 2236 大華股份 97,483,632 69,405,326 166,888,958 
9 1 平安銀行 150,085,105 16,767,230 166,852,335 
10 1979 招商蛇口 99,096,176 30,383,357 129,479,533 
