1 600519 貴州茅台 840,392,401 455,273,584 1,295,665,985 
2 601318 中國平安 263,248,083 272,512,310 535,760,393 
3 600276 恒瑞醫藥 125,892,740 370,855,787 496,748,527 
4 601888 中國國旅 175,519,668 143,286,552 318,806,220 
5 600887 伊利股份 137,578,151 115,977,736 253,555,887 
6 600019 寶鋼股份 180,527,963 69,817,663 250,345,626 
7 600585 海螺水泥 181,627,399 59,635,452 241,262,851 
8 600036 招商銀行 66,138,377 114,856,851 180,995,228 
9 601006 大秦鐵路 142,787,467 9,410,259 152,197,726 
10 600028 中國石化 99,851,277 43,067,584 142,918,861 

1 333 美的集團 254,160,356 297,543,821 551,704,177 
2 651 格力電器 264,820,410 268,921,048 533,741,458 
3 2304 洋河股份 223,315,520 190,134,216 413,449,736 
4 2415 海康威視 142,752,407 202,616,586 345,368,993 
5 2027 分眾傳媒 239,649,171 99,213,841 338,863,012 
6 858 五糧液 154,761,064 108,650,217 263,411,281 
7 63 中興通訊 105,303,525 95,223,376 200,526,901 
8 2 萬科Ａ 56,734,507 101,355,691 158,090,198 
9 725 京東方Ａ 29,909,439 102,159,622 132,069,061 
10 1 平安銀行 37,661,712 74,493,112 112,154,824 
