1 600519 貴州茅台 438,585,023 640,039,016 1,078,624,039 
2 601318 中國平安 416,694,914 179,181,995 595,876,909 
3 600887 伊利股份 216,551,360 281,110,242 497,661,602 
4 600276 恒瑞醫藥 258,443,245 169,059,106 427,502,351 
5 600050 中國聯通 154,947,209 46,479,234 201,426,443 
6 600030 中信證券 137,464,341 63,394,619 200,858,960 
7 600066 宇通客車 97,903,769 99,054,367 196,958,136 
8 600019 寶鋼股份 125,810,245 60,172,937 185,983,182 
9 601398 工商銀行 100,257,466 80,047,900 180,305,366 
10 601601 中國太保 125,725,220 47,678,787 173,404,007 

1 858 五糧液 348,010,844 167,324,088 515,334,932 
2 2415 海康威視 231,740,064 272,324,052 504,064,116 
3 651 格力電器 286,059,405 205,997,269 492,056,674 
4 333 美的集團 250,777,115 116,057,823 366,834,938 
5 725 京東方Ａ 118,321,345 155,689,768 274,011,113 
6 2027 分眾傳媒 142,547,208 66,208,104 208,755,312 
7 300059 東方財富 177,801,065 21,894,076 199,695,141 
8 2008 大族激光 140,152,878 54,581,980 194,734,858 
9 2304 洋河股份 132,371,604 48,680,765 181,052,369 
10 2241 歌爾股份 109,474,715 37,065,327 146,540,042 
