1 600276 恒瑞醫藥 422,748,171 90,469,421 513,217,592 
2 600519 貴州茅台 305,334,091 166,263,516 471,597,607 
3 601318 中國平安 193,035,125 175,111,602 368,146,727 
4 600585 海螺水泥 64,052,090 171,926,739 235,978,829 
5 600887 伊利股份 154,657,525 77,821,157 232,478,682 
6 600066 宇通客車 74,446,928 98,345,113 172,792,041 
7 600030 中信證券 57,466,355 77,069,706 134,536,061 
8 600050 中國聯通 72,381,137 54,670,741 127,051,878 
9 601398 工商銀行 48,872,810 76,643,177 125,515,987 
10 601166 興業銀行 44,323,014 67,460,496 111,783,510 

1 2415 海康威視 314,604,312 293,046,003 607,650,315 
2 651 格力電器 174,215,731 275,561,064 449,776,795 
3 333 美的集團 208,715,855 168,912,649 377,628,504 
4 2027 分眾傳媒 222,171,582 112,296,319 334,467,901 
5 858 五糧液 224,302,485 101,679,249 325,981,734 
6 2008 大族激光 115,547,351 125,760,222 241,307,573 
7 2 萬科Ａ 94,968,892 79,477,575 174,446,467 
8 2304 洋河股份 91,187,347 47,829,507 139,016,854 
9 895 雙匯發展 85,808,802 20,616,719 106,425,521 
10 661 長春高新 64,973,828 34,074,805 99,048,633 
