1 600887 伊利股份 395,748,339 179,798,337 575,546,676 
2 601318 中國平安 77,586,950 394,699,795 472,286,745 
3 600519 貴州茅台 147,161,511 234,815,969 381,977,480 
4 600585 海螺水泥 135,521,483 163,259,003 298,780,486 
5 600036 招商銀行 80,201,221 170,091,834 250,293,055 
6 600276 恒瑞醫藥 99,595,836 139,981,556 239,577,392 
7 600048 保利地產 117,162,477 66,317,121 183,479,598 
8 600028 中國石化 89,885,954 85,183,555 175,069,509 
9 600050 中國聯通 57,385,310 91,154,686 148,539,996 
10 601398 工商銀行 63,883,943 79,976,096 143,860,039 

1 858 五糧液 197,108,005 231,332,824 428,440,829 
2 651 格力電器 94,414,414 313,936,825 408,351,239 
3 2 萬科Ａ 241,092,629 162,967,372 404,060,001 
4 2415 海康威視 146,908,829 210,790,228 357,699,057 
5 2475 立訊精密 166,314,074 183,967,043 350,281,117 
6 2027 分眾傳媒 116,693,566 135,396,750 252,090,316 
7 2456 歐菲科技 88,077,963 70,960,992 159,038,955 
8 2304 洋河股份 68,364,146 77,170,663 145,534,809 
9 2236 大華股份 68,633,581 57,593,707 126,227,288 
10 2008 大族激光 58,149,101 37,232,262 95,381,363 
