1 601318 中國平安 463,221,533 158,818,231 622,039,764 
2 600276 恒瑞醫藥 370,572,570 229,426,305 599,998,875 
3 600519 貴州茅台 382,411,028 201,600,023 584,011,051 
4 600585 海螺水泥 283,844,265 98,134,427 381,978,692 
5 600887 伊利股份 268,480,120 84,697,288 353,177,408 
6 600036 招商銀行 259,260,656 82,023,080 341,283,736 
7 601888 中國國旅 124,833,797 93,036,136 217,869,933 
8 600030 中信證券 107,854,066 95,399,708 203,253,774 
9 600019 寶鋼股份 123,513,151 72,985,581 196,498,732 
10 600066 宇通客車 134,503,070 61,357,858 195,860,928 

1 651 格力電器 390,006,956 475,110,963 865,117,919 
2 333 美的集團 451,394,009 215,323,601 666,717,610 
3 2415 海康威視 231,146,871 197,389,639 428,536,510 
4 858 五糧液 307,642,770 47,780,196 355,422,966 
5 2304 洋河股份 190,197,940 37,995,983 228,193,923 
6 2 萬科Ａ 130,527,105 71,412,433 201,939,538 
7 1 平安銀行 74,752,196 81,649,579 156,401,775 
8 2027 分眾傳媒 67,327,129 69,116,557 136,443,686 
9 300017 網宿科技 75,007,812 58,781,493 133,789,305 
10 725 京東方Ａ 91,307,555 41,727,148 133,034,703 
