1 600519 貴州茅台 323,464,768 429,634,441 753,099,209 
2 601318 中國平安 386,703,549 231,966,670 618,670,219 
3 600276 恒瑞醫藥 269,983,191 344,206,105 614,189,296 
4 600690 青島海爾 73,687,703 523,982,654 597,670,357 
5 600585 海螺水泥 413,703,231 173,664,196 587,367,427 
6 600009 上海機場 288,617,798 176,011,557 464,629,355 
7 600036 招商銀行 338,893,113 114,741,199 453,634,312 
8 600019 寶鋼股份 243,557,175 146,886,647 390,443,822 
9 601668 中國建築 247,773,723 99,561,830 347,335,553 
10 600887 伊利股份 110,583,934 213,075,904 323,659,838 

1 2415 海康威視 204,205,023 404,831,275 609,036,298 
2 858 五糧液 384,730,924 182,970,107 567,701,031 
3 333 美的集團 321,587,123 153,629,528 475,216,651 
4 651 格力電器 233,899,805 130,464,951 364,364,756 
5 2 萬科Ａ 168,633,055 112,822,859 281,455,914 
6 300015 愛爾眼科 190,695,240 40,512,105 231,207,345 
7 2271 東方雨虹 93,271,583 127,278,258 220,549,841 
8 2027 分眾傳媒 160,703,690 53,156,213 213,859,903 
9 661 長春高新 93,807,644 73,971,682 167,779,326 
10 725 京東方Ａ 83,566,733 82,970,365 166,537,098 
