1 600519 貴州茅台 747,753,199 281,454,637 1,029,207,836 
2 601318 中國平安 288,660,112 369,438,437 658,098,549 
3 601888 中國國旅 214,809,376 263,689,715 478,499,091 
4 600276 恒瑞醫藥 324,834,014 151,054,938 475,888,952 
5 600779 水井坊 212,720,526 216,145,445 428,865,971 
6 600887 伊利股份 314,426,352 109,969,069 424,395,421 
7 600585 海螺水泥 94,775,534 125,234,118 220,009,652 
8 600050 中國聯通 104,033,329 107,206,482 211,239,811 
9 600036 招商銀行 149,019,086 50,950,959 199,970,045 
10 600048 保利地產 88,760,854 68,438,359 157,199,213 

1 858 五糧液 557,393,672 136,011,894 693,405,566 
2 333 美的集團 338,315,596 333,479,320 671,794,916 
3 651 格力電器 377,241,594 235,848,088 613,089,682 
4 2415 海康威視 307,940,301 214,457,625 522,397,926 
5 2008 大族激光 232,809,745 64,514,424 297,324,169 
6 2 萬科Ａ 146,854,696 126,164,689 273,019,385 
7 538 雲南白藥 185,145,881 30,409,368 215,555,249 
8 1 平安銀行 185,462,947 28,910,817 214,373,764 
9 2475 立訊精密 92,565,426 102,610,147 195,175,573 
10 2236 大華股份 90,338,390 89,659,534 179,997,924 
