1 600519 貴州茅台 436,205,484 242,221,336 678,426,820 
2 601318 中國平安 393,462,144 175,935,918 569,398,062 
3 600887 伊利股份 215,755,348 130,416,358 346,171,706 
4 600030 中信證券 177,227,591 150,664,707 327,892,298 
5 601398 工商銀行 212,283,580 55,710,474 267,994,054 
6 600036 招商銀行 168,086,646 65,256,962 233,343,608 
7 601288 農業銀行 166,288,703 47,567,103 213,855,806 
8 601939 建設銀行 171,436,540 38,184,467 209,621,007 
9 600276 恒瑞醫藥 117,212,467 86,628,828 203,841,295 
10 600585 海螺水泥 181,971,597 19,549,944 201,521,541 

1 651 格力電器 240,659,229 282,887,856 523,547,085 
2 333 美的集團 281,423,416 239,207,109 520,630,525 
3 858 五糧液 189,863,880 144,379,647 334,243,527 
4 725 京東方Ａ 145,223,051 116,516,198 261,739,249 
5 2415 海康威視 124,148,454 114,794,180 238,942,634 
6 2 萬科Ａ 113,584,085 97,041,374 210,625,459 
7 2304 洋河股份 99,874,806 53,951,737 153,826,543 
8 1 平安銀行 84,387,501 63,897,972 148,285,473 
9 300017 網宿科技 84,766,020 61,464,108 146,230,128 
10 2236 大華股份 68,834,631 63,742,816 132,577,447 
