1 601318 中國平安 572,302,423 428,642,169 1,000,944,592 
2 600519 貴州茅台 421,248,834 305,545,034 726,793,868 
3 600276 恒瑞醫藥 342,871,546 217,989,957 560,861,503 
4 600887 伊利股份 175,520,822 311,991,826 487,512,648 
5 600585 海螺水泥 197,689,052 201,666,593 399,355,645 
6 600104 上汽集團 167,226,575 176,168,854 343,395,429 
7 600028 中國石化 135,038,842 135,463,267 270,502,109 
8 600690 青島海爾 131,743,112 100,713,211 232,456,323 
9 600900 長江電力 139,165,472 93,028,521 232,193,993 
10 600036 招商銀行 110,558,473 102,444,211 213,002,684 

1 651 格力電器 244,283,022 301,711,513 545,994,535 
2 333 美的集團 322,880,538 188,253,036 511,133,574 
3 858 五糧液 220,160,371 233,427,325 453,587,696 
4 2475 立訊精密 132,064,603 157,292,766 289,357,369 
5 2415 海康威視 157,964,791 81,435,606 239,400,397 
6 2304 洋河股份 194,039,959 45,306,015 239,345,974 
7 2 萬科Ａ 55,929,652 124,513,962 180,443,614 
8 568 瀘州老窖 60,025,322 90,736,369 150,761,691 
9 338 濰柴動力 81,574,703 33,100,217 114,674,920 
10 300347 泰格醫藥 87,145,425 26,737,099 113,882,524 
