1 600519 貴州茅台 773,306,129 240,262,148 1,013,568,277 
2 600276 恒瑞醫藥 548,961,637 273,321,510 822,283,147 
3 600887 伊利股份 163,834,779 171,591,596 335,426,375 
4 601318 中國平安 206,288,780 76,095,624 282,384,404 
5 601939 建設銀行 168,384,548 62,884,394 231,268,942 
6 600036 招商銀行 160,779,513 36,506,521 197,286,034 
7 600585 海螺水泥 111,673,751 56,879,158 168,552,909 
8 600050 中國聯通 41,925,347 124,534,397 166,459,744 
9 600019 寶鋼股份 74,971,520 90,616,852 165,588,372 
10 601888 中國國旅 98,322,554 49,436,493 147,759,047 

1 858 五糧液 237,171,543 111,946,728 349,118,271 
2 651 格力電器 144,604,752 159,891,632 304,496,384 
3 333 美的集團 140,080,418 130,678,587 270,759,005 
4 2415 海康威視 139,773,045 110,182,505 249,955,550 
5 2508 老闆電器 139,307,760 102,086,923 241,394,683 
6 300347 泰格醫藥 157,025,396 31,005,007 188,030,403 
7 2304 洋河股份 69,779,623 76,559,458 146,339,081 
8 2027 分眾傳媒 87,255,442 46,146,085 133,401,527 
9 2268 衛士通 112,585,472 15,587,554 128,173,026 
10 300136 信維通信 114,341,808 9,516,062 123,857,870 
