1 601318 中國平安 441,775,348 192,158,412 633,933,760 
2 600519 貴州茅台 334,128,119 203,319,831 537,447,950 
3 600887 伊利股份 258,857,568 64,256,065 323,113,633 
4 600276 恒瑞醫藥 105,151,977 176,861,063 282,013,040 
5 601888 中國國旅 156,521,147 27,518,554 184,039,701 
6 600690 青島海爾 134,972,467 47,331,635 182,304,102 
7 600009 上海機場 67,937,697 97,469,197 165,406,894 
8 603288 海天味業 22,007,251 133,099,726 155,106,977 
9 600585 海螺水泥 94,742,491 45,411,560 140,154,051 
10 600036 招商銀行 59,703,345 80,318,424 140,021,769 

1 858 五糧液 265,693,174 148,973,824 414,666,998 
2 538 雲南白藥 277,361,155 35,971,137 313,332,292 
3 651 格力電器 130,144,988 129,483,260 259,628,248 
4 2 萬科Ａ 74,774,825 146,294,207 221,069,032 
5 333 美的集團 136,050,437 74,636,473 210,686,910 
6 2415 海康威視 87,415,245 95,312,746 182,727,991 
7 2008 大族激光 139,493,501 32,334,895 171,828,396 
8 2508 老闆電器 74,005,594 53,013,926 127,019,520 
9 963 華東醫藥 79,660,092 26,145,748 105,805,840 
10 2304 洋河股份 77,763,814 22,892,076 100,655,890 
