1 601318 中國平安 189,504,467 267,938,226 457,442,693 
2 600519 貴州茅台 250,415,944 87,158,651 337,574,595 
3 600276 恒瑞醫藥 148,625,473 119,801,499 268,426,972 
4 601166 興業銀行 123,323,238 44,233,849 167,557,087 
5 600036 招商銀行 120,083,461 30,454,018 150,537,479 
6 601888 中國國旅 71,686,679 61,914,204 133,600,883 
7 601766 中國中車 107,524,037 20,303,318 127,827,355 
8 600900 長江電力 63,234,636 45,247,430 108,482,066 
9 600104 上汽集團 50,054,348 49,575,499 99,629,847 
10 600340 華夏幸福 73,356,243 25,633,114 98,989,357 

1 2415 海康威視 178,938,190 268,075,583 447,013,773 
2 333 美的集團 168,313,197 76,262,965 244,576,162 
3 63 中興通訊 22,276,108 187,988,591 210,264,699 
4 2 萬科Ａ 54,178,675 105,063,130 159,241,805 
5 1 平安銀行 123,031,811 23,388,918 146,420,729 
6 2027 分眾傳媒 97,046,614 28,336,538 125,383,152 
7 858 五糧液 46,603,633 71,046,174 117,649,807 
8 651 格力電器 77,959,203 32,335,051 110,294,254 
9 300347 泰格醫藥 78,604,069 31,566,220 110,170,289 
10 2236 大華股份 59,150,188 38,076,262 97,226,450 
