1 601318 中國平安 577,249,233 567,753,102 1,145,002,335 
2 600519 貴州茅台 751,321,123 346,776,912 1,098,098,035 
3 600276 恒瑞醫藥 385,466,692 485,489,006 870,955,698 
4 600887 伊利股份 183,000,567 198,295,750 381,296,317 
5 600036 招商銀行 221,545,961 148,261,112 369,807,073 
6 600585 海螺水泥 224,435,117 130,955,533 355,390,650 
7 603288 海天味業 96,584,205 151,341,696 247,925,901 
8 600104 上汽集團 97,529,648 124,739,128 222,268,776 
9 600900 長江電力 98,506,040 121,463,322 219,969,362 
10 600028 中國石化 81,779,109 137,182,000 218,961,109 

1 2415 海康威視 623,928,373 758,823,974 1,382,752,347 
2 858 五糧液 359,509,599 607,890,353 967,399,952 
3 651 格力電器 446,029,703 290,500,069 736,529,772 
4 2304 洋河股份 281,682,739 195,625,020 477,307,759 
5 1 平安銀行 122,186,384 158,399,387 280,585,771 
6 568 瀘州老窖 175,334,243 93,651,097 268,985,340 
7 2027 分眾傳媒 203,156,456 54,969,690 258,126,146 
8 2 萬科Ａ 72,925,811 77,898,983 150,824,794 
9 2456 歐菲科技 68,391,171 62,798,003 131,189,174 
10 2236 大華股份 67,402,765 52,500,704 119,903,469 
