1 600276 恒瑞醫藥 391,946,962 281,248,635 673,195,597 
2 601318 中國平安 235,830,099 427,890,528 663,720,627 
3 600519 貴州茅台 292,173,591 228,283,422 520,457,013 
4 600887 伊利股份 103,203,543 163,678,283 266,881,826 
5 601398 工商銀行 166,627,250 53,965,063 220,592,313 
6 600036 招商銀行 99,734,406 112,277,904 212,012,310 
7 600585 海螺水泥 129,942,504 44,925,966 174,868,470 
8 600028 中國石化 42,382,820 115,974,041 158,356,861 
9 600030 中信證券 70,289,410 76,409,647 146,699,057 
10 600019 寶鋼股份 50,078,473 74,308,490 124,386,963 

1 300059 東方財富 143,994,711 227,656,050 371,650,761 
2 2415 海康威視 112,910,717 225,316,012 338,226,729 
3 651 格力電器 97,724,484 187,135,273 284,859,757 
4 858 五糧液 66,727,769 204,318,115 271,045,884 
5 2304 洋河股份 89,280,672 95,393,100 184,673,772 
6 333 美的集團 59,520,258 116,474,156 175,994,414 
7 1 平安銀行 96,057,230 74,344,987 170,402,217 
8 2027 分眾傳媒 115,064,640 37,498,386 152,563,026 
9 423 東阿阿膠 118,044,536 24,222,625 142,267,161 
10 300017 網宿科技 71,249,460 67,308,518 138,557,978 
