1 600519 貴州茅台 1,087,945,926 386,130,068 1,474,075,994 
2 601318 中國平安 409,664,212 413,929,811 823,594,023 
3 600276 恒瑞醫藥 261,663,496 405,439,788 667,103,284 
4 600887 伊利股份 245,970,407 183,741,305 429,711,712 
5 600585 海螺水泥 107,742,287 272,184,506 379,926,793 
6 600036 招商銀行 160,195,760 63,745,237 223,940,997 
7 600309 萬華化學 161,048,034 51,740,030 212,788,064 
8 600867 通化東寶 65,610,717 142,894,323 208,505,040 
9 600009 上海機場 103,785,598 94,250,117 198,035,715 
10 600900 長江電力 98,089,396 90,753,954 188,843,350 

1 333 美的集團 1,193,097,950 363,445,915 1,556,543,865 
2 858 五糧液 437,987,017 384,828,706 822,815,723 
3 651 格力電器 252,610,659 255,683,215 508,293,874 
4 2415 海康威視 304,342,178 156,823,942 461,166,120 
5 2304 洋河股份 250,902,858 70,162,849 321,065,707 
6 1 平安銀行 47,742,129 226,714,192 274,456,321 
7 338 濰柴動力 124,855,793 54,511,083 179,366,876 
8 2 萬科Ａ 86,666,939 78,398,005 165,064,944 
9 2027 分眾傳媒 80,636,679 83,519,413 164,156,092 
10 2008 大族激光 74,186,096 70,206,179 144,392,275 
