1 600519 貴州茅台 2,081,209,965 507,041,744 2,588,251,709 
2 601318 中國平安 941,569,967 196,723,683 1,138,293,650 
3 600276 恒瑞醫藥 670,579,223 332,480,611 1,003,059,834 
4 600030 中信證券 537,685,266 269,002,834 806,688,100 
5 600585 海螺水泥 457,076,285 204,452,960 661,529,245 
6 600036 招商銀行 467,452,360 87,661,377 555,113,737 
7 600048 保利地產 232,319,823 78,823,912 311,143,735 
8 600887 伊利股份 177,468,945 123,939,664 301,408,609 
9 600028 中國石化 163,006,789 124,902,043 287,908,832 
10 600900 長江電力 98,574,419 166,610,116 265,184,535 

1 858 五糧液 933,547,071 401,192,761 1,334,739,832 
2 2304 洋河股份 781,416,704 191,842,340 973,259,044 
3 651 格力電器 706,018,467 190,152,079 896,170,546 
4 333 美的集團 699,054,544 193,214,450 892,268,994 
5 2415 海康威視 426,143,197 417,022,168 843,165,365 
6 2 萬科Ａ 295,095,999 58,351,729 353,447,728 
7 2027 分眾傳媒 112,580,755 158,058,076 270,638,831 
8 568 瀘州老窖 147,901,051 35,426,839 183,327,890 
9 1 平安銀行 97,751,502 79,709,544 177,461,046 
10 2236 大華股份 56,933,334 100,032,811 156,966,145 
