1 600519 貴州茅台 266,038,134 353,246,455 619,284,589 
2 601318 中國平安 175,892,264 253,538,240 429,430,504 
3 600887 伊利股份 197,717,544 142,726,665 340,444,209 
4 600276 恒瑞醫藥 147,178,049 166,936,426 314,114,475 
5 601888 中國國旅 194,832,896 94,757,122 289,590,018 
6 600585 海螺水泥 124,242,417 141,875,681 266,118,098 
7 601398 工商銀行 146,762,874 92,438,304 239,201,178 
8 600036 招商銀行 82,468,458 122,803,766 205,272,224 
9 600048 保利地產 92,211,922 60,106,463 152,318,385 
10 600019 寶鋼股份 73,044,768 62,081,088 135,125,856 

1 858 五糧液 281,174,172 489,844,255 771,018,427 
2 2415 海康威視 144,260,397 239,006,586 383,266,983 
3 333 美的集團 154,839,997 217,169,589 372,009,586 
4 651 格力電器 117,180,843 164,193,489 281,374,332 
5 2 萬科Ａ 128,385,971 71,293,435 199,679,406 
6 2304 洋河股份 76,424,233 76,319,872 152,744,105 
7 2008 大族激光 43,302,525 96,851,858 140,154,383 
8 725 京東方Ａ 77,412,686 54,678,130 132,090,816 
9 932 華菱鋼鐵 80,567,418 30,191,977 110,759,395 
10 2594 比亞迪 41,781,331 66,744,641 108,525,972 
