1 600519 貴州茅台 440,989,434 323,214,641 764,204,075 
2 600276 恒瑞醫藥 99,466,607 360,560,827 460,027,434 
3 601318 中國平安 254,196,675 130,928,862 385,125,537 
4 600887 伊利股份 229,074,806 64,155,375 293,230,181 
5 600585 海螺水泥 107,895,689 140,225,907 248,121,596 
6 600019 寶鋼股份 94,914,466 112,414,665 207,329,131 
7 601888 中國國旅 65,087,565 113,684,304 178,771,869 
8 603993 洛陽鉬業 49,127,756 110,298,911 159,426,667 
9 600028 中國石化 92,918,964 65,863,830 158,782,794 
10 600036 招商銀行 71,792,777 74,789,307 146,582,084 

1 333 美的集團 525,543,933 184,861,516 710,405,449 
2 858 五糧液 266,804,778 176,828,483 443,633,261 
3 2415 海康威視 95,698,876 330,730,218 426,429,094 
4 651 格力電器 189,957,461 101,504,792 291,462,253 
5 2304 洋河股份 126,982,377 72,365,181 199,347,558 
6 2027 分眾傳媒 98,100,585 44,069,020 142,169,605 
7 2 萬科Ａ 55,519,509 69,800,202 125,319,711 
8 538 雲南白藥 101,798,817 22,548,435 124,347,252 
9 725 京東方Ａ 76,193,942 45,672,149 121,866,091 
10 1 平安銀行 43,903,609 67,294,389 111,197,998 
