1 601318 中國平安 362,024,390 381,431,365 743,455,755 
2 600519 貴州茅台 403,718,056 140,018,831 543,736,887 
3 600887 伊利股份 195,186,121 240,131,267 435,317,388 
4 600276 恒瑞醫藥 142,008,262 203,932,455 345,940,717 
5 600036 招商銀行 101,902,974 201,924,819 303,827,793 
6 601888 中國國旅 108,693,025 67,170,236 175,863,261 
7 600585 海螺水泥 117,310,867 58,295,264 175,606,131 
8 600028 中國石化 105,894,151 53,533,212 159,427,363 
9 601336 新華保險 24,876,163 102,299,824 127,175,987 
10 600309 萬華化學 54,589,280 69,975,201 124,564,481 

1 858 五糧液 383,518,112 115,917,022 499,435,134 
2 333 美的集團 149,270,144 214,274,308 363,544,452 
3 651 格力電器 187,525,827 142,048,525 329,574,352 
4 2415 海康威視 129,473,089 101,990,437 231,463,526 
5 2304 洋河股份 169,669,757 50,849,787 220,519,544 
6 2027 分眾傳媒 89,752,381 82,545,735 172,298,116 
7 2 萬科Ａ 52,784,356 108,092,159 160,876,515 
8 1 平安銀行 64,174,794 61,873,154 126,047,948 
9 2236 大華股份 61,515,463 58,640,929 120,156,392 
10 2475 立訊精密 53,158,684 54,167,975 107,326,659 
