1 600276 恒瑞醫藥 204,968,716 922,028,389 1,126,997,105 
2 600519 貴州茅台 228,875,748 371,163,875 600,039,623 
3 600036 招商銀行 232,151,337 108,869,607 341,020,944 
4 601318 中國平安 124,221,583 110,808,232 235,029,815 
5 600585 海螺水泥 27,852,804 185,553,341 213,406,145 
6 600048 保利地產 126,174,923 28,535,540 154,710,463 
7 600030 中信證券 88,111,934 40,610,123 128,722,057 
8 600009 上海機場 46,784,642 76,884,882 123,669,524 
9 601888 中國國旅 63,046,778 58,242,594 121,289,372 
10 600887 伊利股份 70,301,393 50,507,654 120,809,047 

1 333 美的集團 78,995,522 398,548,119 477,543,641 
2 2415 海康威視 83,348,321 166,599,025 249,947,346 
3 858 五糧液 146,609,037 54,021,757 200,630,794 
4 2 萬科Ａ 113,165,350 53,840,615 167,005,965 
5 2304 洋河股份 108,013,922 54,023,866 162,037,788 
6 651 格力電器 67,623,254 52,850,890 120,474,144 
7 2294 信立泰 23,047,908 96,552,819 119,600,727 
8 2456 歐菲科技 12,520,191 92,953,539 105,473,730 
9 300347 泰格醫藥 59,687,146 39,223,032 98,910,178 
10 300015 愛爾眼科 32,689,696 59,978,708 92,668,404 
