1 601318 中國平安 356,753,371 549,155,703 905,909,074 
2 600276 恒瑞醫藥 275,635,588 321,374,013 597,009,601 
3 600519 貴州茅台 331,007,235 235,339,848 566,347,083 
4 600887 伊利股份 257,512,625 194,256,229 451,768,854 
5 600585 海螺水泥 242,078,032 106,334,065 348,412,097 
6 600036 招商銀行 154,793,334 164,709,226 319,502,560 
7 601888 中國國旅 132,213,585 97,015,354 229,228,939 
8 600019 寶鋼股份 115,297,211 56,917,116 172,214,327 
9 600309 萬華化學 81,323,568 80,242,415 161,565,983 
10 600031 三一重工 123,754,795 32,679,068 156,433,863 

1 2415 海康威視 300,217,292 231,079,942 531,297,234 
2 651 格力電器 157,737,124 372,186,054 529,923,178 
3 858 五糧液 179,153,404 181,166,694 360,320,098 
4 2027 分眾傳媒 263,320,236 90,805,378 354,125,614 
5 2304 洋河股份 82,782,105 200,714,068 283,496,173 
6 2236 大華股份 89,576,397 78,776,188 168,352,585 
7 300015 愛爾眼科 107,483,816 32,000,599 139,484,415 
8 2456 歐菲科技 35,799,102 83,232,249 119,031,351 
9 2 萬科Ａ 75,087,593 42,396,600 117,484,193 
10 1 平安銀行 68,592,719 47,647,321 116,240,040 
