1 600519 貴州茅台 334,303,645 334,788,261 669,091,906 
2 601318 中國平安 290,478,609 332,352,753 622,831,362 
3 600276 恒瑞醫藥 288,148,685 330,047,383 618,196,068 
4 600585 海螺水泥 281,185,353 178,666,267 459,851,620 
5 600887 伊利股份 125,288,433 140,786,130 266,074,563 
6 601888 中國國旅 138,506,883 123,728,220 262,235,103 
7 600690 青島海爾 147,011,332 73,717,353 220,728,685 
8 600019 寶鋼股份 98,039,083 91,206,239 189,245,322 
9 600009 上海機場 132,972,521 52,061,350 185,033,871 
10 601939 建設銀行 95,888,981 72,372,670 168,261,651 

1 333 美的集團 374,604,909 256,193,961 630,798,870 
2 2415 海康威視 255,852,225 225,020,737 480,872,962 
3 858 五糧液 168,526,314 205,783,735 374,310,049 
4 651 格力電器 130,568,053 210,264,904 340,832,957 
5 338 濰柴動力 196,071,311 118,229,973 314,301,284 
6 2304 洋河股份 98,479,064 80,304,457 178,783,521 
7 2236 大華股份 95,677,340 65,695,607 161,372,947 
8 636 風華高科 132,537,039 10,321,474 142,858,513 
9 2 萬科Ａ 59,609,383 76,606,579 136,215,962 
10 1 平安銀行 19,031,611 98,909,578 117,941,189 
