1 600276 恒瑞醫藥 640,490,407 511,362,341 1,151,852,748 
2 600519 貴州茅台 538,366,835 323,864,125 862,230,960 
3 600887 伊利股份 534,291,619 195,988,369 730,279,988 
4 601318 中國平安 309,408,256 165,242,894 474,651,150 
5 600009 上海機場 146,734,989 221,231,463 367,966,452 
6 601888 中國國旅 153,413,986 168,782,276 322,196,262 
7 600585 海螺水泥 178,541,619 138,441,522 316,983,141 
8 603993 洛陽鉬業 61,337,537 222,412,788 283,750,325 
9 600036 招商銀行 129,334,813 76,933,992 206,268,805 
10 600900 長江電力 56,355,759 104,515,840 160,871,599 

1 333 美的集團 991,405,469 297,145,031 1,288,550,500 
2 2415 海康威視 401,373,009 407,128,122 808,501,131 
3 651 格力電器 449,932,474 265,721,846 715,654,320 
4 858 五糧液 356,702,164 192,420,684 549,122,848 
5 2008 大族激光 200,621,147 190,131,372 390,752,519 
6 2 萬科Ａ 154,791,904 28,422,967 183,214,871 
7 2304 洋河股份 101,006,081 75,072,321 176,078,402 
8 568 瀘州老窖 71,568,368 90,242,085 161,810,453 
9 2007 華蘭生物 45,616,452 104,088,934 149,705,386 
10 2236 大華股份 65,880,947 75,885,866 141,766,813 
