1 600519 貴州茅台 585,205,823 407,606,515 992,812,338 
2 601318 中國平安 309,347,381 196,713,755 506,061,136 
3 600276 恒瑞醫藥 155,585,603 277,058,709 432,644,312 
4 600036 招商銀行 258,495,853 73,792,469 332,288,322 
5 600030 中信證券 129,673,314 122,373,534 252,046,848 
6 600585 海螺水泥 64,392,091 157,919,290 222,311,381 
7 600104 上汽集團 75,384,132 130,045,951 205,430,083 
8 601166 興業銀行 123,836,266 51,772,164 175,608,430 
9 600887 伊利股份 94,986,889 78,022,486 173,009,375 
10 601888 中國國旅 98,054,727 61,663,494 159,718,221 

1 651 格力電器 95,519,981 372,048,912 467,568,893 
2 2415 海康威視 257,860,707 205,139,071 462,999,778 
3 858 五糧液 118,844,500 200,453,137 319,297,637 
4 2304 洋河股份 105,346,627 150,016,660 255,363,287 
5 2 萬科Ａ 183,155,305 64,183,560 247,338,865 
6 333 美的集團 105,111,299 102,478,518 207,589,817 
7 538 雲南白藥 27,428,772 149,251,077 176,679,849 
8 2027 分眾傳媒 51,976,222 121,519,962 173,496,184 
9 63 中興通訊 32,920,301 92,547,613 125,467,914 
10 2594 比亞迪 22,336,976 100,108,551 122,445,527 
