1 600276 恒瑞醫藥 137,803,031 467,734,234 605,537,265 
2 600519 貴州茅台 125,243,888 438,785,078 564,028,966 
3 601318 中國平安 286,405,892 115,308,141 401,714,033 
4 600036 招商銀行 189,366,666 140,307,906 329,674,572 
5 600104 上汽集團 97,412,499 154,181,405 251,593,904 
6 600031 三一重工 76,765,383 73,943,171 150,708,554 
7 601668 中國建築 94,859,754 44,332,068 139,191,822 
8 600887 伊利股份 48,753,916 87,010,975 135,764,891 
9 600028 中國石化 35,786,113 88,949,663 124,735,776 
10 600690 青島海爾 86,826,948 32,201,152 119,028,100 

1 858 五糧液 180,549,745 160,004,391 340,554,136 
2 333 美的集團 98,315,326 153,044,786 251,360,112 
3 651 格力電器 73,871,742 122,222,682 196,094,424 
4 300003 樂普醫療 62,056,385 77,766,338 139,822,723 
5 2 萬科Ａ 63,507,571 73,540,569 137,048,140 
6 661 長春高新 49,383,222 67,861,569 117,244,791 
7 300146 湯臣倍健 77,237,485 30,955,506 108,192,991 
8 63 中興通訊 60,553,869 32,156,459 92,710,328 
9 2415 海康威視 38,119,777 50,904,375 89,024,152 
10 2353 傑瑞股份 38,831,197 48,702,657 87,533,854 
