1 600519 貴州茅台 295,614,690 641,141,125 936,755,815 
2 601318 中國平安 290,635,213 420,971,988 711,607,201 
3 600276 恒瑞醫藥 170,185,404 368,188,032 538,373,436 
4 600585 海螺水泥 188,262,046 178,660,267 366,922,313 
5 600028 中國石化 164,788,568 89,390,489 254,179,057 
6 600031 三一重工 166,064,442 65,412,811 231,477,253 
7 600019 寶鋼股份 94,719,670 127,013,544 221,733,214 
8 600887 伊利股份 80,067,988 129,545,616 209,613,604 
9 600036 招商銀行 58,783,155 117,774,045 176,557,200 
10 600050 中國聯通 69,183,488 82,707,776 151,891,264 

1 2415 海康威視 345,430,016 382,257,066 727,687,082 
2 858 五糧液 100,737,547 213,369,352 314,106,899 
3 2236 大華股份 161,769,700 93,179,035 254,948,735 
4 651 格力電器 97,767,943 122,478,885 220,246,828 
5 1 平安銀行 40,757,619 128,372,766 169,130,385 
6 2304 洋河股份 72,337,337 85,965,041 158,302,378 
7 2 萬科Ａ 37,402,745 113,597,183 150,999,928 
8 860 順鑫農業 97,854,878 18,894,371 116,749,249 
9 898 鞍鋼股份 61,078,455 40,664,101 101,742,556 
10 2027 分眾傳媒 41,464,002 44,517,983 85,981,985 
