1 600519 貴州茅台 359,752,655 384,127,647 743,880,302 
2 601318 中國平安 288,900,803 224,436,322 513,337,125 
3 600887 伊利股份 145,729,782 201,169,260 346,899,042 
4 600104 上汽集團 246,303,834 86,593,436 332,897,270 
5 600036 招商銀行 192,856,321 135,430,847 328,287,168 
6 603993 洛陽鉬業 301,218,242 22,086,353 323,304,595 
7 601166 興業銀行 158,075,857 141,827,366 299,903,223 
8 600276 恒瑞醫藥 163,527,379 120,726,163 284,253,542 
9 601398 工商銀行 209,086,694 47,749,169 256,835,863 
10 600690 青島海爾 161,456,733 52,914,438 214,371,171 

1 651 格力電器 370,617,263 359,096,242 729,713,505 
2 333 美的集團 204,606,472 305,465,897 510,072,369 
3 2415 海康威視 377,074,483 130,921,760 507,996,243 
4 858 五糧液 163,818,426 247,873,136 411,691,562 
5 2304 洋河股份 92,075,186 244,947,099 337,022,285 
6 725 京東方Ａ 163,738,782 142,402,525 306,141,307 
7 2008 大族激光 191,049,150 57,722,616 248,771,766 
8 2 萬科Ａ 97,300,358 88,065,932 185,366,290 
9 1 平安銀行 84,305,370 84,529,884 168,835,254 
10 2583 海能達 88,754,781 42,521,842 131,276,623 
