1 600519 貴州茅台 593,764,342 444,421,682 1,038,186,024 
2 601318 中國平安 237,141,464 179,890,195 417,031,659 
3 600887 伊利股份 268,620,118 133,035,092 401,655,210 
4 600276 恒瑞醫藥 168,935,165 222,380,670 391,315,835 
5 600585 海螺水泥 138,193,062 77,025,784 215,218,846 
6 601288 農業銀行 102,274,948 88,797,304 191,072,252 
7 600104 上汽集團 135,148,089 49,342,220 184,490,309 
8 601888 中國國旅 97,916,802 76,045,085 173,961,887 
9 601398 工商銀行 104,838,501 67,158,222 171,996,723 
10 600779 水井坊 139,859,091 22,955,881 162,814,972 

1 858 五糧液 577,459,404 125,014,256 702,473,660 
2 333 美的集團 313,128,716 182,295,495 495,424,211 
3 2415 海康威視 315,262,545 87,361,478 402,624,023 
4 651 格力電器 141,431,268 136,372,587 277,803,855 
5 2508 老闆電器 100,271,041 95,116,325 195,387,366 
6 568 瀘州老窖 60,253,581 132,978,657 193,232,238 
7 2304 洋河股份 94,574,021 91,428,762 186,002,783 
8 2008 大族激光 144,391,827 20,771,853 165,163,680 
9 2 萬科Ａ 99,705,793 60,913,970 160,619,763 
10 423 東阿阿膠 49,951,748 96,101,910 146,053,658 
