1 601318 中國平安 267,907,533 383,900,246 651,807,779 
2 600030 中信證券 233,554,371 332,823,275 566,377,646 
3 600276 恒瑞醫藥 279,784,949 283,214,905 562,999,854 
4 600519 貴州茅台 330,447,635 78,093,034 408,540,669 
5 600585 海螺水泥 121,175,559 193,594,098 314,769,657 
6 600036 招商銀行 245,353,802 68,620,601 313,974,403 
7 600887 伊利股份 161,616,223 146,644,339 308,260,562 
8 600028 中國石化 192,702,347 45,754,497 238,456,844 
9 600009 上海機場 88,695,841 126,238,599 214,934,440 
10 601288 農業銀行 92,716,261 66,047,694 158,763,955 

1 2415 海康威視 261,314,627 192,278,796 453,593,423 
2 333 美的集團 340,392,929 94,353,939 434,746,868 
3 2450 康得新 48,834,127 311,195,269 360,029,396 
4 2236 大華股份 153,187,458 91,745,393 244,932,851 
5 651 格力電器 139,855,548 62,550,720 202,406,268 
6 858 五糧液 122,446,081 55,950,944 178,397,025 
7 2 萬科Ａ 60,029,733 112,653,698 172,683,431 
8 2008 大族激光 124,435,916 31,392,327 155,828,243 
9 2304 洋河股份 79,431,730 70,602,088 150,033,818 
10 63 中興通訊 62,115,243 62,674,278 124,789,521 
