1 600519 貴州茅台 881,518,453 904,589,055 1,786,107,508 
2 601318 中國平安 579,024,227 527,782,476 1,106,806,703 
3 601398 工商銀行 244,442,514 279,436,202 523,878,716 
4 600036 招商銀行 300,665,767 187,277,585 487,943,352 
5 601166 興業銀行 230,820,335 245,658,837 476,479,172 
6 600019 寶鋼股份 155,634,867 280,332,771 435,967,638 
7 601939 建設銀行 202,179,186 132,442,123 334,621,309 
8 600048 保利地產 154,331,046 175,687,612 330,018,658 
9 601288 農業銀行 157,902,436 167,335,234 325,237,670 
10 600030 中信證券 188,255,862 129,087,546 317,343,408 

1 858 五糧液 675,661,274 384,302,146 1,059,963,420 
2 333 美的集團 451,400,076 503,883,904 955,283,980 
3 651 格力電器 558,125,939 304,525,783 862,651,722 
4 2415 海康威視 391,943,723 241,926,017 633,869,740 
5 1 平安銀行 215,314,309 265,165,090 480,479,399 
6 2304 洋河股份 325,018,817 46,413,834 371,432,651 
7 2 萬科Ａ 235,222,232 132,710,269 367,932,501 
8 725 京東方Ａ 125,123,015 149,144,428 274,267,443 
9 2236 大華股份 136,671,078 41,535,490 178,206,568 
10 1979 招商蛇口 106,461,860 62,602,205 169,064,065 
