1 600519 貴州茅台 252,992,001 859,413,290 1,112,405,291 
2 603993 洛陽鉬業 590,093,574 22,875,467 612,969,041 
3 601318 中國平安 138,283,288 410,844,387 549,127,675 
4 600585 海螺水泥 160,858,432 125,459,352 286,317,784 
5 600690 青島海爾 178,586,688 53,633,375 232,220,063 
6 600887 伊利股份 96,233,041 120,640,210 216,873,251 
7 600276 恒瑞醫藥 94,891,050 99,331,882 194,222,932 
8 601888 中國國旅 65,297,130 92,526,990 157,824,120 
9 601166 興業銀行 75,044,005 73,394,686 148,438,691 
10 601288 農業銀行 66,825,810 81,540,204 148,366,014 

1 651 格力電器 142,780,755 441,214,414 583,995,169 
2 2415 海康威視 302,663,375 224,171,106 526,834,481 
3 333 美的集團 349,213,265 169,994,544 519,207,809 
4 858 五糧液 171,818,613 182,266,568 354,085,181 
5 2304 洋河股份 49,746,819 179,437,472 229,184,291 
6 725 京東方Ａ 99,594,165 109,826,177 209,420,342 
7 2 萬科Ａ 119,914,967 75,730,893 195,645,860 
8 300136 信維通信 62,322,445 120,885,376 183,207,821 
9 2008 大族激光 83,598,737 67,675,456 151,274,193 
10 1 平安銀行 69,092,267 76,566,203 145,658,470 
