1 600519 貴州茅台 593,325,303 342,452,052 935,777,355 
2 600276 恒瑞醫藥 465,142,882 255,536,299 720,679,181 
3 600887 伊利股份 534,014,499 182,742,884 716,757,383 
4 601318 中國平安 411,817,887 271,103,593 682,921,480 
5 600585 海螺水泥 237,377,769 201,010,860 438,388,629 
6 601888 中國國旅 230,632,560 163,076,810 393,709,370 
7 600009 上海機場 157,924,459 184,031,127 341,955,586 
8 600031 三一重工 177,433,927 106,794,399 284,228,326 
9 600036 招商銀行 137,107,957 129,661,106 266,769,063 
10 601398 工商銀行 135,928,121 61,061,096 196,989,217 

1 333 美的集團 492,099,580 325,318,318 817,417,898 
2 858 五糧液 490,050,880 121,347,047 611,397,927 
3 651 格力電器 286,391,370 265,761,106 552,152,476 
4 2415 海康威視 153,848,023 285,268,590 439,116,613 
5 2304 洋河股份 155,743,012 218,025,275 373,768,287 
6 2027 分眾傳媒 131,390,116 83,192,159 214,582,275 
7 2 萬科Ａ 167,455,976 40,170,902 207,626,878 
8 2008 大族激光 61,267,529 68,417,367 129,684,896 
9 568 瀘州老窖 68,698,657 58,626,667 127,325,324 
10 725 京東方Ａ 74,784,565 52,468,341 127,252,906 
