1 601318 中國平安 351,117,283 187,919,660 539,036,943 
2 600036 招商銀行 200,703,387 176,228,676 376,932,063 
3 600519 貴州茅台 207,876,449 119,011,926 326,888,375 
4 600585 海螺水泥 110,824,324 107,984,720 218,809,044 
5 600276 恒瑞醫藥 93,565,439 74,042,821 167,608,260 
6 600028 中國石化 96,241,071 65,138,103 161,379,174 
7 600030 中信證券 66,653,644 79,057,077 145,710,721 
8 601888 中國國旅 109,351,520 35,863,369 145,214,889 
9 600887 伊利股份 74,339,550 48,124,082 122,463,632 
10 600900 長江電力 16,529,269 92,278,167 108,807,436 

1 2415 海康威視 147,038,574 190,649,316 337,687,890 
2 333 美的集團 147,937,428 135,162,125 283,099,553 
3 651 格力電器 115,009,859 163,048,296 278,058,155 
4 1 平安銀行 125,105,319 37,318,766 162,424,085 
5 538 雲南白藥 49,431,405 69,112,700 118,544,105 
6 2304 洋河股份 57,543,719 60,952,731 118,496,450 
7 2236 大華股份 41,386,791 67,791,826 109,178,617 
8 63 中興通訊 29,368,571 79,348,528 108,717,099 
9 858 五糧液 47,353,911 54,214,669 101,568,580 
10 2594 比亞迪 29,989,061 70,551,943 100,541,004 
