1 600519 貴州茅台 704,335,966 273,523,710 977,859,676 
2 600276 恒瑞醫藥 338,935,991 551,881,802 890,817,793 
3 601318 中國平安 568,397,929 82,555,159 650,953,088 
4 600585 海螺水泥 258,326,046 145,619,500 403,945,546 
5 600036 招商銀行 285,338,474 93,087,372 378,425,846 
6 600887 伊利股份 238,271,592 110,837,579 349,109,171 
7 600009 上海機場 143,373,725 199,716,764 343,090,489 
8 600900 長江電力 143,246,566 118,885,860 262,132,426 
9 600050 中國聯通 172,319,213 71,101,563 243,420,776 
10 601888 中國國旅 116,119,084 96,019,630 212,138,714 

1 858 五糧液 497,368,707 102,263,980 599,632,687 
2 333 美的集團 403,624,456 131,380,187 535,004,643 
3 2415 海康威視 270,394,471 223,341,461 493,735,932 
4 651 格力電器 296,804,378 140,971,748 437,776,126 
5 2027 分眾傳媒 192,634,468 101,789,471 294,423,939 
6 2008 大族激光 190,773,222 85,598,545 276,371,767 
7 2 萬科Ａ 170,576,110 61,009,520 231,585,630 
8 2304 洋河股份 157,321,464 64,081,082 221,402,546 
9 538 雲南白藥 138,547,618 75,548,284 214,095,902 
10 2007 華蘭生物 28,934,753 148,371,724 177,306,477 
