1 601318 中國平安 1,059,230,767 954,676,249 2,013,907,016 
2 600519 貴州茅台 901,508,557 747,094,245 1,648,602,802 
3 601166 興業銀行 187,754,135 430,643,425 618,397,560 
4 600887 伊利股份 151,339,966 419,904,817 571,244,783 
5 600276 恒瑞醫藥 188,613,256 371,180,534 559,793,790 
6 600030 中信證券 215,280,630 302,875,347 518,155,977 
7 600036 招商銀行 163,989,234 311,653,745 475,642,979 
8 600019 寶鋼股份 210,567,903 256,490,656 467,058,559 
9 600048 保利地產 175,744,838 258,085,706 433,830,544 
10 600028 中國石化 224,679,947 127,611,496 352,291,443 

1 858 五糧液 589,125,500 412,247,975 1,001,373,475 
2 333 美的集團 329,657,132 623,619,426 953,276,558 
3 651 格力電器 230,804,455 395,106,179 625,910,634 
4 2415 海康威視 236,601,969 356,539,033 593,141,002 
5 1 平安銀行 215,478,170 285,819,069 501,297,239 
6 2 萬科Ａ 275,737,401 214,750,864 490,488,265 
7 895 雙匯發展 333,190,179 27,560,705 360,750,884 
8 725 京東方Ａ 97,642,834 217,424,313 315,067,147 
9 2508 老闆電器 187,191,546 60,656,434 247,847,980 
10 1979 招商蛇口 97,929,091 132,238,146 230,167,237 
