1 600519 貴州茅台 513,188,470 1,204,263,554 1,717,452,024 
2 601318 中國平安 871,654,694 322,965,106 1,194,619,800 
3 600585 海螺水泥 260,547,428 355,047,645 615,595,073 
4 600276 恒瑞醫藥 283,462,655 274,387,711 557,850,366 
5 600036 招商銀行 331,299,861 144,332,499 475,632,360 
6 600887 伊利股份 255,716,011 206,735,259 462,451,270 
7 600019 寶鋼股份 298,432,991 93,107,627 391,540,618 
8 601888 中國國旅 97,460,756 259,647,902 357,108,658 
9 603993 洛陽鉬業 16,228,788 224,228,514 240,457,302 
10 600309 萬華化學 107,283,895 91,840,252 199,124,147 

1 333 美的集團 799,443,772 877,876,440 1,677,320,212 
2 2415 海康威視 322,658,311 588,643,297 911,301,608 
3 651 格力電器 435,031,537 404,731,859 839,763,396 
4 858 五糧液 315,853,768 341,314,490 657,168,258 
5 2304 洋河股份 212,042,690 220,445,629 432,488,319 
6 2 萬科Ａ 347,505,840 64,372,887 411,878,727 
7 1 平安銀行 291,759,149 66,784,075 358,543,224 
8 2008 大族激光 162,251,833 155,131,726 317,383,559 
9 2236 大華股份 66,158,407 138,347,357 204,505,764 
10 568 瀘州老窖 44,382,600 136,119,284 180,501,884 
