1 600519 貴州茅台 633,277,136 693,259,173 1,326,536,309 
2 601318 中國平安 520,447,353 311,064,120 831,511,473 
3 600276 恒瑞醫藥 256,556,862 410,060,195 666,617,057 
4 600585 海螺水泥 132,797,069 133,300,517 266,097,586 
5 601888 中國國旅 175,149,888 81,770,910 256,920,798 
6 600690 青島海爾 133,518,728 112,227,464 245,746,192 
7 600887 伊利股份 149,664,116 95,699,771 245,363,887 
8 600036 招商銀行 142,240,493 100,227,536 242,468,029 
9 600009 上海機場 146,932,039 58,279,610 205,211,649 
10 600104 上汽集團 120,565,112 60,804,056 181,369,168 

1 333 美的集團 446,296,665 345,168,085 791,464,750 
2 2415 海康威視 416,259,328 301,329,582 717,588,910 
3 651 格力電器 310,439,537 253,606,871 564,046,408 
4 858 五糧液 179,916,625 335,754,573 515,671,198 
5 2304 洋河股份 184,597,612 262,940,823 447,538,435 
6 2008 大族激光 83,390,783 206,340,560 289,731,343 
7 300347 泰格醫藥 79,744,744 108,786,851 188,531,595 
8 1 平安銀行 51,547,493 93,755,500 145,302,993 
9 568 瀘州老窖 59,431,858 79,211,497 138,643,355 
10 338 濰柴動力 22,255,213 100,044,861 122,300,074 
