1 600519 貴州茅台 545,796,229 158,042,253 703,838,482 
2 600585 海螺水泥 427,766,557 117,513,868 545,280,425 
3 601318 中國平安 312,423,121 166,677,084 479,100,205 
4 600276 恒瑞醫藥 275,957,341 176,578,528 452,535,869 
5 600887 伊利股份 322,556,342 108,281,616 430,837,958 
6 601888 中國國旅 169,658,535 96,366,771 266,025,306 
7 600036 招商銀行 178,582,525 39,217,047 217,799,572 
8 600690 青島海爾 64,895,124 118,750,450 183,645,574 
9 601006 大秦鐵路 107,404,185 66,725,286 174,129,471 
10 600009 上海機場 100,639,208 70,865,478 171,504,686 

1 2415 海康威視 292,961,614 437,814,797 730,776,411 
2 651 格力電器 259,956,093 106,248,383 366,204,476 
3 2027 分眾傳媒 322,585,440 35,831,627 358,417,067 
4 858 五糧液 156,335,047 69,017,572 225,352,619 
5 2304 洋河股份 130,829,968 46,220,590 177,050,558 
6 2 萬科Ａ 121,946,160 26,777,109 148,723,269 
7 1979 招商蛇口 95,387,567 35,239,392 130,626,959 
8 2594 比亞迪 46,104,642 72,287,119 118,391,761 
9 338 濰柴動力 101,699,429 12,111,479 113,810,908 
10 2456 歐菲科技 68,193,689 45,518,673 113,712,362 
