1 600519 貴州茅台 632,073,822 494,577,801 1,126,651,623 
2 600276 恒瑞醫藥 440,847,972 213,549,761 654,397,733 
3 600309 萬華化學 407,956,197 51,221,498 459,177,695 
4 600887 伊利股份 231,956,014 165,196,192 397,152,206 
5 601318 中國平安 168,941,193 204,345,996 373,287,189 
6 600690 青島海爾 163,818,476 83,291,513 247,109,989 
7 600019 寶鋼股份 174,236,756 53,578,816 227,815,572 
8 600585 海螺水泥 150,389,863 75,066,127 225,455,990 
9 603288 海天味業 111,113,878 66,550,333 177,664,211 
10 601012 隆基股份 66,376,920 82,891,808 149,268,728 

1 333 美的集團 370,131,727 88,814,164 458,945,891 
2 2415 海康威視 200,830,551 211,026,121 411,856,672 
3 858 五糧液 207,960,290 132,291,098 340,251,388 
4 651 格力電器 195,754,713 106,088,596 301,843,309 
5 2304 洋河股份 120,692,710 165,734,888 286,427,598 
6 2008 大族激光 180,686,270 38,442,365 219,128,635 
7 300347 泰格醫藥 173,931,313 36,092,267 210,023,580 
8 2 萬科Ａ 147,549,040 53,465,815 201,014,855 
9 300433 藍思科技 71,970,887 94,498,202 166,469,089 
10 568 瀘州老窖 128,606,699 35,310,902 163,917,601 
