1 601318 中國平安 264,944,028 438,962,303 703,906,331 
2 600519 貴州茅台 242,161,646 450,936,881 693,098,527 
3 600276 恒瑞醫藥 142,005,658 327,007,808 469,013,466 
4 600887 伊利股份 211,340,094 187,665,302 399,005,396 
5 601888 中國國旅 246,569,214 81,446,334 328,015,548 
6 600036 招商銀行 90,550,049 231,650,472 322,200,521 
7 601939 建設銀行 38,223,642 178,622,753 216,846,395 
8 600050 中國聯通 109,936,372 98,418,193 208,354,565 
9 600585 海螺水泥 93,174,723 55,495,267 148,669,990 
10 600019 寶鋼股份 61,840,116 85,293,564 147,133,680 

1 2415 海康威視 261,790,223 585,286,570 847,076,793 
2 858 五糧液 368,070,426 119,654,628 487,725,054 
3 651 格力電器 152,947,245 284,763,549 437,710,794 
4 2027 分眾傳媒 178,156,522 124,852,685 303,009,207 
5 333 美的集團 139,581,084 127,114,423 266,695,507 
6 2 萬科Ａ 174,249,421 92,387,381 266,636,802 
7 2304 洋河股份 137,876,521 120,814,052 258,690,573 
8 538 雲南白藥 89,621,595 60,865,509 150,487,104 
9 2236 大華股份 78,013,090 65,635,185 143,648,275 
10 2475 立訊精密 58,261,020 61,420,827 119,681,847 
