1 600519 貴州茅台 806,219,383 388,841,369 1,195,060,752 
2 600276 恒瑞醫藥 412,296,570 320,057,928 732,354,498 
3 601318 中國平安 439,491,700 194,537,245 634,028,945 
4 600887 伊利股份 292,971,390 210,849,618 503,821,008 
5 600585 海螺水泥 286,889,959 56,990,480 343,880,439 
6 603288 海天味業 156,611,209 173,518,998 330,130,207 
7 600019 寶鋼股份 224,645,543 80,725,677 305,371,220 
8 600309 萬華化學 197,280,220 47,051,166 244,331,386 
9 601888 中國國旅 103,157,669 121,444,784 224,602,453 
10 600690 青島海爾 170,225,142 38,105,661 208,330,803 

1 651 格力電器 591,527,706 85,973,176 677,500,882 
2 333 美的集團 445,486,221 44,334,039 489,820,260 
3 2415 海康威視 209,020,782 148,721,456 357,742,238 
4 858 五糧液 258,603,478 90,839,532 349,443,010 
5 2008 大族激光 253,482,932 68,546,466 322,029,398 
6 2304 洋河股份 201,301,689 86,220,535 287,522,224 
7 2 萬科Ａ 136,282,489 55,435,934 191,718,423 
8 1 平安銀行 121,977,667 46,666,325 168,643,992 
9 300015 愛爾眼科 115,033,465 32,814,997 147,848,462 
10 963 華東醫藥 59,796,520 85,750,187 145,546,707 
