1 601318 中國平安 1,231,062,668 324,399,600 1,555,462,268 
2 600519 貴州茅台 356,064,916 168,048,046 524,112,962 
3 601888 中國國旅 118,563,687 143,058,028 261,621,715 
4 600276 恒瑞醫藥 107,565,709 122,191,677 229,757,386 
5 600887 伊利股份 164,917,971 51,009,227 215,927,198 
6 600585 海螺水泥 118,878,175 84,097,856 202,976,031 
7 600048 保利地產 108,473,743 65,305,844 173,779,587 
8 600028 中國石化 141,895,603 12,356,862 154,252,465 
9 600779 水井坊 82,414,991 60,493,010 142,908,001 
10 600050 中國聯通 56,626,796 50,698,801 107,325,597 

1 651 格力電器 104,198,135 111,461,298 215,659,433 
2 2415 海康威視 97,881,012 116,863,217 214,744,229 
3 2 萬科Ａ 122,258,362 88,253,161 210,511,523 
4 333 美的集團 96,656,506 111,912,764 208,569,270 
5 2475 立訊精密 73,577,665 121,334,743 194,912,408 
6 2027 分眾傳媒 148,676,862 18,782,905 167,459,767 
7 858 五糧液 89,764,948 75,869,214 165,634,162 
8 1 平安銀行 107,950,684 53,091,477 161,042,161 
9 2236 大華股份 60,083,873 71,060,851 131,144,724 
10 2594 比亞迪 89,869,121 32,459,710 122,328,831 
