1 600519 貴州茅台 949,049,708 403,906,813 1,352,956,521 
2 600887 伊利股份 334,943,966 641,654,373 976,598,339 
3 601318 中國平安 473,038,302 283,833,169 756,871,471 
4 600276 恒瑞醫藥 173,119,644 223,952,040 397,071,684 
5 600585 海螺水泥 276,456,621 100,595,693 377,052,314 
6 601888 中國國旅 183,742,139 161,797,860 345,539,999 
7 600019 寶鋼股份 124,884,739 121,427,267 246,312,006 
8 600036 招商銀行 180,632,150 55,765,618 236,397,768 
9 600741 華域汽車 165,539,469 26,851,349 192,390,818 
10 600030 中信證券 113,017,793 65,016,466 178,034,259 

1 858 五糧液 1,026,970,129 106,954,247 1,133,924,376 
2 2415 海康威視 804,870,142 303,178,405 1,108,048,547 
3 651 格力電器 420,289,014 266,616,537 686,905,551 
4 333 美的集團 202,140,971 128,553,239 330,694,210 
5 2304 洋河股份 123,343,127 194,104,163 317,447,290 
6 2508 老闆電器 226,244,395 52,882,255 279,126,650 
7 2 萬科Ａ 228,372,661 45,904,759 274,277,420 
8 2008 大族激光 197,459,118 57,800,243 255,259,361 
9 423 東阿阿膠 9,880,529 169,345,918 179,226,447 
10 2027 分眾傳媒 121,442,194 54,154,303 175,596,497 
