1 601318 中國平安 155,018,781 265,013,148 420,031,929 
2 600276 恒瑞醫藥 210,639,183 193,443,215 404,082,398 
3 600030 中信證券 211,858,094 157,533,391 369,391,485 
4 600519 貴州茅台 129,516,737 141,896,406 271,413,143 
5 600028 中國石化 90,815,580 136,300,869 227,116,449 
6 600036 招商銀行 125,932,968 90,649,992 216,582,960 
7 601601 中國太保 58,822,391 93,414,141 152,236,532 
8 601888 中國國旅 62,468,779 65,550,437 128,019,216 
9 600019 寶鋼股份 23,498,836 103,274,815 126,773,651 
10 600029 南方航空 114,980,075 9,756,028 124,736,103 

1 333 美的集團 174,312,790 255,305,694 429,618,484 
2 2415 海康威視 137,442,227 133,797,914 271,240,141 
3 2 萬科Ａ 55,777,640 140,838,789 196,616,429 
4 651 格力電器 68,066,422 103,064,287 171,130,709 
5 2304 洋河股份 120,372,294 47,309,051 167,681,345 
6 1 平安銀行 77,783,243 51,015,497 128,798,740 
7 2236 大華股份 81,240,301 45,942,823 127,183,124 
8 858 五糧液 84,160,076 39,688,649 123,848,725 
9 2007 華蘭生物 65,728,708 48,134,110 113,862,818 
10 418 小天鵝Ａ 75,860,780 22,564,233 98,425,013 
