1 600519 貴州茅台 411,935,051 277,319,994 689,255,045 
2 601318 中國平安 194,564,624 212,052,472 406,617,096 
3 600585 海螺水泥 132,626,237 222,544,386 355,170,623 
4 600887 伊利股份 229,115,237 101,840,448 330,955,685 
5 600276 恒瑞醫藥 132,498,602 171,149,425 303,648,027 
6 600009 上海機場 32,222,585 186,437,853 218,660,438 
7 600104 上汽集團 93,162,493 88,857,118 182,019,611 
8 601888 中國國旅 63,537,359 102,356,265 165,893,624 
9 600036 招商銀行 46,943,321 118,734,297 165,677,618 
10 600309 萬華化學 45,960,588 111,234,299 157,194,887 

1 333 美的集團 304,978,470 191,591,929 496,570,399 
2 858 五糧液 185,837,818 195,356,666 381,194,484 
3 2415 海康威視 89,412,187 190,009,580 279,421,767 
4 2 萬科Ａ 121,529,856 79,271,988 200,801,844 
5 2027 分眾傳媒 155,066,479 39,589,498 194,655,977 
6 651 格力電器 62,702,638 123,220,964 185,923,602 
7 2304 洋河股份 51,579,201 127,414,771 178,993,972 
8 538 雲南白藥 123,723,708 16,552,467 140,276,175 
9 725 京東方Ａ 67,243,454 68,531,480 135,774,934 
10 636 風華高科 45,324,803 72,209,154 117,533,957 
