1 601318 中國平安 477,788,247 393,831,057 871,619,304 
2 600519 貴州茅台 394,778,951 337,803,712 732,582,663 
3 600019 寶鋼股份 280,890,663 148,776,893 429,667,556 
4 600276 恒瑞醫藥 273,333,685 78,588,629 351,922,314 
5 600030 中信證券 203,985,211 136,467,859 340,453,070 
6 600887 伊利股份 197,736,674 142,266,170 340,002,844 
7 601166 興業銀行 185,545,338 124,125,077 309,670,415 
8 601668 中國建築 152,185,593 152,675,727 304,861,320 
9 601288 農業銀行 241,618,110 46,292,967 287,911,077 
10 601398 工商銀行 160,614,073 123,264,184 283,878,257 

1 651 格力電器 200,723,258 525,003,183 725,726,441 
2 333 美的集團 246,189,919 119,950,602 366,140,521 
3 858 五糧液 209,096,867 95,452,570 304,549,437 
4 725 京東方Ａ 136,075,593 131,984,165 268,059,758 
5 2415 海康威視 132,887,869 121,218,998 254,106,867 
6 2 萬科Ａ 166,750,550 78,471,253 245,221,803 
7 1 平安銀行 156,881,621 66,547,762 223,429,383 
8 2008 大族激光 102,385,390 48,636,086 151,021,476 
9 2304 洋河股份 95,603,692 23,796,020 119,399,712 
10 776 廣發證券 66,235,986 52,306,367 118,542,353 
