1 600519 貴州茅台 1,468,186,519 462,608,454 1,930,794,973 
2 601318 中國平安 1,303,039,491 139,091,965 1,442,131,456 
3 600036 招商銀行 643,666,617 59,224,316 702,890,933 
4 600276 恒瑞醫藥 351,840,994 228,032,347 579,873,341 
5 600887 伊利股份 390,733,028 130,770,208 521,503,236 
6 600030 中信證券 373,650,108 91,473,931 465,124,039 
7 600690 青島海爾 419,052,312 32,752,543 451,804,855 
8 601398 工商銀行 310,619,156 80,020,122 390,639,278 
9 600585 海螺水泥 278,982,804 64,317,973 343,300,777 
10 600048 保利地產 237,487,336 101,127,169 338,614,505 

1 2415 海康威視 1,031,302,468 434,397,933 1,465,700,401 
2 333 美的集團 608,570,310 431,502,977 1,040,073,287 
3 858 五糧液 532,890,357 140,499,579 673,389,936 
4 2304 洋河股份 139,469,067 307,040,365 446,509,432 
5 2236 大華股份 157,113,619 288,962,016 446,075,635 
6 651 格力電器 336,487,889 99,167,688 435,655,577 
7 2027 分眾傳媒 182,341,354 228,525,065 410,866,419 
8 2 萬科Ａ 234,704,303 134,375,099 369,079,402 
9 1 平安銀行 197,872,426 46,928,668 244,801,094 
10 2008 大族激光 202,270,720 26,703,659 228,974,379 
