1 600519 貴州茅台 750,053,442 321,230,688 1,071,284,130 
2 601318 中國平安 245,762,826 299,340,499 545,103,325 
3 600887 伊利股份 170,873,969 280,871,555 451,745,524 
4 600276 恒瑞醫藥 172,681,284 119,140,133 291,821,417 
5 600585 海螺水泥 123,673,220 113,734,867 237,408,087 
6 600104 上汽集團 153,182,979 44,330,807 197,513,786 
7 600048 保利地產 125,496,219 38,860,812 164,357,031 
8 601288 農業銀行 64,816,790 98,481,478 163,298,268 
9 600690 青島海爾 59,179,227 94,286,847 153,466,074 
10 601888 中國國旅 62,279,086 88,539,768 150,818,854 

1 333 美的集團 241,178,748 397,967,315 639,146,063 
2 651 格力電器 344,010,638 220,424,809 564,435,447 
3 858 五糧液 272,542,581 118,015,231 390,557,812 
4 2415 海康威視 192,570,828 93,362,799 285,933,627 
5 2304 洋河股份 107,206,381 130,201,879 237,408,260 
6 2 萬科Ａ 100,271,514 129,933,978 230,205,492 
7 2027 分眾傳媒 79,631,939 125,843,924 205,475,863 
8 538 雲南白藥 27,035,642 139,116,018 166,151,660 
9 2508 老闆電器 115,115,375 19,452,290 134,567,665 
10 725 京東方Ａ 65,681,100 66,797,421 132,478,521 
