1 600519 貴州茅台 488,756,799 347,993,758 836,750,557 
2 601318 中國平安 470,552,521 262,818,182 733,370,703 
3 600585 海螺水泥 546,433,295 118,248,996 664,682,291 
4 600887 伊利股份 204,024,394 298,507,494 502,531,888 
5 600276 恒瑞醫藥 267,648,699 147,577,440 415,226,139 
6 600028 中國石化 138,417,650 167,541,196 305,958,846 
7 600690 青島海爾 124,504,131 111,751,887 236,256,018 
8 600104 上汽集團 165,693,416 53,044,248 218,737,664 
9 600009 上海機場 38,811,402 178,127,190 216,938,592 
10 600036 招商銀行 134,812,954 55,552,956 190,365,910 

1 858 五糧液 400,227,492 207,964,767 608,192,259 
2 2415 海康威視 219,241,305 310,432,458 529,673,763 
3 333 美的集團 256,296,204 88,524,062 344,820,266 
4 651 格力電器 140,945,515 155,147,072 296,092,587 
5 2027 分眾傳媒 224,513,241 70,272,716 294,785,957 
6 2236 大華股份 213,197,896 32,381,400 245,579,296 
7 2 萬科Ａ 95,990,326 95,089,992 191,080,318 
8 300003 樂普醫療 137,258,586 45,387,272 182,645,858 
9 2304 洋河股份 98,567,828 58,392,879 156,960,707 
10 538 雲南白藥 90,066,890 50,238,065 140,304,955 
