1 600519 貴州茅台 804,135,796 532,261,436 1,336,397,232 
2 601888 中國國旅 259,355,617 234,613,804 493,969,421 
3 600887 伊利股份 331,685,757 135,973,834 467,659,591 
4 601318 中國平安 246,991,237 118,751,655 365,742,892 
5 600585 海螺水泥 139,422,590 127,831,979 267,254,569 
6 600276 恒瑞醫藥 99,550,475 127,636,376 227,186,851 
7 600028 中國石化 124,958,300 69,361,414 194,319,714 
8 600030 中信證券 102,788,352 62,905,120 165,693,472 
9 600009 上海機場 94,846,202 62,102,426 156,948,628 
10 601601 中國太保 81,324,643 61,227,628 142,552,271 

1 333 美的集團 399,832,963 155,716,836 555,549,799 
2 858 五糧液 329,627,994 161,662,960 491,290,954 
3 651 格力電器 300,401,614 156,239,532 456,641,146 
4 2304 洋河股份 136,880,227 120,380,477 257,260,704 
5 1 平安銀行 80,035,637 142,681,107 222,716,744 
6 2415 海康威視 84,197,982 135,437,152 219,635,134 
7 2027 分眾傳媒 121,070,421 97,691,600 218,762,021 
8 2 萬科Ａ 124,415,764 71,942,052 196,357,816 
9 2008 大族激光 83,348,577 70,469,530 153,818,107 
10 2572 索菲亞 52,063,015 94,648,292 146,711,307 
