1 601318 中國平安 502,492,218 318,430,775 820,922,993 
2 600519 貴州茅台 456,843,476 209,219,612 666,063,088 
3 600887 伊利股份 358,486,277 210,684,347 569,170,624 
4 600276 恒瑞醫藥 181,646,327 179,167,036 360,813,363 
5 600030 中信證券 120,404,528 163,046,170 283,450,698 
6 600036 招商銀行 147,021,830 124,680,181 271,702,011 
7 600585 海螺水泥 171,278,534 98,526,011 269,804,545 
8 600019 寶鋼股份 158,946,137 85,205,527 244,151,664 
9 600048 保利地產 119,830,022 89,532,033 209,362,055 
10 600050 中國聯通 130,790,452 76,919,676 207,710,128 

1 2415 海康威視 328,793,350 342,288,565 671,081,915 
2 858 五糧液 358,594,165 250,808,697 609,402,862 
3 651 格力電器 241,210,229 334,641,442 575,851,671 
4 333 美的集團 236,794,689 177,458,166 414,252,855 
5 2 萬科Ａ 167,344,054 56,876,792 224,220,846 
6 1 平安銀行 123,682,436 97,457,883 221,140,319 
7 2027 分眾傳媒 132,976,852 75,240,086 208,216,938 
8 725 京東方Ａ 73,598,270 125,649,773 199,248,043 
9 2008 大族激光 64,949,839 105,819,058 170,768,897 
10 300059 東方財富 110,558,985 27,282,704 137,841,689 
