1 601318 中國平安 302,588,118 644,800,465 947,388,583 
2 600519 貴州茅台 508,157,432 230,384,298 738,541,730 
3 600276 恒瑞醫藥 388,747,355 170,701,568 559,448,923 
4 600887 伊利股份 194,606,344 280,670,534 475,276,878 
5 600030 中信證券 154,796,862 89,552,827 244,349,689 
6 601888 中國國旅 147,291,929 57,951,292 205,243,221 
7 600036 招商銀行 102,201,105 98,736,732 200,937,837 
8 600779 水井坊 135,641,081 48,047,606 183,688,687 
9 601166 興業銀行 59,971,995 89,350,569 149,322,564 
10 600585 海螺水泥 97,919,210 39,303,109 137,222,319 

1 651 格力電器 262,267,017 355,177,088 617,444,105 
2 2415 海康威視 302,097,380 202,894,905 504,992,285 
3 333 美的集團 147,414,872 335,433,897 482,848,769 
4 858 五糧液 143,087,406 166,844,250 309,931,656 
5 725 京東方Ａ 82,781,565 105,456,267 188,237,832 
6 1 平安銀行 78,170,241 83,005,447 161,175,688 
7 300059 東方財富 64,223,061 89,222,486 153,445,547 
8 2 萬科Ａ 100,418,781 27,990,548 128,409,329 
9 2304 洋河股份 42,209,444 73,241,349 115,450,793 
10 895 雙匯發展 100,603,046 12,411,998 113,015,044 
