1 601318 中國平安 612,459,012 144,899,046 757,358,058 
2 600519 貴州茅台 254,464,347 148,108,557 402,572,904 
3 600276 恒瑞醫藥 191,903,706 183,515,326 375,419,032 
4 600019 寶鋼股份 254,105,129 77,042,643 331,147,772 
5 600036 招商銀行 191,684,624 58,991,920 250,676,544 
6 600585 海螺水泥 148,578,718 61,518,648 210,097,366 
7 600887 伊利股份 154,023,962 50,855,911 204,879,873 
8 600009 上海機場 87,597,926 83,365,933 170,963,859 
9 600309 萬華化學 79,087,055 82,252,208 161,339,263 
10 601336 新華保險 135,788,632 16,103,186 151,891,818 

1 858 五糧液 200,736,992 161,292,983 362,029,975 
2 333 美的集團 188,840,790 142,515,361 331,356,151 
3 2415 海康威視 126,329,090 179,339,913 305,669,003 
4 651 格力電器 228,715,902 59,637,505 288,353,407 
5 2 萬科Ａ 219,241,433 32,100,685 251,342,118 
6 2008 大族激光 53,075,954 173,630,403 226,706,357 
7 300347 泰格醫藥 140,232,598 65,427,791 205,660,389 
8 2304 洋河股份 87,821,033 70,337,325 158,158,358 
9 568 瀘州老窖 40,824,288 84,784,370 125,608,658 
10 636 風華高科 48,393,839 73,938,081 122,331,920 
