1 600519 貴州茅台 1,507,394,372 1,021,041,758 2,528,436,130 
2 601318 中國平安 619,344,567 1,334,324,461 1,953,669,028 
3 600276 恒瑞醫藥 419,816,899 929,008,497 1,348,825,396 
4 600887 伊利股份 401,689,140 263,338,707 665,027,847 
5 600585 海螺水泥 288,448,659 318,221,781 606,670,440 
6 600036 招商銀行 315,943,434 177,956,567 493,900,001 
7 600028 中國石化 256,228,576 190,373,532 446,602,108 
8 600019 寶鋼股份 223,262,540 141,099,007 364,361,547 
9 600104 上汽集團 311,751,330 49,814,693 361,566,023 
10 603288 海天味業 257,323,022 87,493,064 344,816,086 

1 2415 海康威視 272,640,295 1,137,702,078 1,410,342,373 
2 858 五糧液 514,734,266 241,658,619 756,392,885 
3 651 格力電器 284,654,948 235,881,695 520,536,643 
4 2027 分眾傳媒 427,676,810 66,262,310 493,939,120 
5 2304 洋河股份 241,247,239 213,221,246 454,468,485 
6 568 瀘州老窖 117,056,722 271,328,220 388,384,942 
7 2 萬科Ａ 149,253,394 178,041,955 327,295,349 
8 1 平安銀行 56,299,408 171,411,324 227,710,732 
9 2594 比亞迪 151,764,143 71,206,359 222,970,502 
10 338 濰柴動力 145,728,571 20,415,323 166,143,894 
