1 601318 中國平安 702,634,337 318,116,602 1,020,750,939 
2 600519 貴州茅台 388,574,907 542,367,626 930,942,533 
3 600276 恒瑞醫藥 397,970,664 412,337,050 810,307,714 
4 600887 伊利股份 336,279,450 76,841,685 413,121,135 
5 600036 招商銀行 325,937,115 83,087,896 409,025,011 
6 601888 中國國旅 171,965,446 111,494,292 283,459,738 
7 600690 青島海爾 153,755,282 101,126,381 254,881,663 
8 600585 海螺水泥 110,976,341 124,285,726 235,262,067 
9 600104 上汽集團 161,927,027 48,996,268 210,923,295 
10 600779 水井坊 116,957,786 67,339,339 184,297,125 

1 333 美的集團 634,001,114 240,952,385 874,953,499 
2 858 五糧液 224,544,431 447,466,943 672,011,374 
3 651 格力電器 333,147,400 228,080,631 561,228,031 
4 2415 海康威視 336,770,837 193,301,714 530,072,551 
5 2008 大族激光 59,700,998 197,263,845 256,964,843 
6 1 平安銀行 66,868,943 106,720,435 173,589,378 
7 2027 分眾傳媒 146,713,494 21,755,128 168,468,622 
8 2304 洋河股份 63,017,506 101,365,426 164,382,932 
9 300015 愛爾眼科 105,520,648 36,874,054 142,394,702 
10 568 瀘州老窖 69,607,285 71,096,673 140,703,958 
