1 600276 恒瑞醫藥 688,428,207 621,333,144 1,309,761,351 
2 600519 貴州茅台 702,045,425 456,992,837 1,159,038,262 
3 601318 中國平安 713,124,110 340,716,366 1,053,840,476 
4 600887 伊利股份 402,010,760 202,331,395 604,342,155 
5 600585 海螺水泥 319,779,996 141,597,708 461,377,704 
6 600036 招商銀行 187,188,478 89,232,444 276,420,922 
7 600030 中信證券 119,350,556 121,940,274 241,290,830 
8 601888 中國國旅 112,350,381 97,812,087 210,162,468 
9 600690 青島海爾 101,294,612 98,958,479 200,253,091 
10 600104 上汽集團 126,273,683 60,182,264 186,455,947 

1 858 五糧液 506,370,487 305,613,843 811,984,330 
2 2415 海康威視 453,925,186 333,946,150 787,871,336 
3 333 美的集團 357,980,859 265,457,691 623,438,550 
4 651 格力電器 365,786,809 144,965,624 510,752,433 
5 2236 大華股份 144,077,933 86,748,533 230,826,466 
6 300015 愛爾眼科 122,000,077 79,489,152 201,489,229 
7 2 萬科Ａ 157,390,606 43,573,239 200,963,845 
8 1 平安銀行 89,538,775 97,224,993 186,763,768 
9 338 濰柴動力 97,578,235 61,616,070 159,194,305 
10 2008 大族激光 67,648,377 86,806,138 154,454,515 
