1 600276 恒瑞醫藥 373,145,632 321,561,100 694,706,732 
2 600519 貴州茅台 397,349,867 271,352,146 668,702,013 
3 601318 中國平安 340,274,624 174,986,970 515,261,594 
4 601888 中國國旅 157,321,637 291,595,766 448,917,403 
5 600887 伊利股份 102,839,357 97,292,046 200,131,403 
6 600309 萬華化學 84,159,786 95,303,773 179,463,559 
7 600585 海螺水泥 57,605,159 117,999,803 175,604,962 
8 601601 中國太保 70,696,819 99,926,601 170,623,420 
9 600741 華域汽車 39,054,725 107,912,998 146,967,723 
10 600690 青島海爾 61,394,441 80,284,201 141,678,642 

1 651 格力電器 120,562,061 246,174,722 366,736,783 
2 333 美的集團 165,846,323 151,095,322 316,941,645 
3 858 五糧液 153,451,872 61,424,221 214,876,093 
4 2415 海康威視 77,728,689 106,688,901 184,417,590 
5 2304 洋河股份 44,976,845 115,983,811 160,960,656 
6 300347 泰格醫藥 104,670,771 46,669,119 151,339,890 
7 2027 分眾傳媒 57,996,410 68,206,077 126,202,487 
8 636 風華高科 43,408,362 80,695,509 124,103,871 
9 2 萬科Ａ 59,661,996 53,906,565 113,568,561 
10 300124 匯川技術 9,040,006 83,508,227 92,548,233 
