1 600519 貴州茅台 321,291,847 138,451,225 459,743,072 
2 601318 中國平安 289,108,382 102,614,295 391,722,677 
3 600887 伊利股份 221,999,624 72,150,834 294,150,458 
4 600276 恒瑞醫藥 175,942,656 88,120,911 264,063,567 
5 600298 安琪酵母 130,649,865 96,938,569 227,588,434 
6 600066 宇通客車 132,624,755 74,591,440 207,216,195 
7 600036 招商銀行 161,036,195 24,053,813 185,090,008 
8 600030 中信證券 124,488,780 50,366,422 174,855,202 
9 600028 中國石化 105,753,635 46,604,663 152,358,298 
10 600585 海螺水泥 109,164,957 37,607,152 146,772,109 

1 858 五糧液 369,780,009 87,987,690 457,767,699 
2 333 美的集團 227,661,592 143,107,755 370,769,347 
3 651 格力電器 223,013,433 117,270,480 340,283,913 
4 2415 海康威視 85,289,674 66,541,391 151,831,065 
5 2 萬科Ａ 84,087,735 54,319,503 138,407,238 
6 661 長春高新 99,559,354 22,018,865 121,578,219 
7 2304 洋河股份 81,764,556 29,551,649 111,316,205 
8 2466 天齊鋰業 101,285,024 9,450,546 110,735,570 
9 2074 國軒高科 5,668,763 95,383,207 101,051,970 
10 725 京東方Ａ 59,871,563 38,849,165 98,720,728 
