1 600519 貴州茅台 245,679,844 316,926,664 562,606,508 
2 600276 恒瑞醫藥 226,215,074 282,203,755 508,418,829 
3 601318 中國平安 223,069,897 206,529,629 429,599,526 
4 600887 伊利股份 146,129,625 193,310,058 339,439,683 
5 601888 中國國旅 218,512,043 95,568,208 314,080,251 
6 600585 海螺水泥 157,846,025 153,224,658 311,070,683 
7 600036 招商銀行 77,352,520 94,231,116 171,583,636 
8 601398 工商銀行 111,271,003 59,221,502 170,492,505 
9 600048 保利地產 48,104,868 115,139,795 163,244,663 
10 600900 長江電力 82,031,851 62,160,718 144,192,569 

1 858 五糧液 264,221,390 356,415,083 620,636,473 
2 333 美的集團 181,573,039 395,540,231 577,113,270 
3 2415 海康威視 176,649,368 215,236,576 391,885,944 
4 2304 洋河股份 85,701,881 159,835,062 245,536,943 
5 2008 大族激光 153,106,515 36,789,238 189,895,753 
6 651 格力電器 70,904,476 108,671,294 179,575,770 
7 2456 歐菲科技 87,510,135 79,822,814 167,332,949 
8 2 萬科Ａ 84,831,842 81,314,418 166,146,260 
9 725 京東方Ａ 52,978,119 82,213,187 135,191,306 
10 932 華菱鋼鐵 59,403,199 63,490,734 122,893,933 
