1 600519 貴州茅台 930,352,324 208,824,120 1,139,176,444 
2 601318 中國平安 647,443,134 125,636,253 773,079,387 
3 600276 恒瑞醫藥 360,158,224 53,894,092 414,052,316 
4 600887 伊利股份 213,243,585 117,097,907 330,341,492 
5 600036 招商銀行 238,752,278 26,354,671 265,106,949 
6 600030 中信證券 125,443,073 124,589,621 250,032,694 
7 600019 寶鋼股份 191,558,487 55,281,860 246,840,347 
8 601888 中國國旅 177,227,970 57,701,388 234,929,358 
9 600104 上汽集團 95,082,636 130,443,160 225,525,796 
10 600585 海螺水泥 191,257,407 22,579,243 213,836,650 

1 333 美的集團 686,091,755 98,547,098 784,638,853 
2 858 五糧液 616,536,952 95,357,617 711,894,569 
3 651 格力電器 493,265,490 213,037,395 706,302,885 
4 2415 海康威視 374,825,563 239,735,828 614,561,391 
5 725 京東方Ａ 58,960,103 204,191,813 263,151,916 
6 2008 大族激光 183,983,817 33,584,214 217,568,031 
7 2027 分眾傳媒 78,974,148 128,742,089 207,716,237 
8 2 萬科Ａ 131,323,971 36,040,090 167,364,061 
9 2304 洋河股份 81,332,379 71,730,686 153,063,065 
10 568 瀘州老窖 96,467,442 49,379,737 145,847,179 
