1 601318 中國平安 706,091,768 221,738,649 927,830,417 
2 600519 貴州茅台 520,895,168 106,717,094 627,612,262 
3 600036 招商銀行 512,437,235 36,574,087 549,011,322 
4 600585 海螺水泥 444,368,193 42,723,472 487,091,665 
5 600030 中信證券 253,480,768 147,379,155 400,859,923 
6 600276 恒瑞醫藥 290,947,787 60,859,733 351,807,520 
7 600887 伊利股份 83,882,592 105,279,861 189,162,453 
8 601888 中國國旅 120,795,558 60,501,853 181,297,411 
9 601688 華泰證券 42,568,628 95,110,036 137,678,664 
10 600016 民生銀行 89,773,968 45,350,305 135,124,273 

1 333 美的集團 213,495,943 225,933,808 439,429,751 
2 2 萬科Ａ 264,026,156 128,939,974 392,966,130 
3 2415 海康威視 176,034,247 151,896,286 327,930,533 
4 858 五糧液 206,817,352 66,613,708 273,431,060 
5 651 格力電器 148,339,098 108,859,138 257,198,236 
6 2304 洋河股份 152,430,839 67,209,260 219,640,099 
7 2027 分眾傳媒 62,122,606 110,965,536 173,088,142 
8 63 中興通訊 122,363,757 35,307,907 157,671,664 
9 300146 湯臣倍健 103,205,590 23,138,778 126,344,368 
10 300122 智飛生物 76,563,231 37,875,192 114,438,423 
