1 600519 貴州茅台 274,682,413 193,680,314 468,362,727 
2 601318 中國平安 320,513,973 126,818,470 447,332,443 
3 600009 上海機場 219,603,677 76,003,742 295,607,419 
4 600276 恒瑞醫藥 211,077,747 54,927,931 266,005,678 
5 600887 伊利股份 192,947,659 64,816,630 257,764,289 
6 600030 中信證券 117,913,577 130,913,345 248,826,922 
7 600406 國電南瑞 137,635,822 90,642,724 228,278,546 
8 600036 招商銀行 170,185,429 25,601,289 195,786,718 
9 601888 中國國旅 58,623,955 136,675,778 195,299,733 
10 600048 保利地產 91,515,317 90,981,430 182,496,747 

1 858 五糧液 277,423,766 406,221,118 683,644,884 
2 2415 海康威視 198,380,072 238,662,567 437,042,639 
3 333 美的集團 209,172,741 111,075,944 320,248,685 
4 2008 大族激光 292,504,715 19,896,578 312,401,293 
5 651 格力電器 169,746,318 122,116,470 291,862,788 
6 2 萬科Ａ 192,397,843 91,316,624 283,714,467 
7 725 京東方Ａ 94,053,553 74,706,116 168,759,669 
8 2236 大華股份 98,418,094 41,446,637 139,864,731 
9 2027 分眾傳媒 78,804,219 34,596,389 113,400,608 
10 300059 東方財富 17,336,313 94,501,910 111,838,223 
