1 600276 恒瑞醫藥 213,457,352 501,845,577 715,302,929 
2 600519 貴州茅台 217,503,902 306,449,357 523,953,259 
3 601318 中國平安 276,323,570 246,744,311 523,067,881 
4 600009 上海機場 190,643,400 110,450,809 301,094,209 
5 600585 海螺水泥 131,077,439 151,309,893 282,387,332 
6 600887 伊利股份 140,360,284 106,316,054 246,676,338 
7 601939 建設銀行 70,693,976 117,707,690 188,401,666 
8 600036 招商銀行 90,001,209 90,379,590 180,380,799 
9 600690 青島海爾 72,105,298 85,860,250 157,965,548 
10 601398 工商銀行 64,716,184 81,576,286 146,292,470 

1 2415 海康威視 228,060,748 349,247,170 577,307,918 
2 858 五糧液 236,662,012 202,324,260 438,986,272 
3 333 美的集團 237,513,633 195,124,443 432,638,076 
4 651 格力電器 131,473,884 236,185,640 367,659,524 
5 786 北新建材 174,106,810 41,623,979 215,730,789 
6 636 風華高科 87,688,638 54,682,553 142,371,191 
7 2 萬科Ａ 36,572,107 99,191,791 135,763,898 
8 1 平安銀行 41,342,556 89,501,239 130,843,795 
9 2304 洋河股份 79,255,419 44,054,385 123,309,804 
10 2466 天齊鋰業 45,588,807 62,531,258 108,120,065 
