1 601318 中國平安 293,906,249 229,709,666 523,615,915 
2 600519 貴州茅台 144,644,047 114,954,695 259,598,742 
3 600030 中信證券 151,139,262 103,886,122 255,025,384 
4 600276 恒瑞醫藥 113,587,570 108,781,816 222,369,386 
5 600036 招商銀行 88,062,169 123,522,902 211,585,071 
6 600585 海螺水泥 57,792,073 133,882,466 191,674,539 
7 600048 保利地產 62,762,502 78,814,380 141,576,882 
8 600029 南方航空 125,078,857 8,593,327 133,672,184 
9 600887 伊利股份 77,002,834 55,068,379 132,071,213 
10 600019 寶鋼股份 21,175,260 98,993,717 120,168,977 

1 538 雲南白藥 214,767,433 375,214,936 589,982,369 
2 2415 海康威視 263,057,477 208,857,621 471,915,098 
3 333 美的集團 74,123,001 255,768,193 329,891,194 
4 2 萬科Ａ 60,138,403 133,989,880 194,128,283 
5 2236 大華股份 131,047,474 54,628,382 185,675,856 
6 651 格力電器 42,961,525 112,275,238 155,236,763 
7 858 五糧液 93,458,181 59,467,061 152,925,242 
8 2304 洋河股份 78,755,169 34,587,355 113,342,524 
9 2007 華蘭生物 56,979,839 41,716,483 98,696,322 
10 725 京東方Ａ 18,180,556 76,580,619 94,761,175 
