1 600519 貴州茅台 321,081,399 364,045,575 685,126,974 
2 601318 中國平安 291,706,864 169,260,752 460,967,616 
3 600887 伊利股份 116,495,387 137,038,829 253,534,216 
4 600276 恒瑞醫藥 117,379,293 100,196,677 217,575,970 
5 601398 工商銀行 114,521,439 66,782,498 181,303,937 
6 600048 保利地產 96,815,888 62,874,765 159,690,653 
7 600030 中信證券 88,103,959 56,361,636 144,465,595 
8 600036 招商銀行 66,690,541 63,148,021 129,838,562 
9 601166 興業銀行 76,211,655 49,937,031 126,148,686 
10 600009 上海機場 31,642,260 93,911,310 125,553,570 

1 858 五糧液 291,716,414 105,661,065 397,377,479 
2 2415 海康威視 141,038,414 137,542,109 278,580,523 
3 651 格力電器 192,627,555 74,612,343 267,239,898 
4 333 美的集團 178,642,591 84,160,165 262,802,756 
5 1 平安銀行 125,749,439 35,147,731 160,897,170 
6 2304 洋河股份 97,826,539 40,138,536 137,965,075 
7 300059 東方財富 28,974,466 89,299,773 118,274,239 
8 725 京東方Ａ 69,654,370 42,422,926 112,077,296 
9 2 萬科Ａ 44,520,892 48,945,923 93,466,815 
10 2027 分眾傳媒 47,147,430 39,782,928 86,930,358 
