1 601318 中國平安 200,556,887 438,623,916 639,180,803 
2 600276 恒瑞醫藥 170,461,798 290,279,878 460,741,676 
3 600519 貴州茅台 141,167,689 294,313,785 435,481,474 
4 600036 招商銀行 148,966,466 263,720,251 412,686,717 
5 600030 中信證券 56,351,774 199,191,243 255,543,017 
6 601888 中國國旅 125,726,376 94,830,788 220,557,164 
7 600585 海螺水泥 49,845,124 165,293,358 215,138,482 
8 600028 中國石化 62,531,087 145,026,206 207,557,293 
9 600104 上汽集團 61,410,126 109,453,797 170,863,923 
10 601668 中國建築 43,510,170 126,964,801 170,474,971 

1 2415 海康威視 147,409,675 215,897,874 363,307,549 
2 333 美的集團 71,877,042 193,640,584 265,517,626 
3 651 格力電器 28,729,740 190,566,981 219,296,721 
4 2 萬科Ａ 43,670,080 155,240,992 198,911,072 
5 858 五糧液 84,296,328 91,765,882 176,062,210 
6 300015 愛爾眼科 79,060,602 90,721,766 169,782,368 
7 300347 泰格醫藥 105,907,499 28,727,519 134,635,018 
8 2304 洋河股份 45,101,498 85,321,335 130,422,833 
9 300003 樂普醫療 52,811,591 68,423,051 121,234,642 
10 1 平安銀行 32,509,603 81,144,990 113,654,593 
