1 601318 中國平安 543,127,601 287,662,991 830,790,592 
2 600519 貴州茅台 214,788,417 361,413,033 576,201,450 
3 600887 伊利股份 150,423,921 189,648,142 340,072,063 
4 600276 恒瑞醫藥 202,158,653 125,290,760 327,449,413 
5 600029 南方航空 305,852,387 12,194,436 318,046,823 
6 600030 中信證券 80,138,053 234,803,934 314,941,987 
7 600036 招商銀行 81,741,700 157,675,591 239,417,291 
8 601888 中國國旅 119,838,627 85,393,520 205,232,147 
9 600048 保利地產 44,719,085 122,247,800 166,966,885 
10 601166 興業銀行 38,782,771 126,566,807 165,349,578 

1 2415 海康威視 144,563,803 244,361,618 388,925,421 
2 651 格力電器 137,223,695 184,873,631 322,097,326 
3 333 美的集團 124,817,933 163,011,035 287,828,968 
4 858 五糧液 73,952,432 163,157,010 237,109,442 
5 2 萬科Ａ 78,744,903 151,043,695 229,788,598 
6 2304 洋河股份 84,610,453 115,138,045 199,748,498 
7 2027 分眾傳媒 64,814,427 65,139,553 129,953,980 
8 1 平安銀行 32,689,023 78,981,340 111,670,363 
9 725 京東方Ａ 53,561,989 49,588,657 103,150,646 
10 300347 泰格醫藥 29,056,742 71,875,942 100,932,684 
