1 601318 中國平安 502,996,654 352,539,560 855,536,214 
2 600519 貴州茅台 605,651,782 223,268,985 828,920,767 
3 600276 恒瑞醫藥 381,466,990 197,487,412 578,954,402 
4 601888 中國國旅 189,075,347 133,574,276 322,649,623 
5 600887 伊利股份 231,508,477 74,066,701 305,575,178 
6 600585 海螺水泥 151,855,304 77,313,530 229,168,834 
7 601006 大秦鐵路 64,829,865 120,029,554 184,859,419 
8 600104 上汽集團 163,473,608 20,349,088 183,822,696 
9 600031 三一重工 82,323,296 50,604,821 132,928,117 
10 600690 青島海爾 66,836,700 62,218,859 129,055,559 

1 2415 海康威視 431,409,537 119,978,537 551,388,074 
2 858 五糧液 446,607,700 84,549,293 531,156,993 
3 2027 分眾傳媒 443,595,800 85,154,913 528,750,713 
4 651 格力電器 231,556,276 58,667,604 290,223,880 
5 2304 洋河股份 114,808,929 112,998,004 227,806,933 
6 2475 立訊精密 79,350,725 114,389,799 193,740,524 
7 2456 歐菲科技 119,414,779 57,096,226 176,511,005 
8 338 濰柴動力 135,064,044 7,653,367 142,717,411 
9 568 瀘州老窖 86,578,622 43,669,383 130,248,005 
10 2594 比亞迪 66,132,348 43,225,160 109,357,508 
