1 600276 恒瑞醫藥 206,303,137 341,410,336 547,713,473 
2 600519 貴州茅台 233,129,795 189,404,298 422,534,093 
3 601318 中國平安 118,793,297 201,719,892 320,513,189 
4 601888 中國國旅 83,453,516 167,333,009 250,786,525 
5 600176 中國巨石 147,706,385 66,487,309 214,193,694 
6 600585 海螺水泥 72,932,160 113,061,330 185,993,490 
7 600887 伊利股份 93,839,179 74,986,534 168,825,713 
8 600309 萬華化學 69,762,974 96,333,777 166,096,751 
9 600028 中國石化 129,012,903 34,791,662 163,804,565 
10 600009 上海機場 52,040,799 73,414,841 125,455,640 

1 333 美的集團 132,133,451 352,652,959 484,786,410 
2 858 五糧液 182,525,692 121,049,785 303,575,477 
3 2415 海康威視 93,169,750 155,791,685 248,961,435 
4 651 格力電器 42,358,035 170,954,582 213,312,617 
5 636 風華高科 62,837,663 89,139,118 151,976,781 
6 2304 洋河股份 29,494,195 91,695,063 121,189,258 
7 300347 泰格醫藥 81,185,009 29,497,672 110,682,681 
8 300122 智飛生物 33,092,723 76,210,795 109,303,518 
9 2456 歐菲科技 36,560,234 66,522,898 103,083,132 
10 2 萬科Ａ 65,260,574 36,511,568 101,772,142 
