1 600519 貴州茅台 602,027,591 267,162,793 869,190,384 
2 600276 恒瑞醫藥 157,547,092 415,051,029 572,598,121 
3 601318 中國平安 267,418,937 184,391,252 451,810,189 
4 601888 中國國旅 204,779,202 121,262,589 326,041,791 
5 600585 海螺水泥 166,656,894 140,971,835 307,628,729 
6 600887 伊利股份 154,731,615 101,153,910 255,885,525 
7 600309 萬華化學 111,443,553 141,298,615 252,742,168 
8 600050 中國聯通 95,452,492 94,065,243 189,517,735 
9 600009 上海機場 93,278,676 86,340,399 179,619,075 
10 600030 中信證券 65,930,156 90,987,920 156,918,076 

1 858 五糧液 407,621,932 154,535,776 562,157,708 
2 2304 洋河股份 301,327,781 118,042,075 419,369,856 
3 333 美的集團 151,366,317 193,595,743 344,962,060 
4 2027 分眾傳媒 238,136,237 84,911,753 323,047,990 
5 651 格力電器 166,044,937 150,221,085 316,266,022 
6 2415 海康威視 161,951,539 137,915,827 299,867,366 
7 2475 立訊精密 64,165,268 142,194,994 206,360,262 
8 2 萬科Ａ 128,728,990 70,205,699 198,934,689 
9 538 雲南白藥 94,857,706 57,429,508 152,287,214 
10 2008 大族激光 117,544,738 25,473,091 143,017,829 
