1 600519 貴州茅台 315,512,451 272,504,175 588,016,626 
2 601318 中國平安 248,134,312 181,062,494 429,196,806 
3 600887 伊利股份 182,774,867 107,805,972 290,580,839 
4 603993 洛陽鉬業 263,979,916 10,490,145 274,470,061 
5 600585 海螺水泥 78,131,929 66,143,552 144,275,481 
6 600048 保利地產 63,206,950 77,244,849 140,451,799 
7 600036 招商銀行 104,276,677 34,844,928 139,121,605 
8 601398 工商銀行 106,941,027 31,380,354 138,321,381 
9 600690 青島海爾 68,104,084 63,104,777 131,208,861 
10 600019 寶鋼股份 86,577,671 33,005,291 119,582,962 

1 2415 海康威視 439,638,598 132,713,595 572,352,193 
2 651 格力電器 151,863,577 350,793,175 502,656,752 
3 858 五糧液 153,484,030 167,034,403 320,518,433 
4 2 萬科Ａ 204,918,459 75,377,862 280,296,321 
5 2304 洋河股份 75,907,195 168,879,512 244,786,707 
6 333 美的集團 163,906,911 50,120,670 214,027,581 
7 725 京東方Ａ 105,023,304 96,221,472 201,244,776 
8 2583 海能達 170,177,789 23,984,635 194,162,424 
9 2008 大族激光 110,176,938 39,023,057 149,199,995 
10 2027 分眾傳媒 126,504,269 11,089,459 137,593,728 
