1 600519 貴州茅台 681,423,719 295,963,599 977,387,318 
2 601318 中國平安 483,835,505 133,028,925 616,864,430 
3 601888 中國國旅 58,662,144 264,027,967 322,690,111 
4 600036 招商銀行 242,092,550 58,080,747 300,173,297 
5 601166 興業銀行 129,535,783 154,722,660 284,258,443 
6 600019 寶鋼股份 143,729,934 130,344,561 274,074,495 
7 600887 伊利股份 154,114,792 109,356,373 263,471,165 
8 601398 工商銀行 139,627,822 115,172,165 254,799,987 
9 600406 國電南瑞 130,331,894 119,587,357 249,919,251 
10 600690 青島海爾 147,700,151 76,548,035 224,248,186 

1 2415 海康威視 587,426,506 375,906,103 963,332,609 
2 651 格力電器 253,180,735 417,767,256 670,947,991 
3 333 美的集團 317,430,639 226,947,106 544,377,745 
4 858 五糧液 223,335,603 213,229,046 436,564,649 
5 2008 大族激光 226,117,085 33,909,442 260,026,527 
6 2 萬科Ａ 170,526,928 81,462,878 251,989,806 
7 725 京東方Ａ 105,145,971 64,115,942 169,261,913 
8 2027 分眾傳媒 68,898,367 69,600,079 138,498,446 
9 1 平安銀行 75,221,627 62,586,919 137,808,546 
10 300017 網宿科技 75,233,504 62,062,976 137,296,480 
