1 601318 中國平安 408,816,204 123,363,268 532,179,472 
2 600519 貴州茅台 279,013,005 188,648,335 467,661,340 
3 600036 招商銀行 145,645,782 62,683,876 208,329,658 
4 601939 建設銀行 155,508,496 49,776,689 205,285,185 
5 600887 伊利股份 119,770,107 75,461,336 195,231,443 
6 600048 保利地產 107,432,244 82,445,501 189,877,745 
7 601398 工商銀行 114,952,634 64,681,733 179,634,367 
8 600019 寶鋼股份 98,843,724 79,473,418 178,317,142 
9 600585 海螺水泥 58,498,002 113,764,074 172,262,076 
10 601766 中國中車 101,420,603 70,161,758 171,582,361 

1 333 美的集團 319,420,878 76,553,571 395,974,449 
2 2050 三花智控 346,090,059 20,924,652 367,014,711 
3 858 五糧液 173,721,350 95,999,579 269,720,929 
4 1 平安銀行 128,965,412 131,569,798 260,535,210 
5 651 格力電器 174,266,852 70,186,172 244,453,024 
6 725 京東方Ａ 117,015,454 108,046,778 225,062,232 
7 568 瀘州老窖 190,403,274 18,309,049 208,712,323 
8 2 萬科Ａ 133,429,121 71,733,567 205,162,688 
9 2415 海康威視 111,107,502 51,492,090 162,599,592 
10 2027 分眾傳媒 74,248,718 48,732,329 122,981,047 
