1 601318 中國平安 594,416,125 307,929,987 902,346,112 
2 600519 貴州茅台 421,452,441 416,958,575 838,411,016 
3 600276 恒瑞醫藥 548,776,889 218,096,459 766,873,348 
4 600585 海螺水泥 245,911,398 73,583,003 319,494,401 
5 601888 中國國旅 214,308,330 94,450,974 308,759,304 
6 600036 招商銀行 158,065,935 104,480,021 262,545,956 
7 600030 中信證券 108,193,796 119,472,224 227,666,020 
8 600887 伊利股份 100,892,543 111,549,199 212,441,742 
9 600104 上汽集團 53,764,928 126,754,353 180,519,281 
10 600009 上海機場 36,050,665 141,560,504 177,611,169 

1 2415 海康威視 466,369,348 674,507,561 1,140,876,909 
2 651 格力電器 323,370,969 332,790,151 656,161,120 
3 858 五糧液 363,560,760 97,444,237 461,004,997 
4 333 美的集團 261,999,897 120,646,926 382,646,823 
5 2008 大族激光 199,302,526 81,244,101 280,546,627 
6 2236 大華股份 92,528,528 126,195,674 218,724,202 
7 2304 洋河股份 91,498,456 63,811,375 155,309,831 
8 725 京東方Ａ 51,398,872 95,202,361 146,601,233 
9 2 萬科Ａ 81,464,445 63,695,598 145,160,043 
10 2027 分眾傳媒 83,495,951 55,031,684 138,527,635 
