1 600519 貴州茅台 519,514,179 176,628,017 696,142,196 
2 601318 中國平安 391,268,452 170,260,377 561,528,829 
3 600036 招商銀行 389,520,379 97,212,070 486,732,449 
4 600887 伊利股份 236,559,406 65,258,280 301,817,686 
5 600276 恒瑞醫藥 189,830,935 70,419,887 260,250,822 
6 600585 海螺水泥 149,662,362 87,853,312 237,515,674 
7 600030 中信證券 122,614,633 97,006,926 219,621,559 
8 601888 中國國旅 175,900,813 31,770,318 207,671,131 
9 600048 保利地產 70,433,399 95,180,888 165,614,287 
10 600900 長江電力 81,842,496 72,571,923 154,414,419 

1 858 五糧液 329,453,770 68,368,558 397,822,328 
2 2415 海康威視 212,356,920 176,394,767 388,751,687 
3 333 美的集團 157,672,494 150,626,838 308,299,332 
4 2304 洋河股份 133,200,148 99,452,079 232,652,227 
5 651 格力電器 82,110,577 141,683,417 223,793,994 
6 63 中興通訊 90,409,532 80,294,469 170,704,001 
7 2 萬科Ａ 70,088,744 95,499,146 165,587,890 
8 538 雲南白藥 28,689,429 109,694,532 138,383,961 
9 2236 大華股份 59,074,948 60,005,147 119,080,095 
10 2027 分眾傳媒 44,843,633 64,135,759 108,979,392 
