1 601318 中國平安 1,059,331,948 1,234,239,638 2,293,571,586 
2 600030 中信證券 832,227,173 1,193,599,543 2,025,826,716 
3 600519 貴州茅台 702,385,312 644,737,193 1,347,122,505 
4 600276 恒瑞醫藥 553,671,915 439,677,638 993,349,553 
5 601166 興業銀行 661,354,707 278,135,094 939,489,801 
6 600036 招商銀行 432,497,729 403,909,121 836,406,850 
7 600887 伊利股份 413,561,049 244,549,385 658,110,434 
8 600570 恒生電子 479,736,569 135,510,325 615,246,894 
9 600690 青島海爾 393,309,530 186,086,281 579,395,811 
10 601668 中國建築 285,030,488 249,944,465 534,974,953 

1 333 美的集團 488,927,965 666,383,045 1,155,311,010 
2 2415 海康威視 462,519,401 656,124,551 1,118,643,952 
3 63 中興通訊 391,060,697 637,030,909 1,028,091,606 
4 651 格力電器 410,709,728 515,069,932 925,779,660 
5 858 五糧液 421,367,054 413,383,956 834,751,010 
6 1 平安銀行 402,503,761 309,745,149 712,248,910 
7 725 京東方Ａ 412,358,708 152,022,916 564,381,624 
8 2 萬科Ａ 242,261,134 300,729,513 542,990,647 
9 568 瀘州老窖 204,143,617 195,770,980 399,914,597 
10 2304 洋河股份 175,587,235 216,481,602 392,068,837 
