1 600519 貴州茅台 875,018,314 446,022,021 1,321,040,335 
2 601318 中國平安 227,673,274 296,984,072 524,657,346 
3 600276 恒瑞醫藥 201,560,669 111,996,755 313,557,424 
4 600887 伊利股份 145,120,655 144,970,962 290,091,617 
5 600104 上汽集團 189,792,494 87,862,565 277,655,059 
6 600036 招商銀行 116,930,220 158,235,622 275,165,842 
7 601398 工商銀行 126,801,084 95,434,919 222,236,003 
8 600690 青島海爾 80,248,884 133,242,461 213,491,345 
9 600030 中信證券 124,445,999 76,902,322 201,348,321 
10 600009 上海機場 62,406,686 126,063,347 188,470,033 

1 651 格力電器 706,950,622 124,472,563 831,423,185 
2 858 五糧液 631,617,269 192,070,492 823,687,761 
3 2415 海康威視 223,778,880 207,690,773 431,469,653 
4 2304 洋河股份 318,767,970 81,634,546 400,402,516 
5 333 美的集團 257,585,926 97,144,196 354,730,122 
6 2714 牧原股份 149,392,395 71,148,930 220,541,325 
7 300003 樂普醫療 133,634,333 30,098,185 163,732,518 
8 63 中興通訊 107,308,613 37,192,335 144,500,948 
9 2 萬科Ａ 82,756,071 60,094,196 142,850,267 
10 568 瀘州老窖 95,136,258 30,569,408 125,705,666 
