1 601318 中國平安 264,620,317 488,499,451 753,119,768 
2 600519 貴州茅台 521,132,459 110,378,853 631,511,312 
3 600276 恒瑞醫藥 165,995,551 198,676,255 364,671,806 
4 600887 伊利股份 262,799,747 73,551,231 336,350,978 
5 600036 招商銀行 138,782,424 135,628,603 274,411,027 
6 601186 中國鐵建 109,409,528 71,333,832 180,743,360 
7 601888 中國國旅 120,023,154 22,991,161 143,014,315 
8 600048 保利地產 57,108,004 70,680,879 127,788,883 
9 600585 海螺水泥 77,725,505 49,662,607 127,388,112 
10 601668 中國建築 48,643,468 72,239,179 120,882,647 

1 858 五糧液 216,394,916 145,757,034 362,151,950 
2 2415 海康威視 243,466,363 84,585,969 328,052,332 
3 651 格力電器 113,532,077 170,304,872 283,836,949 
4 333 美的集團 157,748,726 112,901,874 270,650,600 
5 2 萬科Ａ 181,744,218 57,895,598 239,639,816 
6 2304 洋河股份 161,489,073 14,985,766 176,474,839 
7 1 平安銀行 104,741,822 47,292,976 152,034,798 
8 2475 立訊精密 56,971,642 84,055,998 141,027,640 
9 300015 愛爾眼科 55,885,090 70,074,726 125,959,816 
10 2236 大華股份 67,367,147 57,843,302 125,210,449 
