1 601318 中國平安 942,722,481 756,876,099 1,699,598,580 
2 600519 貴州茅台 771,723,294 665,918,563 1,437,641,857 
3 600036 招商銀行 292,391,864 452,283,417 744,675,281 
4 601166 興業銀行 471,848,150 246,909,251 718,757,401 
5 600030 中信證券 271,904,266 347,555,482 619,459,748 
6 600887 伊利股份 241,193,463 335,626,124 576,819,587 
7 601668 中國建築 342,375,155 185,243,836 527,618,991 
8 601601 中國太保 267,385,971 210,049,771 477,435,742 
9 600585 海螺水泥 228,315,107 220,433,747 448,748,854 
10 600276 恒瑞醫藥 144,424,370 280,857,477 425,281,847 

1 651 格力電器 674,292,390 833,678,926 1,507,971,316 
2 858 五糧液 545,802,608 846,758,546 1,392,561,154 
3 2415 海康威視 268,984,213 427,436,244 696,420,457 
4 333 美的集團 214,064,696 397,279,158 611,343,854 
5 338 濰柴動力 219,380,674 189,989,787 409,370,461 
6 1 平安銀行 213,308,997 153,894,242 367,203,239 
7 2 萬科Ａ 152,189,440 166,818,757 319,008,197 
8 300015 愛爾眼科 193,936,635 101,059,777 294,996,412 
9 2027 分眾傳媒 183,629,902 99,466,260 283,096,162 
10 300498 溫氏股份 148,483,242 132,913,160 281,396,402 
