1 600519 貴州茅台 1,662,213,752 3,092,597,707 4,754,811,459 
2 601318 中國平安 1,410,337,493 1,747,097,816 3,157,435,309 
3 600036 招商銀行 599,858,367 802,226,751 1,402,085,118 
4 601166 興業銀行 357,622,453 781,981,289 1,139,603,742 
5 600887 伊利股份 439,523,983 534,393,762 973,917,745 
6 600276 恒瑞醫藥 361,973,808 524,690,630 886,664,438 
7 600585 海螺水泥 445,169,577 441,018,816 886,188,393 
8 600030 中信證券 402,550,112 417,686,743 820,236,855 
9 601328 交通銀行 239,373,426 305,936,838 545,310,264 
10 601288 農業銀行 222,369,625 314,714,647 537,084,272 

1 651 格力電器 638,389,604 1,439,543,839 2,077,933,443 
2 858 五糧液 851,325,033 924,661,494 1,775,986,527 
3 333 美的集團 580,366,352 793,560,349 1,373,926,701 
4 1 平安銀行 254,148,608 917,761,167 1,171,909,775 
5 2415 海康威視 278,611,146 605,842,735 884,453,881 
6 2 萬科Ａ 195,733,410 292,927,404 488,660,814 
7 568 瀘州老窖 264,703,024 196,550,837 461,253,861 
8 2304 洋河股份 212,451,373 247,994,528 460,445,901 
9 300498 溫氏股份 227,824,804 174,493,714 402,318,518 
10 2714 牧原股份 231,474,361 156,240,814 387,715,175 
