1 600519 貴州茅台 829,933,216 344,345,382 1,174,278,598 
2 600036 招商銀行 368,703,832 282,944,280 651,648,112 
3 601318 中國平安 442,910,811 180,158,625 623,069,436 
4 600276 恒瑞醫藥 353,075,057 114,535,520 467,610,577 
5 600585 海螺水泥 247,052,078 140,227,935 387,280,013 
6 601888 中國國旅 171,857,274 136,783,187 308,640,461 
7 600030 中信證券 177,855,764 112,620,723 290,476,487 
8 600009 上海機場 187,656,664 61,171,428 248,828,092 
9 601166 興業銀行 162,337,399 80,676,982 243,014,381 
10 600050 中國聯通 154,878,345 53,067,101 207,945,446 

1 858 五糧液 924,375,117 438,510,186 1,362,885,303 
2 651 格力電器 586,877,047 163,966,572 750,843,619 
3 2304 洋河股份 184,438,064 305,159,018 489,597,082 
4 333 美的集團 260,519,140 222,434,874 482,954,014 
5 2 萬科Ａ 288,514,000 100,943,196 389,457,196 
6 2415 海康威視 267,835,340 89,564,075 357,399,415 
7 2008 大族激光 173,296,484 103,806,347 277,102,831 
8 725 京東方Ａ 111,636,674 115,291,540 226,928,214 
9 63 中興通訊 159,788,749 64,668,314 224,457,063 
10 2475 立訊精密 161,202,866 60,693,909 221,896,775 
