1 601318 中國平安 390,143,455 1,480,457,599 1,870,601,054 
2 600276 恒瑞醫藥 805,762,867 674,040,124 1,479,802,991 
3 600519 貴州茅台 395,415,594 500,155,054 895,570,648 
4 600000 浦發銀行 131,217,235 560,677,135 691,894,370 
5 600547 山東黃金 325,196,041 13,930,981 339,127,022 
6 600009 上海機場 170,650,694 163,452,542 334,103,236 
7 601888 中國國旅 199,267,470 118,089,915 317,357,385 
8 600887 伊利股份 145,348,680 166,730,467 312,079,147 
9 601166 興業銀行 100,712,967 156,971,615 257,684,582 
10 600309 萬華化學 219,021,804 33,395,759 252,417,563 

1 858 五糧液 883,212,267 209,751,049 1,092,963,316 
2 2714 牧原股份 317,070,714 350,801,028 667,871,742 
3 651 格力電器 248,906,219 347,378,120 596,284,339 
4 333 美的集團 420,782,117 51,482,651 472,264,768 
5 300498 溫氏股份 224,663,452 220,309,287 444,972,739 
6 2 萬科Ａ 268,302,770 89,375,078 357,677,848 
7 2475 立訊精密 134,195,574 210,436,974 344,632,548 
8 1 平安銀行 97,857,204 239,028,248 336,885,452 
9 2241 歌爾股份 185,738,890 146,702,833 332,441,723 
10 876 新希望 91,287,199 138,285,777 229,572,976 
