1 601318 中國平安 430,456,886 416,468,522 846,925,408 
2 600519 貴州茅台 504,875,954 98,392,561 603,268,515 
3 600036 招商銀行 142,081,397 234,226,852 376,308,249 
4 600887 伊利股份 129,396,765 204,642,613 334,039,378 
5 600104 上汽集團 147,677,327 171,428,884 319,106,211 
6 600276 恒瑞醫藥 135,469,370 167,971,353 303,440,723 
7 600585 海螺水泥 136,862,189 140,176,498 277,038,687 
8 601888 中國國旅 72,507,228 195,288,896 267,796,124 
9 600031 三一重工 196,046,256 43,140,276 239,186,532 
10 601398 工商銀行 187,351,406 23,932,122 211,283,528 

1 2 萬科Ａ 339,581,428 117,877,085 457,458,513 
2 333 美的集團 246,006,220 146,101,796 392,108,016 
3 858 五糧液 140,025,249 236,414,200 376,439,449 
4 651 格力電器 301,652,144 66,410,332 368,062,476 
5 1 平安銀行 256,474,338 51,292,201 307,766,539 
6 2415 海康威視 191,273,396 113,601,088 304,874,484 
7 2008 大族激光 172,381,044 19,787,146 192,168,190 
8 338 濰柴動力 130,107,489 31,360,981 161,468,470 
9 2304 洋河股份 96,265,906 38,514,842 134,780,748 
10 2475 立訊精密 81,787,321 37,373,997 119,161,318 
