1 600519 貴州茅台 1,050,830,550 325,603,894 1,376,434,444 
2 600690 青島海爾 208,603,111 149,600,475 358,203,586 
3 601318 中國平安 157,206,400 179,786,586 336,992,986 
4 600585 海螺水泥 99,259,237 169,459,528 268,718,765 
5 600276 恒瑞醫藥 172,485,188 81,510,821 253,996,009 
6 600887 伊利股份 147,377,163 69,926,446 217,303,609 
7 600030 中信證券 129,347,223 64,507,335 193,854,558 
8 601888 中國國旅 132,582,204 43,236,335 175,818,539 
9 601601 中國太保 99,462,459 28,789,895 128,252,354 
10 600036 招商銀行 98,692,388 27,449,424 126,141,812 

1 2415 海康威視 151,951,408 278,435,046 430,386,454 
2 333 美的集團 300,601,501 81,408,855 382,010,356 
3 858 五糧液 175,546,396 158,973,639 334,520,035 
4 651 格力電器 217,906,745 101,816,198 319,722,943 
5 1 平安銀行 199,877,835 45,640,935 245,518,770 
6 2 萬科Ａ 129,987,136 59,577,223 189,564,359 
7 2304 洋河股份 126,223,607 51,415,096 177,638,703 
8 2236 大華股份 106,950,661 46,951,694 153,902,355 
9 2027 分眾傳媒 87,703,095 55,569,068 143,272,163 
10 963 華東醫藥 86,978,416 39,490,741 126,469,157 
