1 600519 貴州茅台 658,477,146 386,169,187 1,044,646,333 
2 601318 中國平安 587,224,514 56,080,972 643,305,486 
3 600276 恒瑞醫藥 317,902,409 219,408,604 537,311,013 
4 600036 招商銀行 401,470,428 113,925,054 515,395,482 
5 600900 長江電力 220,218,007 235,275,396 455,493,403 
6 600009 上海機場 134,186,031 240,245,925 374,431,956 
7 601166 興業銀行 234,336,982 118,733,719 353,070,701 
8 601155 新城控股 158,258,231 169,192,123 327,450,354 
9 600183 生益科技 94,700,356 225,504,389 320,204,745 
10 600000 浦發銀行 160,951,355 96,515,560 257,466,915 

1 858 五糧液 550,778,661 193,299,966 744,078,627 
2 2241 歌爾股份 163,019,514 180,645,371 343,664,885 
3 1 平安銀行 144,573,632 190,922,499 335,496,131 
4 651 格力電器 127,680,684 201,345,366 329,026,050 
5 2714 牧原股份 132,627,674 149,249,480 281,877,154 
6 2475 立訊精密 127,688,655 147,880,473 275,569,128 
7 2 萬科Ａ 202,557,304 71,574,753 274,132,057 
8 2415 海康威視 189,268,028 83,407,382 272,675,410 
9 333 美的集團 213,777,616 36,139,429 249,917,045 
10 300433 藍思科技 135,574,887 96,723,378 232,298,265 
