1 600519 貴州茅台 856,625,919 501,292,062 1,357,917,981 
2 601318 中國平安 484,006,957 145,430,435 629,437,392 
3 600276 恒瑞醫藥 280,013,807 207,140,920 487,154,727 
4 600036 招商銀行 370,520,570 89,230,404 459,750,974 
5 600048 保利地產 184,608,789 257,395,334 442,004,123 
6 600030 中信證券 213,659,350 101,415,636 315,074,986 
7 600887 伊利股份 160,514,244 109,594,713 270,108,957 
8 600050 中國聯通 65,762,916 182,740,719 248,503,635 
9 601601 中國太保 137,290,912 92,274,267 229,565,179 
10 601166 興業銀行 143,244,350 68,192,498 211,436,848 

1 651 格力電器 512,820,187 129,552,037 642,372,224 
2 2 萬科Ａ 292,445,766 300,439,078 592,884,844 
3 858 五糧液 326,723,419 249,604,307 576,327,726 
4 2415 海康威視 310,703,224 125,457,051 436,160,275 
5 2304 洋河股份 204,524,541 172,753,450 377,277,991 
6 1979 招商蛇口 135,902,280 116,752,219 252,654,499 
7 2475 立訊精密 200,718,921 41,479,467 242,198,388 
8 1 平安銀行 132,826,698 104,548,607 237,375,305 
9 2714 牧原股份 97,916,546 121,026,107 218,942,653 
10 300015 愛爾眼科 143,027,731 45,483,282 188,511,013 
