1 600519 貴州茅台 1,719,171,852 632,279,524 2,351,451,376 
2 601318 中國平安 567,816,942 693,447,007 1,261,263,949 
3 600585 海螺水泥 641,837,045 129,524,340 771,361,385 
4 600036 招商銀行 228,971,583 351,935,552 580,907,135 
5 601166 興業銀行 244,448,064 326,601,735 571,049,799 
6 600276 恒瑞醫藥 197,283,249 348,140,507 545,423,756 
7 600030 中信證券 263,549,949 228,769,391 492,319,340 
8 601668 中國建築 261,191,654 208,702,956 469,894,610 
9 600887 伊利股份 233,061,460 229,889,032 462,950,492 
10 600031 三一重工 297,152,746 91,641,521 388,794,267 

1 858 五糧液 635,520,269 444,996,914 1,080,517,183 
2 2415 海康威視 427,749,967 365,643,576 793,393,543 
3 651 格力電器 315,375,849 279,617,935 594,993,784 
4 333 美的集團 252,919,804 263,588,489 516,508,293 
5 1 平安銀行 234,003,020 181,665,572 415,668,592 
6 300498 溫氏股份 191,345,371 179,455,149 370,800,520 
7 2714 牧原股份 137,069,270 182,563,737 319,633,007 
8 568 瀘州老窖 128,766,129 165,809,792 294,575,921 
9 2304 洋河股份 219,647,357 72,101,735 291,749,092 
10 2 萬科Ａ 223,834,323 66,282,359 290,116,682 
