1 600276 恒瑞醫藥 295,842,357 662,200,933 958,043,290 
2 601318 中國平安 603,498,820 348,724,881 952,223,701 
3 600519 貴州茅台 488,829,338 454,269,622 943,098,960 
4 600036 招商銀行 237,055,471 222,306,542 459,362,013 
5 600887 伊利股份 214,481,768 167,042,840 381,524,608 
6 600030 中信證券 173,262,571 136,129,220 309,391,791 
7 600048 保利地產 203,399,597 60,082,859 263,482,456 
8 601166 興業銀行 178,051,056 70,177,002 248,228,058 
9 600050 中國聯通 137,678,346 77,137,237 214,815,583 
10 603288 海天味業 126,409,163 78,879,904 205,289,067 

1 333 美的集團 230,083,240 460,688,654 690,771,894 
2 651 格力電器 349,615,848 191,174,862 540,790,710 
3 2714 牧原股份 160,719,221 337,871,502 498,590,723 
4 858 五糧液 302,945,470 177,894,177 480,839,647 
5 300498 溫氏股份 223,223,257 132,448,469 355,671,726 
6 2415 海康威視 132,973,182 219,305,597 352,278,779 
7 2 萬科Ａ 225,145,052 80,417,164 305,562,216 
8 2157 正邦科技 106,479,201 141,540,361 248,019,562 
9 63 中興通訊 138,084,042 87,919,712 226,003,754 
10 2049 紫光國微 81,445,653 137,490,266 218,935,919 
