1 600519 貴州茅台 615,270,224 563,553,490 1,178,823,714 
2 601318 中國平安 445,358,759 260,172,032 705,530,791 
3 600036 招商銀行 487,942,502 210,132,206 698,074,708 
4 601166 興業銀行 207,348,237 451,696,761 659,044,998 
5 600031 三一重工 219,084,966 383,272,843 602,357,809 
6 600837 海通證券 119,088,595 394,801,057 513,889,652 
7 600276 恒瑞醫藥 220,849,523 289,728,638 510,578,161 
8 601169 北京銀行 288,593,990 129,774,254 418,368,244 
9 601006 大秦鐵路 289,159,830 67,729,996 356,889,826 
10 601088 中國神華 121,580,470 195,504,604 317,085,074 

1 300498 溫氏股份 472,836,581 828,590,374 1,301,426,955 
2 858 五糧液 391,174,763 394,379,246 785,554,009 
3 2415 海康威視 304,563,253 306,413,000 610,976,253 
4 63 中興通訊 357,979,391 122,426,870 480,406,261 
5 651 格力電器 200,780,983 124,262,771 325,043,754 
6 333 美的集團 141,662,401 160,003,269 301,665,670 
7 2714 牧原股份 106,717,389 135,891,298 242,608,687 
8 2027 分眾傳媒 64,042,326 133,357,110 197,399,436 
9 2 萬科Ａ 144,242,860 47,580,124 191,822,984 
10 568 瀘州老窖 98,722,680 86,878,177 185,600,857 
