1 601318 中國平安 1,009,298,601 801,109,354 1,810,407,955 
2 600519 貴州茅台 473,433,471 130,085,930 603,519,401 
3 600030 中信證券 256,658,452 253,873,527 510,531,979 
4 600276 恒瑞醫藥 335,003,954 135,488,753 470,492,707 
5 600036 招商銀行 100,356,114 206,048,926 306,405,040 
6 600887 伊利股份 221,103,151 73,782,449 294,885,600 
7 600690 青島海爾 213,885,356 61,029,545 274,914,901 
8 600028 中國石化 104,221,709 76,091,013 180,312,722 
9 600438 通威股份 145,171,933 12,845,863 158,017,796 
10 601888 中國國旅 81,822,209 59,570,111 141,392,320 

1 333 美的集團 497,721,575 121,227,126 618,948,701 
2 651 格力電器 471,437,714 81,520,440 552,958,154 
3 2415 海康威視 340,744,220 208,160,246 548,904,466 
4 858 五糧液 187,792,291 83,736,218 271,528,509 
5 1 平安銀行 173,449,355 76,689,603 250,138,958 
6 2475 立訊精密 155,002,572 57,539,596 212,542,168 
7 2 萬科Ａ 133,171,685 66,408,391 199,580,076 
8 300750 寧德時代 148,297,879 28,775,098 177,072,977 
9 2304 洋河股份 96,568,160 36,823,864 133,392,024 
10 300347 泰格醫藥 42,532,291 72,519,611 115,051,902 
