1 600519 貴州茅台 335,156,142 500,362,715 835,518,857 
2 601318 中國平安 297,481,911 416,537,259 714,019,170 
3 600036 招商銀行 418,415,351 219,912,178 638,327,529 
4 601601 中國太保 200,496,600 158,230,046 358,726,646 
5 601012 隆基股份 265,004,626 65,922,560 330,927,186 
6 600887 伊利股份 170,125,385 156,407,272 326,532,657 
7 601888 中國國旅 208,626,409 116,193,755 324,820,164 
8 601166 興業銀行 243,646,882 71,814,524 315,461,406 
9 600276 恒瑞醫藥 87,800,326 184,701,845 272,502,171 
10 600030 中信證券 121,573,830 125,689,726 247,263,556 

1 858 五糧液 519,889,711 497,127,108 1,017,016,819 
2 1 平安銀行 387,544,295 309,682,159 697,226,454 
3 651 格力電器 251,531,085 427,147,036 678,678,121 
4 300498 溫氏股份 330,184,909 72,399,731 402,584,640 
5 333 美的集團 164,946,181 215,953,958 380,900,139 
6 2 萬科Ａ 235,823,739 112,506,391 348,330,130 
7 2415 海康威視 105,819,709 226,479,489 332,299,198 
8 2304 洋河股份 214,111,125 106,747,049 320,858,174 
9 2008 大族激光 124,110,120 73,295,639 197,405,759 
10 2714 牧原股份 77,884,957 100,832,333 178,717,290 
