1 600519 貴州茅台 633,766,317 956,647,325 1,590,413,642 
2 601318 中國平安 426,794,929 739,422,681 1,166,217,610 
3 600276 恒瑞醫藥 292,206,710 388,320,094 680,526,804 
4 600036 招商銀行 268,056,251 365,992,894 634,049,145 
5 601166 興業銀行 180,062,113 230,821,884 410,883,997 
6 600030 中信證券 131,054,491 243,865,359 374,919,850 
7 600887 伊利股份 147,679,622 203,690,192 351,369,814 
8 600585 海螺水泥 97,597,710 220,631,128 318,228,838 
9 601601 中國太保 113,499,762 168,274,316 281,774,078 
10 601398 工商銀行 85,414,794 184,252,503 269,667,297 

1 858 五糧液 594,690,456 453,300,732 1,047,991,188 
2 651 格力電器 275,221,365 535,179,354 810,400,719 
3 2415 海康威視 211,600,419 374,270,583 585,871,002 
4 2 萬科Ａ 245,993,799 262,198,809 508,192,608 
5 2304 洋河股份 227,629,099 187,218,132 414,847,231 
6 333 美的集團 180,599,661 211,438,631 392,038,292 
7 300498 溫氏股份 274,705,970 111,181,668 385,887,638 
8 2714 牧原股份 130,031,928 142,603,230 272,635,158 
9 1 平安銀行 131,055,966 136,207,061 267,263,027 
10 300059 東方財富 190,469,226 64,233,068 254,702,294 
