1 601318 中國平安 738,675,531 385,329,420 1,124,004,951 
2 600030 中信證券 319,115,930 526,389,383 845,505,313 
3 600519 貴州茅台 448,239,518 194,083,475 642,322,993 
4 600036 招商銀行 402,323,371 56,176,803 458,500,174 
5 600276 恒瑞醫藥 196,570,337 86,179,027 282,749,364 
6 600887 伊利股份 151,836,125 120,853,230 272,689,355 
7 600585 海螺水泥 147,393,241 112,182,553 259,575,794 
8 601211 國泰君安 142,934,058 113,570,964 256,505,022 
9 600050 中國聯通 118,955,539 132,069,283 251,024,822 
10 600009 上海機場 159,831,315 76,197,378 236,028,693 

1 2415 海康威視 405,625,813 226,010,466 631,636,279 
2 651 格力電器 405,284,754 217,672,109 622,956,863 
3 858 五糧液 296,909,271 173,269,600 470,178,871 
4 333 美的集團 246,108,695 216,575,428 462,684,123 
5 2 萬科Ａ 232,384,603 63,420,850 295,805,453 
6 895 雙匯發展 51,301,012 244,429,158 295,730,170 
7 1 平安銀行 155,407,012 74,986,016 230,393,028 
8 300136 信維通信 92,125,259 113,171,229 205,296,488 
9 2714 牧原股份 95,027,306 109,335,383 204,362,689 
10 63 中興通訊 86,422,939 111,288,980 197,711,919 
