1 601318 中國平安 913,104,625 1,007,215,600 1,920,320,225 
2 600519 貴州茅台 769,465,433 615,660,941 1,385,126,374 
3 601166 興業銀行 522,545,889 354,089,440 876,635,329 
4 600036 招商銀行 537,991,728 311,578,848 849,570,576 
5 600030 中信證券 450,862,891 321,737,058 772,599,949 
6 600585 海螺水泥 208,290,256 454,069,160 662,359,416 
7 601668 中國建築 421,496,887 205,276,517 626,773,404 
8 601888 中國國旅 209,679,177 328,165,012 537,844,189 
9 601288 農業銀行 272,663,220 253,184,831 525,848,051 
10 600887 伊利股份 226,793,316 285,371,788 512,165,104 

1 858 五糧液 761,402,892 1,466,814,613 2,228,217,505 
2 651 格力電器 582,495,728 652,318,992 1,234,814,720 
3 1 平安銀行 570,955,404 341,102,765 912,058,169 
4 2415 海康威視 440,188,420 287,828,710 728,017,130 
5 2 萬科Ａ 328,913,691 379,036,167 707,949,858 
6 333 美的集團 346,613,963 270,284,650 616,898,613 
7 300498 溫氏股份 366,343,074 247,315,229 613,658,303 
8 63 中興通訊 185,867,340 165,798,017 351,665,357 
9 338 濰柴動力 139,358,985 197,325,471 336,684,456 
10 2714 牧原股份 168,125,346 129,858,543 297,983,889 
