1 600519 貴州茅台 718,060,050 267,028,227 985,088,277 
2 601318 中國平安 625,254,055 325,413,652 950,667,707 
3 601888 中國國旅 210,810,940 450,444,728 661,255,668 
4 600276 恒瑞醫藥 353,077,266 295,040,281 648,117,547 
5 600036 招商銀行 256,554,602 211,103,673 467,658,275 
6 600028 中國石化 241,643,845 73,120,253 314,764,098 
7 600887 伊利股份 110,250,826 150,786,488 261,037,314 
8 600104 上汽集團 128,794,339 91,400,051 220,194,390 
9 600690 青島海爾 144,318,589 70,383,560 214,702,149 
10 600585 海螺水泥 53,063,093 158,870,547 211,933,640 

1 858 五糧液 845,285,525 189,730,467 1,035,015,992 
2 333 美的集團 380,691,802 205,780,331 586,472,133 
3 651 格力電器 333,048,489 168,650,508 501,698,997 
4 2415 海康威視 225,268,264 129,219,495 354,487,759 
5 2475 立訊精密 236,771,947 47,867,842 284,639,789 
6 2304 洋河股份 200,843,736 38,036,965 238,880,701 
7 2 萬科Ａ 122,705,865 104,722,788 227,428,653 
8 1 平安銀行 168,664,967 52,070,455 220,735,422 
9 2027 分眾傳媒 169,852,543 40,512,796 210,365,339 
10 2008 大族激光 149,539,154 15,178,093 164,717,247 
