1 600519 貴州茅台 1,168,623,878 710,742,624 1,879,366,502 
2 601318 中國平安 422,399,584 373,907,143 796,306,727 
3 600276 恒瑞醫藥 205,529,813 319,299,723 524,829,536 
4 600887 伊利股份 115,601,615 340,740,808 456,342,423 
5 600036 招商銀行 246,027,187 149,888,592 395,915,779 
6 600183 生益科技 215,967,933 179,731,900 395,699,833 
7 600048 保利地產 198,098,612 106,803,126 304,901,738 
8 601888 中國國旅 164,944,921 121,605,864 286,550,785 
9 600000 浦發銀行 167,467,086 64,195,740 231,662,826 
10 603288 海天味業 125,801,601 91,668,025 217,469,626 

1 858 五糧液 554,549,349 473,732,653 1,028,282,002 
2 568 瀘州老窖 188,989,032 206,093,862 395,082,894 
3 333 美的集團 266,089,563 109,001,140 375,090,703 
4 2241 歌爾股份 224,898,278 148,536,892 373,435,170 
5 2475 立訊精密 169,755,931 179,737,234 349,493,165 
6 1 平安銀行 244,930,279 63,437,659 308,367,938 
7 2415 海康威視 162,307,573 144,293,408 306,600,981 
8 651 格力電器 149,610,362 84,821,419 234,431,781 
9 2304 洋河股份 83,103,252 127,146,027 210,249,279 
10 2 萬科Ａ 140,621,942 65,540,670 206,162,612 
