1 600519 貴州茅台 870,753,077 276,267,728 1,147,020,805 
2 601318 中國平安 914,036,327 159,894,846 1,073,931,173 
3 600036 招商銀行 543,769,474 118,439,122 662,208,596 
4 600276 恒瑞醫藥 305,395,578 147,472,483 452,868,061 
5 600887 伊利股份 192,552,722 188,510,803 381,063,525 
6 600030 中信證券 260,302,009 76,518,611 336,820,620 
7 601166 興業銀行 327,549,268 8,087,739 335,637,007 
8 601888 中國國旅 107,541,897 198,969,582 306,511,479 
9 601398 工商銀行 232,382,297 64,477,129 296,859,426 
10 600690 青島海爾 184,174,484 65,889,092 250,063,576 

1 333 美的集團 725,991,999 120,455,784 846,447,783 
2 651 格力電器 655,512,196 149,151,125 804,663,321 
3 858 五糧液 447,199,521 210,415,786 657,615,307 
4 2415 海康威視 451,809,611 89,371,869 541,181,480 
5 2 萬科Ａ 238,982,180 111,991,102 350,973,282 
6 2304 洋河股份 169,226,037 104,570,860 273,796,897 
7 2027 分眾傳媒 57,915,772 214,314,992 272,230,764 
8 2230 科大訊飛 197,571,509 31,986,430 229,557,939 
9 2475 立訊精密 192,243,144 33,174,328 225,417,472 
10 2714 牧原股份 189,983,781 30,917,033 220,900,814 
