1 601318 中國平安 1,648,111,684 615,955,191 2,264,066,875 
2 600519 貴州茅台 586,552,424 618,722,391 1,205,274,815 
3 600030 中信證券 466,823,728 455,700,996 922,524,724 
4 600887 伊利股份 236,060,369 413,775,267 649,835,636 
5 600036 招商銀行 384,917,709 247,370,360 632,288,069 
6 600690 青島海爾 319,599,466 235,912,179 555,511,645 
7 601390 中國中鐵 270,325,773 205,579,651 475,905,424 
8 600276 恒瑞醫藥 220,915,670 169,819,683 390,735,353 
9 601166 興業銀行 212,295,425 175,380,418 387,675,843 
10 600031 三一重工 212,639,718 154,847,555 367,487,273 

1 858 五糧液 398,459,756 711,870,165 1,110,329,921 
2 333 美的集團 731,136,713 276,140,467 1,007,277,180 
3 651 格力電器 509,675,476 395,803,256 905,478,732 
4 2 萬科Ａ 263,614,131 291,126,297 554,740,428 
5 300498 溫氏股份 189,087,797 320,080,341 509,168,138 
6 2415 海康威視 257,213,799 226,237,622 483,451,421 
7 1 平安銀行 143,551,681 181,375,627 324,927,308 
8 2475 立訊精密 172,906,183 128,061,544 300,967,727 
9 338 濰柴動力 180,437,161 110,718,081 291,155,242 
10 2304 洋河股份 170,772,069 104,279,686 275,051,755 
