1 600519 貴州茅台 1,281,519,250 616,623,893 1,898,143,143 
2 601318 中國平安 917,506,951 207,548,101 1,125,055,052 
3 600276 恒瑞醫藥 490,394,638 234,906,458 725,301,096 
4 600887 伊利股份 211,620,800 498,675,165 710,295,965 
5 600036 招商銀行 498,277,695 116,816,313 615,094,008 
6 603288 海天味業 433,559,910 120,179,785 553,739,695 
7 600183 生益科技 253,825,501 286,163,290 539,988,791 
8 601888 中國國旅 234,346,745 296,669,165 531,015,910 
9 601012 隆基股份 324,354,540 95,043,561 419,398,101 
10 600690 海爾智家 310,792,825 44,641,229 355,434,054 

1 858 五糧液 722,694,936 513,231,593 1,235,926,529 
2 333 美的集團 704,058,577 82,684,143 786,742,720 
3 651 格力電器 450,672,022 157,215,950 607,887,972 
4 2415 海康威視 299,008,550 287,089,407 586,097,957 
5 1 平安銀行 357,988,778 95,359,405 453,348,183 
6 2714 牧原股份 138,846,007 243,553,067 382,399,074 
7 2241 歌爾股份 227,992,375 124,552,901 352,545,276 
8 2304 洋河股份 172,454,873 159,494,952 331,949,825 
9 2475 立訊精密 235,238,780 94,584,432 329,823,212 
10 568 瀘州老窖 176,368,682 149,314,566 325,683,248 
