1 600519 貴州茅台 1,648,639,414 585,956,111 2,234,595,525 
2 600276 恒瑞醫藥 422,803,041 228,867,077 651,670,118 
3 601318 中國平安 213,966,635 330,393,012 544,359,647 
4 600887 伊利股份 280,403,160 240,070,320 520,473,480 
5 600036 招商銀行 271,657,099 192,646,960 464,304,059 
6 601888 中國國旅 257,925,932 181,283,220 439,209,152 
7 600690 青島海爾 235,719,372 79,874,091 315,593,463 
8 600585 海螺水泥 117,436,708 177,647,854 295,084,562 
9 600201 生物股份 167,227,786 76,982,814 244,210,600 
10 601398 工商銀行 39,284,931 202,027,020 241,311,951 

1 858 五糧液 804,319,709 283,227,685 1,087,547,394 
2 333 美的集團 644,724,729 276,594,815 921,319,544 
3 2415 海康威視 412,744,986 269,676,525 682,421,511 
4 651 格力電器 447,344,516 103,352,539 550,697,055 
5 2304 洋河股份 127,310,085 275,236,301 402,546,386 
6 2475 立訊精密 346,451,322 35,051,752 381,503,074 
7 2008 大族激光 260,511,713 27,477,495 287,989,208 
8 2236 大華股份 138,831,414 75,735,626 214,567,040 
9 2027 分眾傳媒 161,540,994 34,756,371 196,297,365 
10 2 萬科Ａ 66,282,778 123,933,211 190,215,989 
