1 600887 伊利股份 682,654,360 677,544,048 1,360,198,408 
2 600519 貴州茅台 779,954,592 320,829,415 1,100,784,007 
3 601318 中國平安 342,597,303 425,068,511 767,665,814 
4 600036 招商銀行 122,631,905 299,507,032 422,138,937 
5 600276 恒瑞醫藥 174,019,784 235,759,332 409,779,116 
6 601166 興業銀行 106,295,004 259,223,321 365,518,325 
7 600309 萬華化學 264,952,076 67,731,304 332,683,380 
8 600585 海螺水泥 207,344,641 95,157,563 302,502,204 
9 600009 上海機場 80,047,463 196,867,518 276,914,981 
10 600030 中信證券 167,753,176 93,339,668 261,092,844 

1 1 平安銀行 1,108,055,071 338,318,539 1,446,373,610 
2 858 五糧液 446,548,374 306,237,233 752,785,607 
3 2 萬科Ａ 222,982,630 163,385,982 386,368,612 
4 2304 洋河股份 145,298,185 150,832,729 296,130,914 
5 651 格力電器 154,858,293 140,196,649 295,054,942 
6 2415 海康威視 163,123,853 128,789,398 291,913,251 
7 333 美的集團 134,913,940 100,253,042 235,166,982 
8 300498 溫氏股份 110,515,589 112,431,706 222,947,295 
9 2241 歌爾股份 94,905,617 99,747,153 194,652,770 
10 300059 東方財富 124,027,223 70,263,997 194,291,220 
