1 601318 中國平安 386,393,822 798,042,071 1,184,435,893 
2 600519 貴州茅台 268,776,091 350,795,898 619,571,989 
3 600036 招商銀行 93,149,498 191,179,504 284,329,002 
4 600276 恒瑞醫藥 134,057,777 128,260,599 262,318,376 
5 600030 中信證券 87,167,627 108,179,000 195,346,627 
6 600887 伊利股份 68,776,206 109,361,015 178,137,221 
7 600009 上海機場 41,672,774 135,866,021 177,538,795 
8 600104 上汽集團 82,178,389 74,862,964 157,041,353 
9 600690 青島海爾 101,638,852 42,801,356 144,440,208 
10 601601 中國太保 43,505,238 93,259,854 136,765,092 

1 858 五糧液 119,698,281 326,281,495 445,979,776 
2 333 美的集團 188,983,181 155,318,249 344,301,430 
3 2415 海康威視 99,725,986 125,260,919 224,986,905 
4 651 格力電器 88,240,564 118,879,011 207,119,575 
5 2304 洋河股份 70,152,433 69,030,221 139,182,654 
6 1 平安銀行 67,919,119 68,145,848 136,064,967 
7 2 萬科Ａ 30,304,219 88,894,557 119,198,776 
8 2475 立訊精密 58,127,465 38,462,659 96,590,124 
9 300122 智飛生物 33,551,792 60,398,873 93,950,665 
10 2450 康得新 25,381,500 66,096,414 91,477,914 
