1 600519 貴州茅台 815,677,950 355,963,228 1,171,641,178 
2 601318 中國平安 303,842,159 345,240,743 649,082,902 
3 600690 青島海爾 311,505,664 104,984,016 416,489,680 
4 600276 恒瑞醫藥 225,982,186 163,786,252 389,768,438 
5 601888 中國國旅 171,740,963 175,873,749 347,614,712 
6 600887 伊利股份 213,827,997 117,951,969 331,779,966 
7 600030 中信證券 186,067,314 96,856,369 282,923,683 
8 600031 三一重工 245,272,697 26,933,613 272,206,310 
9 600036 招商銀行 162,412,556 65,385,958 227,798,514 
10 600048 保利地產 137,004,899 65,474,800 202,479,699 

1 333 美的集團 382,362,882 136,966,053 519,328,935 
2 2415 海康威視 369,582,625 124,201,289 493,783,914 
3 858 五糧液 298,236,365 125,333,587 423,569,952 
4 651 格力電器 259,239,612 89,262,752 348,502,364 
5 2 萬科Ａ 189,201,475 64,385,604 253,587,079 
6 963 華東醫藥 182,242,609 50,779,205 233,021,814 
7 2304 洋河股份 124,000,641 76,138,448 200,139,089 
8 63 中興通訊 106,674,204 59,399,167 166,073,371 
9 2236 大華股份 118,522,603 31,684,171 150,206,774 
10 2450 康得新 16,795,559 110,984,403 127,779,962 
