1 600519 貴州茅台 1,035,828,106 721,802,835 1,757,630,941 
2 601318 中國平安 485,492,732 500,842,383 986,335,115 
3 601888 中國國旅 313,251,960 354,304,507 667,556,467 
4 600276 恒瑞醫藥 237,895,322 287,668,298 525,563,620 
5 600030 中信證券 200,160,361 252,755,353 452,915,714 
6 600887 伊利股份 193,224,507 201,201,198 394,425,705 
7 600036 招商銀行 177,480,581 212,324,220 389,804,801 
8 600031 三一重工 91,860,238 237,157,030 329,017,268 
9 600690 青島海爾 84,986,998 231,087,001 316,073,999 
10 601166 興業銀行 132,439,408 155,468,779 287,908,187 

1 858 五糧液 621,119,917 1,098,638,487 1,719,758,404 
2 2 萬科Ａ 175,604,530 421,795,263 597,399,793 
3 2304 洋河股份 286,890,840 176,362,569 463,253,409 
4 651 格力電器 212,852,645 237,486,994 450,339,639 
5 333 美的集團 123,131,596 306,718,134 429,849,730 
6 63 中興通訊 250,104,323 177,321,936 427,426,259 
7 860 順鑫農業 103,781,825 278,100,175 381,882,000 
8 1 平安銀行 205,224,911 147,059,908 352,284,819 
9 568 瀘州老窖 149,050,942 169,485,106 318,536,048 
10 2714 牧原股份 215,056,993 76,959,368 292,016,361 
