1 601318 中國平安 505,645,337 427,843,516 933,488,853 
2 600519 貴州茅台 374,557,860 519,276,832 893,834,692 
3 600036 招商銀行 277,765,600 196,761,679 474,527,279 
4 600276 恒瑞醫藥 169,717,135 219,113,348 388,830,483 
5 601888 中國國旅 193,018,791 165,022,277 358,041,068 
6 600887 伊利股份 139,875,669 136,416,523 276,292,192 
7 600183 生益科技 114,915,932 93,393,685 208,309,617 
8 600547 山東黃金 87,492,473 114,387,811 201,880,284 
9 601166 興業銀行 68,492,581 129,046,291 197,538,872 
10 600900 長江電力 103,259,422 78,268,779 181,528,201 

1 858 五糧液 287,410,716 735,322,644 1,022,733,360 
2 2241 歌爾股份 207,982,041 205,184,100 413,166,141 
3 2475 立訊精密 187,196,300 197,373,571 384,569,871 
4 651 格力電器 228,883,783 133,525,847 362,409,630 
5 2415 海康威視 145,620,496 184,166,894 329,787,390 
6 333 美的集團 144,895,729 179,426,404 324,322,133 
7 1 平安銀行 202,369,606 113,874,974 316,244,580 
8 2008 大族激光 73,012,468 176,348,853 249,361,321 
9 2714 牧原股份 120,521,491 117,114,993 237,636,484 
10 2 萬科Ａ 75,260,672 127,619,645 202,880,317 
