1 600519 貴州茅台 900,034,999 297,363,164 1,197,398,163 
2 601318 中國平安 373,702,323 418,867,878 792,570,201 
3 600585 海螺水泥 358,160,598 159,886,486 518,047,084 
4 600352 浙江龍盛 96,253,872 346,232,058 442,485,930 
5 600036 招商銀行 206,957,141 139,569,496 346,526,637 
6 600887 伊利股份 216,095,993 124,196,983 340,292,976 
7 600276 恒瑞醫藥 166,785,584 117,432,011 284,217,595 
8 600030 中信證券 149,365,331 130,593,782 279,959,113 
9 600031 三一重工 172,847,159 51,305,870 224,153,029 
10 601398 工商銀行 129,744,337 79,763,055 209,507,392 

1 858 五糧液 473,632,403 408,131,449 881,763,852 
2 651 格力電器 144,269,032 450,549,727 594,818,759 
3 63 中興通訊 425,497,331 129,012,610 554,509,941 
4 2415 海康威視 203,585,684 202,872,783 406,458,467 
5 300498 溫氏股份 245,434,504 98,536,493 343,970,997 
6 333 美的集團 127,891,037 181,140,921 309,031,958 
7 1 平安銀行 165,540,154 65,114,117 230,654,271 
8 2 萬科Ａ 102,069,007 117,182,309 219,251,316 
9 2714 牧原股份 101,140,122 95,284,970 196,425,092 
10 2157 正邦科技 135,929,992 30,073,103 166,003,095 
