1 600519 貴州茅台 974,973,679 2,161,084,233 3,136,057,912 
2 601318 中國平安 750,025,610 1,360,718,894 2,110,744,504 
3 600887 伊利股份 253,542,319 775,848,242 1,029,390,561 
4 600036 招商銀行 356,691,394 607,179,278 963,870,672 
5 600276 恒瑞醫藥 486,560,714 465,872,872 952,433,586 
6 601166 興業銀行 250,004,076 422,573,341 672,577,417 
7 600900 長江電力 283,198,503 356,291,072 639,489,575 
8 600031 三一重工 122,990,756 322,415,102 445,405,858 
9 600030 中信證券 180,250,970 253,229,498 433,480,468 
10 601888 中國國旅 122,949,886 293,631,924 416,581,810 

1 858 五糧液 789,209,062 1,841,912,220 2,631,121,282 
2 2415 海康威視 911,105,316 538,357,571 1,449,462,887 
3 651 格力電器 396,169,044 856,310,414 1,252,479,458 
4 568 瀘州老窖 226,903,621 451,161,386 678,065,007 
5 1 平安銀行 407,151,136 230,388,809 637,539,945 
6 2714 牧原股份 311,598,009 178,810,513 490,408,522 
7 63 中興通訊 144,902,588 310,415,427 455,318,015 
8 2 萬科Ａ 119,788,154 319,386,820 439,174,974 
9 2475 立訊精密 199,617,568 228,698,503 428,316,071 
10 300498 溫氏股份 189,088,503 193,934,254 383,022,757 
