1 600519 貴州茅台 606,202,150 322,613,857 928,816,007 
2 601318 中國平安 570,154,838 303,474,283 873,629,121 
3 600036 招商銀行 550,209,600 221,363,726 771,573,326 
4 600030 中信證券 267,347,465 296,423,415 563,770,880 
5 600104 上汽集團 415,793,746 94,314,598 510,108,344 
6 600276 恒瑞醫藥 274,870,909 124,465,816 399,336,725 
7 600887 伊利股份 222,523,996 93,456,324 315,980,320 
8 601166 興業銀行 121,419,370 133,591,550 255,010,920 
9 600585 海螺水泥 126,378,812 99,069,706 225,448,518 
10 600690 青島海爾 139,307,394 82,806,597 222,113,991 

1 651 格力電器 561,439,784 374,833,795 936,273,579 
2 333 美的集團 359,388,434 390,783,376 750,171,810 
3 2415 海康威視 307,273,639 360,928,316 668,201,955 
4 858 五糧液 329,975,100 248,050,634 578,025,734 
5 2714 牧原股份 228,994,032 176,216,637 405,210,669 
6 2 萬科Ａ 138,550,734 198,627,426 337,178,160 
7 300136 信維通信 222,278,335 76,768,248 299,046,583 
8 300498 溫氏股份 160,114,360 122,253,501 282,367,861 
9 1 平安銀行 159,928,588 86,667,150 246,595,738 
10 2304 洋河股份 109,081,449 136,893,117 245,974,566 
