1 600519 貴州茅台 1,011,854,468 197,723,132 1,209,577,600 
2 601318 中國平安 695,512,826 199,488,430 895,001,256 
3 600276 恒瑞醫藥 652,494,247 92,422,250 744,916,497 
4 600036 招商銀行 455,799,274 81,109,585 536,908,859 
5 600887 伊利股份 205,133,757 275,728,053 480,861,810 
6 600585 海螺水泥 278,661,228 71,364,383 350,025,611 
7 600030 中信證券 239,156,851 79,811,348 318,968,199 
8 600050 中國聯通 122,365,064 174,874,789 297,239,853 
9 601888 中國國旅 161,277,413 135,743,226 297,020,639 
10 600104 上汽集團 154,330,497 131,629,305 285,959,802 

1 858 五糧液 713,098,282 293,656,573 1,006,754,855 
2 651 格力電器 629,153,608 83,735,931 712,889,539 
3 333 美的集團 536,320,750 94,101,139 630,421,889 
4 2415 海康威視 280,540,370 315,709,080 596,249,450 
5 2304 洋河股份 191,490,709 244,090,641 435,581,350 
6 2 萬科Ａ 245,279,192 116,476,306 361,755,498 
7 1 平安銀行 243,256,895 71,845,848 315,102,743 
8 2008 大族激光 217,711,714 95,544,809 313,256,523 
9 300347 泰格醫藥 157,123,985 111,261,135 268,385,120 
10 2027 分眾傳媒 89,959,843 168,689,007 258,648,850 
