1 601318 中國平安 1,055,679,924 645,323,895 1,701,003,819 
2 600030 中信證券 679,773,701 968,596,062 1,648,369,763 
3 600519 貴州茅台 469,155,118 780,052,595 1,249,207,713 
4 600276 恒瑞醫藥 409,611,584 290,181,719 699,793,303 
5 600036 招商銀行 387,818,453 244,342,320 632,160,773 
6 600028 中國石化 169,743,388 399,668,087 569,411,475 
7 600585 海螺水泥 268,975,655 209,302,868 478,278,523 
8 601166 興業銀行 155,652,821 307,777,027 463,429,848 
9 600887 伊利股份 190,031,347 262,405,810 452,437,157 
10 601288 農業銀行 250,193,033 201,336,691 451,529,724 

1 2415 海康威視 722,413,167 424,863,785 1,147,276,952 
2 651 格力電器 621,946,474 269,327,197 891,273,671 
3 858 五糧液 286,165,764 597,186,079 883,351,843 
4 2 萬科Ａ 380,675,491 186,040,365 566,715,856 
5 333 美的集團 329,196,382 167,148,942 496,345,324 
6 2304 洋河股份 290,050,946 136,468,891 426,519,837 
7 63 中興通訊 282,274,044 122,576,451 404,850,495 
8 300059 東方財富 142,869,904 240,889,068 383,758,972 
9 2714 牧原股份 175,127,580 146,346,046 321,473,626 
10 338 濰柴動力 129,446,750 181,858,233 311,304,983 
