1 600519 貴州茅台 822,833,677 1,301,748,926 2,124,582,603 
2 601318 中國平安 602,942,859 873,784,407 1,476,727,266 
3 600276 恒瑞醫藥 151,743,837 697,335,936 849,079,773 
4 600887 伊利股份 232,788,804 427,042,254 659,831,058 
5 600036 招商銀行 266,263,724 328,748,776 595,012,500 
6 600585 海螺水泥 146,815,281 308,143,992 454,959,273 
7 601888 中國國旅 187,838,463 203,920,892 391,759,355 
8 601166 興業銀行 175,043,381 215,968,266 391,011,647 
9 600009 上海機場 155,089,360 187,174,746 342,264,106 
10 600030 中信證券 120,422,969 173,883,738 294,306,707 

1 858 五糧液 508,257,675 948,766,049 1,457,023,724 
2 651 格力電器 391,033,867 526,261,344 917,295,211 
3 2475 立訊精密 160,010,581 391,794,020 551,804,601 
4 568 瀘州老窖 196,283,398 330,748,005 527,031,403 
5 2304 洋河股份 263,642,716 259,739,261 523,381,977 
6 2415 海康威視 297,085,863 207,329,129 504,414,992 
7 2714 牧原股份 244,089,454 141,623,191 385,712,645 
8 63 中興通訊 183,046,472 193,814,136 376,860,608 
9 2 萬科Ａ 67,736,529 259,730,082 327,466,611 
10 876 新希望 125,014,934 124,603,063 249,617,997 
