1 600030 中信證券 754,159,053 872,094,242 1,626,253,295 
2 600519 貴州茅台 596,275,362 795,493,001 1,391,768,363 
3 601318 中國平安 487,626,402 804,731,908 1,292,358,310 
4 600036 招商銀行 254,798,566 377,340,808 632,139,374 
5 600276 恒瑞醫藥 358,538,252 202,966,648 561,504,900 
6 601668 中國建築 229,288,075 227,991,713 457,279,788 
7 600887 伊利股份 146,572,471 307,538,589 454,111,060 
8 601166 興業銀行 152,196,947 253,970,993 406,167,940 
9 601211 國泰君安 172,481,323 206,478,579 378,959,902 
10 601288 農業銀行 99,624,386 239,626,543 339,250,929 

1 858 五糧液 442,271,538 722,796,487 1,165,068,025 
2 333 美的集團 414,267,616 537,744,621 952,012,237 
3 651 格力電器 440,855,057 481,225,216 922,080,273 
4 2415 海康威視 297,013,471 339,742,134 636,755,605 
5 2304 洋河股份 364,809,708 146,387,586 511,197,294 
6 2 萬科Ａ 168,690,003 235,240,680 403,930,683 
7 1 平安銀行 200,861,084 196,550,298 397,411,382 
8 300059 東方財富 192,652,270 191,255,799 383,908,069 
9 2456 歐菲科技 118,924,720 229,783,292 348,708,012 
10 2714 牧原股份 144,877,428 202,985,375 347,862,803 
