1 600519 貴州茅台 1,295,803,179 1,001,009,135 2,296,812,314 
2 600887 伊利股份 989,438,451 633,604,193 1,623,042,644 
3 601318 中國平安 738,618,026 483,851,982 1,222,470,008 
4 600276 恒瑞醫藥 319,280,529 494,761,487 814,042,016 
5 600030 中信證券 437,607,895 296,194,104 733,801,999 
6 600585 海螺水泥 213,586,273 379,046,065 592,632,338 
7 600036 招商銀行 311,895,067 236,961,733 548,856,800 
8 600104 上汽集團 366,376,891 168,031,531 534,408,422 
9 600031 三一重工 135,840,188 330,950,737 466,790,925 
10 600352 浙江龍盛 203,068,727 260,083,341 463,152,068 

1 858 五糧液 357,178,918 1,373,392,790 1,730,571,708 
2 2415 海康威視 167,639,927 683,424,344 851,064,271 
3 2 萬科Ａ 305,665,209 380,717,065 686,382,274 
4 338 濰柴動力 90,093,110 445,149,499 535,242,609 
5 2304 洋河股份 295,042,495 202,669,483 497,711,978 
6 333 美的集團 194,022,180 295,438,039 489,460,219 
7 538 雲南白藥 232,819,475 84,386,594 317,206,069 
8 300498 溫氏股份 210,841,670 96,322,405 307,164,075 
9 2027 分眾傳媒 197,371,913 89,820,410 287,192,323 
10 2714 牧原股份 159,051,681 119,873,959 278,925,640 
