1 600519 貴州茅台 792,597,934 1,319,567,719 2,112,165,653 
2 601318 中國平安 876,630,695 656,606,942 1,533,237,637 
3 600036 招商銀行 772,368,482 228,069,546 1,000,438,028 
4 600030 中信證券 401,761,979 366,775,704 768,537,683 
5 600585 海螺水泥 524,734,306 146,463,388 671,197,694 
6 600031 三一重工 164,732,255 257,507,287 422,239,542 
7 601888 中國國旅 291,082,266 125,941,330 417,023,596 
8 600276 恒瑞醫藥 137,600,738 257,906,789 395,507,527 
9 600570 恒生電子 112,668,210 232,742,961 345,411,171 
10 600309 萬華化學 134,517,048 202,749,345 337,266,393 

1 333 美的集團 823,296,356 918,405,749 1,741,702,105 
2 858 五糧液 503,774,245 716,381,900 1,220,156,145 
3 2304 洋河股份 169,402,675 288,142,621 457,545,296 
4 2415 海康威視 215,695,269 161,657,761 377,353,030 
5 1 平安銀行 252,141,780 105,715,471 357,857,251 
6 300122 智飛生物 197,010,773 113,207,766 310,218,539 
7 2008 大族激光 181,205,068 124,878,332 306,083,400 
8 2 萬科Ａ 190,470,732 112,531,237 303,001,969 
9 2024 蘇寧易購 192,971,359 72,046,616 265,017,975 
10 63 中興通訊 124,507,390 135,808,064 260,315,454 
