1 600519 貴州茅台 1,142,787,753 1,299,931,475 2,442,719,228 
2 601318 中國平安 644,950,619 535,693,525 1,180,644,144 
3 600887 伊利股份 255,458,148 769,198,708 1,024,656,856 
4 600030 中信證券 345,213,263 582,960,066 928,173,329 
5 600036 招商銀行 572,374,199 295,925,286 868,299,485 
6 600276 恒瑞醫藥 429,793,556 273,765,093 703,558,649 
7 600585 海螺水泥 226,625,058 431,029,131 657,654,189 
8 600031 三一重工 181,432,395 242,777,137 424,209,532 
9 601888 中國國旅 264,245,499 154,758,094 419,003,593 
10 600104 上汽集團 171,159,468 245,185,059 416,344,527 

1 858 五糧液 644,983,991 2,888,128,820 3,533,112,811 
2 651 格力電器 2,287,278,360 1,193,060,732 3,480,339,092 
3 2415 海康威視 159,275,095 438,768,077 598,043,172 
4 333 美的集團 257,359,590 304,942,364 562,301,954 
5 2304 洋河股份 221,303,040 318,342,363 539,645,403 
6 2 萬科Ａ 120,143,582 416,063,476 536,207,058 
7 568 瀘州老窖 121,651,121 241,623,665 363,274,786 
8 1 平安銀行 206,807,890 148,957,247 355,765,137 
9 300059 東方財富 105,186,057 178,443,371 283,629,428 
10 538 雲南白藥 132,544,022 146,705,685 279,249,707 
