1 601318 中國平安 1,656,654,902 717,601,609 2,374,256,511 
2 600519 貴州茅台 455,000,624 396,350,852 851,351,476 
3 600030 中信證券 348,365,245 476,469,577 824,834,822 
4 600276 恒瑞醫藥 333,285,435 232,806,233 566,091,668 
5 600031 三一重工 230,915,179 277,270,868 508,186,047 
6 600036 招商銀行 205,666,212 243,087,816 448,754,028 
7 600585 海螺水泥 285,252,839 120,003,906 405,256,745 
8 600048 保利地產 215,709,766 116,216,493 331,926,259 
9 600887 伊利股份 166,201,026 148,543,897 314,744,923 
10 601328 交通銀行 90,334,867 190,350,545 280,685,412 

1 858 五糧液 430,197,671 584,493,372 1,014,691,043 
2 651 格力電器 273,386,683 673,148,946 946,535,629 
3 333 美的集團 234,159,478 453,080,915 687,240,393 
4 2 萬科Ａ 331,020,103 125,758,083 456,778,186 
5 2415 海康威視 125,483,837 326,302,659 451,786,496 
6 300498 溫氏股份 221,311,148 167,446,422 388,757,570 
7 300059 東方財富 237,808,297 150,307,706 388,116,003 
8 860 順鑫農業 176,898,055 203,398,531 380,296,586 
9 568 瀘州老窖 163,724,121 213,069,397 376,793,518 
10 338 濰柴動力 177,429,642 179,831,013 357,260,655 
