1 600519 貴州茅台 679,866,814 942,340,283 1,622,207,097 
2 600030 中信證券 777,180,997 791,187,618 1,568,368,615 
3 601318 中國平安 584,612,273 694,770,283 1,279,382,556 
4 600036 招商銀行 406,085,452 444,756,238 850,841,690 
5 600276 恒瑞醫藥 303,670,711 389,874,674 693,545,385 
6 601166 興業銀行 346,443,277 299,337,970 645,781,247 
7 600887 伊利股份 203,693,587 322,980,324 526,673,911 
8 601668 中國建築 170,749,102 347,186,748 517,935,850 
9 600031 三一重工 131,719,149 274,304,500 406,023,649 
10 600690 青島海爾 109,551,961 295,036,022 404,587,983 

1 333 美的集團 562,230,497 469,799,806 1,032,030,303 
2 2415 海康威視 503,431,303 484,872,941 988,304,244 
3 651 格力電器 676,640,478 290,953,421 967,593,899 
4 858 五糧液 474,682,864 491,756,916 966,439,780 
5 2 萬科Ａ 284,086,601 227,767,724 511,854,325 
6 2714 牧原股份 288,074,244 216,627,581 504,701,825 
7 1 平安銀行 330,121,170 174,287,044 504,408,214 
8 2304 洋河股份 220,408,198 191,617,235 412,025,433 
9 300059 東方財富 245,043,522 148,623,532 393,667,054 
10 63 中興通訊 165,343,730 224,924,644 390,268,374 
