1 600519 貴州茅台 381,621,768 402,784,135 784,405,903 
2 601318 中國平安 360,631,601 286,715,165 647,346,766 
3 600585 海螺水泥 217,426,471 203,771,336 421,197,807 
4 600036 招商銀行 162,463,878 251,750,677 414,214,555 
5 600276 恒瑞醫藥 308,725,156 98,589,487 407,314,643 
6 601398 工商銀行 278,511,693 47,266,758 325,778,451 
7 600887 伊利股份 154,834,910 129,267,765 284,102,675 
8 601166 興業銀行 90,917,848 165,598,826 256,516,674 
9 600009 上海機場 60,812,707 155,093,434 215,906,141 
10 601888 中國國旅 89,161,509 113,648,837 202,810,346 

1 858 五糧液 305,865,718 379,044,807 684,910,525 
2 651 格力電器 268,122,395 118,013,491 386,135,886 
3 2415 海康威視 199,449,175 118,192,153 317,641,328 
4 2714 牧原股份 155,458,782 115,948,156 271,406,938 
5 300498 溫氏股份 120,274,086 126,122,250 246,396,336 
6 333 美的集團 86,827,153 122,882,784 209,709,937 
7 2157 正邦科技 151,833,914 50,625,147 202,459,061 
8 2304 洋河股份 94,647,056 81,178,750 175,825,806 
9 338 濰柴動力 116,911,827 43,413,059 160,324,886 
10 568 瀘州老窖 106,926,013 44,823,316 151,749,329 
