1 600519 貴州茅台 801,869,454 684,124,216 1,485,993,670 
2 600276 恒瑞醫藥 539,895,115 154,206,181 694,101,296 
3 601318 中國平安 410,485,008 138,745,418 549,230,426 
4 600585 海螺水泥 279,171,067 139,732,176 418,903,243 
5 600036 招商銀行 243,920,355 106,706,123 350,626,478 
6 600887 伊利股份 134,304,102 210,133,419 344,437,521 
7 600031 三一重工 211,438,552 62,103,831 273,542,383 
8 600030 中信證券 155,629,181 60,244,009 215,873,190 
9 600690 青島海爾 152,950,437 58,607,919 211,558,356 
10 600201 生物股份 80,596,869 73,775,868 154,372,737 

1 858 五糧液 865,102,720 342,728,010 1,207,830,730 
2 333 美的集團 664,645,096 173,853,344 838,498,440 
3 651 格力電器 456,638,793 90,129,151 546,767,944 
4 2304 洋河股份 197,342,255 137,564,778 334,907,033 
5 2415 海康威視 171,855,589 112,535,548 284,391,137 
6 1 平安銀行 123,992,131 97,710,986 221,703,117 
7 963 華東醫藥 168,482,338 43,017,508 211,499,846 
8 2236 大華股份 43,424,793 143,334,236 186,759,029 
9 2 萬科Ａ 127,048,210 58,762,093 185,810,303 
10 2008 大族激光 119,778,964 55,160,021 174,938,985 
