1 600519 貴州茅台 725,476,013 975,310,475 1,700,786,488 
2 601318 中國平安 430,579,795 957,503,677 1,388,083,472 
3 600036 招商銀行 233,699,900 334,873,581 568,573,481 
4 601166 興業銀行 99,467,235 325,149,033 424,616,268 
5 600887 伊利股份 95,877,094 256,497,449 352,374,543 
6 600276 恒瑞醫藥 114,939,772 206,195,602 321,135,374 
7 601601 中國太保 66,453,922 209,752,449 276,206,371 
8 600585 海螺水泥 114,445,315 160,420,201 274,865,516 
9 603288 海天味業 169,937,247 97,505,943 267,443,190 
10 600030 中信證券 132,105,688 135,009,868 267,115,556 

1 858 五糧液 673,128,272 567,624,016 1,240,752,288 
2 333 美的集團 218,738,772 471,716,697 690,455,469 
3 2415 海康威視 183,515,815 313,702,178 497,217,993 
4 300498 溫氏股份 312,539,726 162,095,455 474,635,181 
5 651 格力電器 168,123,093 268,834,370 436,957,463 
6 2714 牧原股份 161,599,958 179,960,503 341,560,461 
7 2304 洋河股份 133,578,499 143,013,000 276,591,499 
8 338 濰柴動力 66,047,206 175,873,369 241,920,575 
9 538 雲南白藥 139,215,852 94,715,430 233,931,282 
10 2475 立訊精密 85,053,348 116,247,455 201,300,803 
