1 601318 中國平安 360,261,887 265,940,673 626,202,560 
2 600519 貴州茅台 217,248,878 362,374,073 579,622,951 
3 600031 三一重工 348,952,995 133,674,057 482,627,052 
4 600036 招商銀行 243,227,185 96,451,804 339,678,989 
5 601888 中國國旅 213,933,270 67,338,724 281,271,994 
6 600887 伊利股份 148,047,058 125,618,238 273,665,296 
7 600276 恒瑞醫藥 119,301,908 139,435,692 258,737,600 
8 600030 中信證券 70,473,315 176,377,597 246,850,912 
9 601155 新城控股 134,703,638 96,642,679 231,346,317 
10 601601 中國太保 112,374,089 117,712,725 230,086,814 

1 2714 牧原股份 334,103,079 376,708,694 710,811,773 
2 858 五糧液 165,087,824 313,361,787 478,449,611 
3 725 京東方Ａ 232,098,650 88,673,276 320,771,926 
4 651 格力電器 194,805,972 119,237,206 314,043,178 
5 300498 溫氏股份 148,082,985 161,022,771 309,105,756 
6 333 美的集團 179,558,925 107,849,491 287,408,416 
7 300059 東方財富 193,217,097 84,375,240 277,592,337 
8 2415 海康威視 64,214,885 191,214,476 255,429,361 
9 568 瀘州老窖 146,279,002 100,606,422 246,885,424 
10 2 萬科Ａ 181,659,748 48,408,444 230,068,192 
