1 600519 貴州茅台 1,544,354,065 955,427,662 2,499,781,727 
2 601318 中國平安 638,920,673 758,062,617 1,396,983,290 
3 600887 伊利股份 561,735,050 236,699,435 798,434,485 
4 600036 招商銀行 202,248,283 174,399,125 376,647,408 
5 600183 生益科技 145,879,691 183,895,200 329,774,891 
6 600030 中信證券 103,642,476 168,315,702 271,958,178 
7 600585 海螺水泥 145,977,197 116,011,915 261,989,112 
8 600048 保利地產 46,136,569 202,515,534 248,652,103 
9 601601 中國太保 110,075,743 137,407,242 247,482,985 
10 600276 恒瑞醫藥 73,147,765 172,366,178 245,513,943 

1 1 平安銀行 1,505,189,651 229,216,468 1,734,406,119 
2 858 五糧液 685,995,516 266,069,714 952,065,230 
3 2714 牧原股份 222,212,938 214,779,303 436,992,241 
4 333 美的集團 201,827,198 174,669,572 376,496,770 
5 2415 海康威視 105,789,706 252,721,237 358,510,943 
6 2 萬科Ａ 234,729,569 95,594,305 330,323,874 
7 2475 立訊精密 87,875,123 236,659,694 324,534,817 
8 651 格力電器 214,067,158 106,895,890 320,963,048 
9 300498 溫氏股份 141,956,470 109,986,305 251,942,775 
10 63 中興通訊 111,854,303 131,542,168 243,396,471 
