1 601318 中國平安 649,535,781 910,359,578 1,559,895,359 
2 600519 貴州茅台 574,799,341 940,873,340 1,515,672,681 
3 600887 伊利股份 423,861,577 743,154,342 1,167,015,919 
4 600036 招商銀行 212,817,579 422,063,211 634,880,790 
5 601888 中國國旅 209,219,461 330,767,371 539,986,832 
6 600009 上海機場 232,182,424 245,930,362 478,112,786 
7 600276 恒瑞醫藥 153,146,823 229,360,303 382,507,126 
8 600048 保利地產 124,135,463 229,490,647 353,626,110 
9 600183 生益科技 142,057,751 186,095,209 328,152,960 
10 600547 山東黃金 114,816,026 187,756,179 302,572,205 

1 858 五糧液 1,130,055,016 722,355,277 1,852,410,293 
2 651 格力電器 340,018,019 439,439,862 779,457,881 
3 333 美的集團 476,342,311 284,509,450 760,851,761 
4 2304 洋河股份 472,027,380 252,794,924 724,822,304 
5 2415 海康威視 213,575,512 337,705,987 551,281,499 
6 1 平安銀行 129,676,161 296,603,218 426,279,379 
7 63 中興通訊 63,817,629 301,048,297 364,865,926 
8 2008 大族激光 89,294,531 265,782,091 355,076,622 
9 2714 牧原股份 166,825,508 166,580,423 333,405,931 
10 300498 溫氏股份 202,815,875 102,725,899 305,541,774 
