1 600519 貴州茅台 535,977,154 647,799,080 1,183,776,234 
2 601318 中國平安 300,068,279 815,964,497 1,116,032,776 
3 601888 中國國旅 234,777,342 285,234,844 520,012,186 
4 600036 招商銀行 148,167,083 283,782,721 431,949,804 
5 600887 伊利股份 61,258,923 369,462,625 430,721,548 
6 600009 上海機場 178,168,446 175,583,126 353,751,572 
7 600276 恒瑞醫藥 90,885,649 231,488,247 322,373,896 
8 600183 生益科技 106,412,858 201,661,746 308,074,604 
9 600048 保利地產 106,382,444 179,166,240 285,548,684 
10 601166 興業銀行 44,194,189 240,150,901 284,345,090 

1 858 五糧液 787,298,782 502,177,969 1,289,476,751 
2 333 美的集團 146,333,443 473,774,847 620,108,290 
3 2304 洋河股份 319,648,750 275,881,429 595,530,179 
4 2008 大族激光 146,695,326 424,956,085 571,651,411 
5 651 格力電器 230,165,938 322,237,636 552,403,574 
6 2415 海康威視 221,475,270 238,247,828 459,723,098 
7 300498 溫氏股份 229,084,771 201,162,409 430,247,180 
8 2 萬科Ａ 154,918,116 197,599,418 352,517,534 
9 63 中興通訊 69,342,733 214,826,240 284,168,973 
10 2714 牧原股份 162,522,661 116,336,040 278,858,701 
