1 601318 中國平安 345,503,616 1,432,544,948 1,778,048,564 
2 600519 貴州茅台 465,631,419 878,541,390 1,344,172,809 
3 600036 招商銀行 374,873,205 518,108,582 892,981,787 
4 601166 興業銀行 270,815,214 346,691,926 617,507,140 
5 600276 恒瑞醫藥 251,770,960 264,621,279 516,392,239 
6 600585 海螺水泥 286,009,068 191,112,348 477,121,416 
7 600030 中信證券 172,170,684 258,803,219 430,973,903 
8 601888 中國國旅 138,625,926 188,537,342 327,163,268 
9 600887 伊利股份 127,254,354 182,686,272 309,940,626 
10 600000 浦發銀行 220,971,434 87,951,103 308,922,537 

1 651 格力電器 339,461,075 674,327,045 1,013,788,120 
2 858 五糧液 334,783,754 587,952,551 922,736,305 
3 333 美的集團 297,456,559 567,647,152 865,103,711 
4 1 平安銀行 132,998,525 415,579,184 548,577,709 
5 2714 牧原股份 294,012,656 253,803,797 547,816,453 
6 2415 海康威視 203,430,520 205,183,514 408,614,034 
7 63 中興通訊 122,636,063 240,537,666 363,173,729 
8 300498 溫氏股份 229,978,871 132,602,796 362,581,667 
9 2 萬科Ａ 149,069,669 181,813,683 330,883,352 
10 2304 洋河股份 162,950,476 160,493,625 323,444,101 
