1 600519 貴州茅台 555,427,889 793,266,852 1,348,694,741 
2 601318 中國平安 145,620,529 387,915,259 533,535,788 
3 600276 恒瑞醫藥 148,798,579 215,935,361 364,733,940 
4 600036 招商銀行 182,044,601 44,805,413 226,850,014 
5 600030 中信證券 127,355,234 69,545,916 196,901,150 
6 601398 工商銀行 52,371,832 138,435,604 190,807,436 
7 600028 中國石化 122,241,934 56,439,632 178,681,566 
8 601888 中國國旅 84,440,030 86,421,184 170,861,214 
9 600009 上海機場 22,864,541 131,782,578 154,647,119 
10 601012 隆基股份 86,011,808 62,191,328 148,203,136 

1 858 五糧液 507,424,266 395,202,507 902,626,773 
2 333 美的集團 160,579,870 220,960,051 381,539,921 
3 2415 海康威視 146,177,836 204,152,230 350,330,066 
4 2 萬科Ａ 102,313,327 145,726,479 248,039,806 
5 651 格力電器 119,102,314 121,547,786 240,650,100 
6 1 平安銀行 88,176,283 36,423,809 124,600,092 
7 2456 歐菲科技 39,074,921 77,394,688 116,469,609 
8 300003 樂普醫療 55,833,097 45,928,550 101,761,647 
9 63 中興通訊 69,113,410 32,280,668 101,394,078 
10 963 華東醫藥 47,081,181 42,319,826 89,401,007 
