1 600519 貴州茅台 759,215,870 701,238,855 1,460,454,725 
2 601318 中國平安 325,978,561 657,588,721 983,567,282 
3 601166 興業銀行 399,471,886 284,768,308 684,240,194 
4 600104 上汽集團 243,286,882 221,874,239 465,161,121 
5 601398 工商銀行 259,368,984 196,205,766 455,574,750 
6 601888 中國國旅 224,719,595 218,458,570 443,178,165 
7 600036 招商銀行 151,711,425 287,389,713 439,101,138 
8 600030 中信證券 179,918,468 257,879,312 437,797,780 
9 601601 中國太保 126,973,265 256,544,421 383,517,686 
10 601939 建設銀行 209,169,565 171,229,612 380,399,177 

1 858 五糧液 448,713,662 829,515,342 1,278,229,004 
2 651 格力電器 357,785,870 745,762,738 1,103,548,608 
3 333 美的集團 389,328,714 698,444,781 1,087,773,495 
4 63 中興通訊 219,764,541 261,570,235 481,334,776 
5 2714 牧原股份 223,260,080 246,826,702 470,086,782 
6 300498 溫氏股份 235,955,432 226,394,412 462,349,844 
7 2 萬科Ａ 108,736,999 334,461,211 443,198,210 
8 2594 比亞迪 183,147,152 226,703,306 409,850,458 
9 338 濰柴動力 80,792,856 321,564,014 402,356,870 
10 2415 海康威視 198,362,315 194,602,882 392,965,197 
