1 601318 中國平安 810,113,866 2,768,453,820 3,578,567,686 
2 600519 貴州茅台 1,222,703,247 787,772,637 2,010,475,884 
3 600030 中信證券 527,686,268 773,857,028 1,301,543,296 
4 600036 招商銀行 453,882,838 744,927,444 1,198,810,282 
5 600276 恒瑞醫藥 424,748,838 649,891,671 1,074,640,509 
6 600887 伊利股份 191,827,249 442,912,410 634,739,659 
7 601166 興業銀行 241,878,466 352,208,700 594,087,166 
8 600104 上汽集團 137,926,975 404,540,818 542,467,793 
9 601288 農業銀行 237,084,385 293,626,373 530,710,758 
10 601398 工商銀行 196,573,199 307,004,080 503,577,279 

1 2415 海康威視 437,339,010 946,132,086 1,383,471,096 
2 858 五糧液 894,574,473 468,951,649 1,363,526,122 
3 651 格力電器 587,572,712 657,930,820 1,245,503,532 
4 333 美的集團 491,807,996 426,344,423 918,152,419 
5 2 萬科Ａ 234,414,802 477,352,902 711,767,704 
6 1 平安銀行 269,634,779 301,406,838 571,041,617 
7 63 中興通訊 341,656,441 147,053,416 488,709,857 
8 338 濰柴動力 148,656,901 224,547,496 373,204,397 
9 300136 信維通信 268,929,671 95,560,384 364,490,055 
10 568 瀘州老窖 238,748,007 125,434,478 364,182,485 
