1 601318 中國平安 482,362,639 431,208,645 913,571,284 
2 600519 貴州茅台 186,616,463 424,395,572 611,012,035 
3 600887 伊利股份 60,226,472 431,539,824 491,766,296 
4 600183 生益科技 186,964,674 188,447,384 375,412,058 
5 600276 恒瑞醫藥 160,390,554 182,832,439 343,222,993 
6 600036 招商銀行 143,082,263 191,443,432 334,525,695 
7 600585 海螺水泥 41,282,535 204,143,169 245,425,704 
8 600009 上海機場 102,691,337 123,712,757 226,404,094 
9 601166 興業銀行 73,619,307 134,835,768 208,455,075 
10 601888 中國國旅 66,876,770 131,996,445 198,873,215 

1 333 美的集團 449,575,632 186,785,737 636,361,369 
2 858 五糧液 212,616,755 423,743,127 636,359,882 
3 300059 東方財富 336,141,043 111,403,902 447,544,945 
4 2415 海康威視 157,417,648 218,470,630 375,888,278 
5 651 格力電器 288,588,163 79,209,279 367,797,442 
6 2008 大族激光 258,764,314 91,041,613 349,805,927 
7 1 平安銀行 207,386,601 95,153,467 302,540,068 
8 2714 牧原股份 157,519,629 126,571,710 284,091,339 
9 2475 立訊精密 147,087,453 97,890,736 244,978,189 
10 2236 大華股份 132,468,196 85,873,362 218,341,558 
