1 600519 貴州茅台 1,889,131,931 1,059,560,873 2,948,692,804 
2 601318 中國平安 1,177,464,704 900,764,515 2,078,229,219 
3 600036 招商銀行 1,262,369,005 346,386,386 1,608,755,391 
4 600030 中信證券 736,338,506 563,935,905 1,300,274,411 
5 600031 三一重工 261,099,032 406,942,136 668,041,168 
6 600276 恒瑞醫藥 306,252,358 277,003,237 583,255,595 
7 601888 中國國旅 214,670,599 330,538,313 545,208,912 
8 600585 海螺水泥 413,246,894 117,855,283 531,102,177 
9 600887 伊利股份 257,139,636 241,023,845 498,163,481 
10 601166 興業銀行 264,794,028 199,665,021 464,459,049 

1 858 五糧液 781,742,229 876,874,262 1,658,616,491 
2 1 平安銀行 568,009,003 95,609,400 663,618,403 
3 2304 洋河股份 315,159,682 304,096,949 619,256,631 
4 651 格力電器 362,323,233 254,474,930 616,798,163 
5 860 順鑫農業 107,222,975 501,007,139 608,230,114 
6 2 萬科Ａ 372,576,278 222,890,937 595,467,215 
7 333 美的集團 310,793,010 250,683,989 561,476,999 
8 2415 海康威視 368,132,642 111,328,810 479,461,452 
9 2475 立訊精密 254,305,287 127,515,808 381,821,095 
10 63 中興通訊 232,217,791 147,111,430 379,329,221 
