1 601318 中國平安 265,315,898 368,360,877 633,676,775 
2 600519 貴州茅台 397,693,315 218,074,893 615,768,208 
3 600276 恒瑞醫藥 385,413,642 156,321,232 541,734,874 
4 601888 中國國旅 171,428,208 150,117,081 321,545,289 
5 600036 招商銀行 110,983,718 127,140,904 238,124,622 
6 601328 交通銀行 138,730,795 65,811,731 204,542,526 
7 600887 伊利股份 90,812,798 112,968,418 203,781,216 
8 600690 青島海爾 110,574,736 87,474,819 198,049,555 
9 601398 工商銀行 121,707,121 73,445,224 195,152,345 
10 600585 海螺水泥 53,271,741 140,850,123 194,121,864 

1 651 格力電器 600,404,496 280,087,657 880,492,153 
2 333 美的集團 566,315,988 269,521,459 835,837,447 
3 858 五糧液 112,363,772 135,224,935 247,588,707 
4 2475 立訊精密 189,308,458 49,040,062 238,348,520 
5 2304 洋河股份 86,903,250 108,702,888 195,606,138 
6 2415 海康威視 76,038,720 115,740,724 191,779,444 
7 2 萬科Ａ 97,290,335 81,339,920 178,630,255 
8 1 平安銀行 95,457,944 40,416,672 135,874,616 
9 338 濰柴動力 84,649,703 43,074,527 127,724,230 
10 300136 信維通信 46,607,522 53,210,508 99,818,030 
