1 601318 中國平安 1,621,869,985 589,626,332 2,211,496,317 
2 600519 貴州茅台 608,385,896 685,551,288 1,293,937,184 
3 600030 中信證券 245,244,338 282,005,322 527,249,660 
4 600585 海螺水泥 210,306,944 297,022,860 507,329,804 
5 600276 恒瑞醫藥 148,832,404 352,566,609 501,399,013 
6 600887 伊利股份 214,454,434 226,551,103 441,005,537 
7 600031 三一重工 203,613,858 192,524,721 396,138,579 
8 600036 招商銀行 137,354,363 243,890,996 381,245,359 
9 600048 保利地產 206,816,807 127,058,143 333,874,950 
10 601166 興業銀行 81,292,362 226,223,408 307,515,770 

1 858 五糧液 615,913,218 1,870,459,301 2,486,372,519 
2 651 格力電器 188,830,250 640,139,341 828,969,591 
3 333 美的集團 489,250,962 222,071,011 711,321,973 
4 860 順鑫農業 306,352,855 149,430,722 455,783,577 
5 568 瀘州老窖 166,928,540 281,487,073 448,415,613 
6 2 萬科Ａ 247,127,451 169,431,966 416,559,417 
7 2304 洋河股份 154,365,928 228,428,295 382,794,223 
8 2415 海康威視 125,412,016 205,325,251 330,737,267 
9 1 平安銀行 90,528,887 187,260,282 277,789,169 
10 63 中興通訊 104,364,673 122,728,106 227,092,779 
