1 600519 貴州茅台 921,039,801 1,179,205,353 2,100,245,154 
2 601888 中國國旅 409,000,299 702,056,169 1,111,056,468 
3 601318 中國平安 605,784,508 274,980,471 880,764,979 
4 600036 招商銀行 586,346,541 129,747,508 716,094,049 
5 600276 恒瑞醫藥 284,443,498 289,532,491 573,975,989 
6 600009 上海機場 183,481,189 293,120,086 476,601,275 
7 600048 保利地產 289,847,246 119,745,368 409,592,614 
8 600183 生益科技 267,629,982 123,148,830 390,778,812 
9 600585 海螺水泥 270,204,925 91,737,461 361,942,386 
10 600900 長江電力 226,085,402 122,108,592 348,193,994 

1 333 美的集團 950,806,055 299,995,888 1,250,801,943 
2 858 五糧液 905,471,352 216,340,777 1,121,812,129 
3 1 平安銀行 370,422,997 234,926,570 605,349,567 
4 2714 牧原股份 293,524,330 307,869,813 601,394,143 
5 2 萬科Ａ 449,313,565 113,139,991 562,453,556 
6 2241 歌爾股份 197,363,348 241,048,394 438,411,742 
7 300136 信維通信 119,158,267 309,454,693 428,612,960 
8 568 瀘州老窖 255,653,210 107,229,913 362,883,123 
9 651 格力電器 265,484,101 86,616,777 352,100,878 
10 2475 立訊精密 224,151,643 125,748,926 349,900,569 
