1 600519 貴州茅台 519,752,899 552,776,747 1,072,529,646 
2 601318 中國平安 261,216,779 359,548,882 620,765,661 
3 600276 恒瑞醫藥 232,248,676 271,266,652 503,515,328 
4 600183 生益科技 220,437,489 211,363,536 431,801,025 
5 601888 中國國旅 137,097,490 199,628,767 336,726,257 
6 600036 招商銀行 186,306,773 93,815,610 280,122,383 
7 601166 興業銀行 110,827,661 141,282,875 252,110,536 
8 600031 三一重工 125,596,196 119,602,688 245,198,884 
9 601012 隆基股份 140,588,867 94,026,770 234,615,637 
10 603259 藥明康德 26,239,543 178,189,952 204,429,495 

1 1 平安銀行 1,162,918,706 174,839,710 1,337,758,416 
2 858 五糧液 296,219,595 265,015,962 561,235,557 
3 333 美的集團 186,386,747 291,552,860 477,939,607 
4 2475 立訊精密 99,502,145 245,037,190 344,539,335 
5 2304 洋河股份 239,214,598 51,325,451 290,540,049 
6 2241 歌爾股份 144,883,695 137,802,406 282,686,101 
7 2415 海康威視 157,144,383 114,492,113 271,636,496 
8 2008 大族激光 66,740,540 193,853,055 260,593,595 
9 300450 先導智能 124,840,799 83,771,609 208,612,408 
10 651 格力電器 107,790,047 93,236,234 201,026,281 
