1 600519 貴州茅台 610,477,380 1,547,901,439 2,158,378,819 
2 601318 中國平安 731,200,897 892,300,650 1,623,501,547 
3 600887 伊利股份 475,701,353 703,705,773 1,179,407,126 
4 600036 招商銀行 190,951,611 504,573,342 695,524,953 
5 600030 中信證券 303,079,331 283,159,482 586,238,813 
6 600009 上海機場 142,957,635 428,935,371 571,893,006 
7 600585 海螺水泥 231,153,971 318,601,303 549,755,274 
8 601888 中國國旅 186,092,717 352,540,919 538,633,636 
9 600276 恒瑞醫藥 165,548,533 360,545,687 526,094,220 
10 601166 興業銀行 141,388,813 272,437,757 413,826,570 

1 858 五糧液 508,062,930 1,044,621,943 1,552,684,873 
2 651 格力電器 432,410,263 534,188,003 966,598,266 
3 2415 海康威視 381,447,219 583,744,968 965,192,187 
4 333 美的集團 342,918,202 447,409,418 790,327,620 
5 2714 牧原股份 241,848,946 377,583,031 619,431,977 
6 300498 溫氏股份 204,344,686 307,592,887 511,937,573 
7 568 瀘州老窖 303,736,365 191,874,042 495,610,407 
8 338 濰柴動力 339,471,392 132,758,578 472,229,970 
9 1 平安銀行 228,705,282 238,207,475 466,912,757 
10 2304 洋河股份 225,791,173 233,933,567 459,724,740 
