1 600519 貴州茅台 680,253,608 400,517,875 1,080,771,483 
2 601318 中國平安 538,747,625 528,728,483 1,067,476,108 
3 600600 青島啤酒 173,625,549 358,257,026 531,882,575 
4 600276 恒瑞醫藥 258,072,235 262,488,564 520,560,799 
5 600183 生益科技 316,676,251 187,413,580 504,089,831 
6 600585 海螺水泥 337,267,732 156,419,232 493,686,964 
7 600030 中信證券 337,798,889 117,304,012 455,102,901 
8 600887 伊利股份 247,666,679 184,928,530 432,595,209 
9 600036 招商銀行 302,561,407 90,492,352 393,053,759 
10 601138 工業富聯 195,004,901 160,754,186 355,759,087 

1 1 平安銀行 856,365,224 228,267,261 1,084,632,485 
2 858 五糧液 659,992,696 303,005,667 962,998,363 
3 2714 牧原股份 225,736,562 343,414,265 569,150,827 
4 2415 海康威視 337,795,820 195,066,148 532,861,968 
5 333 美的集團 313,465,747 113,115,083 426,580,830 
6 651 格力電器 319,331,352 94,394,855 413,726,207 
7 300498 溫氏股份 163,856,678 230,299,398 394,156,076 
8 2475 立訊精密 176,752,510 172,925,538 349,678,048 
9 1979 招商蛇口 267,462,164 62,365,611 329,827,775 
10 300059 東方財富 251,569,614 70,042,019 321,611,633 
