1 600519 貴州茅台 963,250,886 1,195,994,689 2,159,245,575 
2 600276 恒瑞醫藥 208,393,735 596,942,885 805,336,620 
3 601318 中國平安 530,019,029 254,820,094 784,839,123 
4 600009 上海機場 143,250,846 435,802,094 579,052,940 
5 600036 招商銀行 419,646,031 103,582,474 523,228,505 
6 600887 伊利股份 169,490,691 349,224,768 518,715,459 
7 601888 中國國旅 182,818,919 331,059,900 513,878,819 
8 600030 中信證券 224,580,511 241,949,065 466,529,576 
9 600183 生益科技 182,193,079 214,169,901 396,362,980 
10 600050 中國聯通 105,894,947 231,606,334 337,501,281 

1 858 五糧液 748,121,091 1,154,686,097 1,902,807,188 
2 651 格力電器 369,474,050 152,122,795 521,596,845 
3 2415 海康威視 144,491,121 270,674,730 415,165,851 
4 568 瀘州老窖 191,536,383 184,319,101 375,855,484 
5 2475 立訊精密 198,902,044 163,717,498 362,619,542 
6 2714 牧原股份 203,119,787 149,426,022 352,545,809 
7 2241 歌爾股份 159,760,225 177,714,332 337,474,557 
8 63 中興通訊 142,760,267 171,788,853 314,549,120 
9 1 平安銀行 236,481,752 73,680,369 310,162,121 
10 100 ＴＣＬ集團 155,388,310 146,819,808 302,208,118 
