1 600519 貴州茅台 595,652,988 576,140,296 1,171,793,284 
2 601318 中國平安 480,273,123 298,397,605 778,670,728 
3 600183 生益科技 295,526,732 241,584,181 537,110,913 
4 600585 海螺水泥 470,093,988 66,508,155 536,602,143 
5 600276 恒瑞醫藥 170,454,791 294,327,906 464,782,697 
6 601888 中國國旅 192,056,663 240,814,977 432,871,640 
7 600887 伊利股份 241,988,523 185,990,259 427,978,782 
8 600048 保利地產 62,650,652 246,166,974 308,817,626 
9 600036 招商銀行 199,999,383 97,730,706 297,730,089 
10 603160 匯頂科技 210,565,069 39,226,112 249,791,181 

1 333 美的集團 716,619,380 393,103,781 1,109,723,161 
2 651 格力電器 718,451,814 121,496,659 839,948,473 
3 858 五糧液 359,632,908 368,894,519 728,527,427 
4 1 平安銀行 362,619,429 160,102,462 522,721,891 
5 2415 海康威視 237,696,215 124,230,759 361,926,974 
6 538 雲南白藥 50,939,937 302,441,058 353,380,995 
7 2475 立訊精密 195,736,013 140,320,283 336,056,296 
8 2241 歌爾股份 200,382,572 134,506,514 334,889,086 
9 2714 牧原股份 142,796,664 190,318,449 333,115,113 
10 2304 洋河股份 86,706,569 225,012,710 311,719,279 
