1 600519 貴州茅台 1,142,429,797 1,043,521,420 2,185,951,217 
2 601318 中國平安 1,165,028,982 976,880,370 2,141,909,352 
3 600036 招商銀行 484,806,074 502,099,119 986,905,193 
4 600030 中信證券 461,467,697 370,227,367 831,695,064 
5 601166 興業銀行 334,883,252 302,551,631 637,434,883 
6 601229 上海銀行 314,817,932 233,725,157 548,543,089 
7 600276 恒瑞醫藥 309,133,227 233,896,338 543,029,565 
8 601288 農業銀行 245,663,872 222,725,770 468,389,642 
9 601398 工商銀行 198,977,482 268,608,203 467,585,685 
10 601688 華泰證券 265,108,723 150,616,950 415,725,673 

1 858 五糧液 805,651,425 694,527,490 1,500,178,915 
2 333 美的集團 488,523,159 904,023,976 1,392,547,135 
3 2415 海康威視 480,076,891 451,071,315 931,148,206 
4 651 格力電器 588,361,195 332,836,163 921,197,358 
5 2 萬科Ａ 238,088,376 193,300,578 431,388,954 
6 2475 立訊精密 109,522,032 317,577,284 427,099,316 
7 2304 洋河股份 184,989,784 231,599,714 416,589,498 
8 1 平安銀行 229,311,562 146,237,946 375,549,508 
9 2714 牧原股份 174,927,106 184,714,117 359,641,223 
10 63 中興通訊 179,305,665 174,731,718 354,037,383 
