1 600519 貴州茅台 1,034,464,598 1,304,444,443 2,338,909,041 
2 601318 中國平安 903,967,748 685,512,181 1,589,479,929 
3 600276 恒瑞醫藥 437,991,002 297,873,533 735,864,535 
4 600887 伊利股份 377,131,952 256,868,729 634,000,681 
5 600036 招商銀行 407,697,899 194,452,435 602,150,334 
6 600030 中信證券 186,939,844 177,410,540 364,350,384 
7 600048 保利地產 151,366,619 163,183,585 314,550,204 
8 600585 海螺水泥 137,296,181 164,618,511 301,914,692 
9 601166 興業銀行 156,457,150 144,517,789 300,974,939 
10 600900 長江電力 63,389,063 216,307,086 279,696,149 

1 858 五糧液 688,016,376 732,805,102 1,420,821,478 
2 651 格力電器 686,263,838 470,164,418 1,156,428,256 
3 2415 海康威視 498,799,948 262,083,797 760,883,745 
4 568 瀘州老窖 347,801,654 271,830,090 619,631,744 
5 2304 洋河股份 382,532,947 207,169,575 589,702,522 
6 1 平安銀行 284,688,172 233,127,209 517,815,381 
7 2 萬科Ａ 181,584,492 134,613,140 316,197,632 
8 63 中興通訊 118,427,955 148,035,209 266,463,164 
9 300498 溫氏股份 176,643,317 84,262,636 260,905,953 
10 2475 立訊精密 137,224,442 117,239,238 254,463,680 
