1 600519 貴州茅台 457,322,075 454,307,282 911,629,357 
2 601318 中國平安 433,180,870 348,056,079 781,236,949 
3 600887 伊利股份 210,451,019 271,434,791 481,885,810 
4 600183 生益科技 229,670,536 198,694,233 428,364,769 
5 600276 恒瑞醫藥 200,428,941 193,059,467 393,488,408 
6 601601 中國太保 203,079,723 163,806,299 366,886,022 
7 600048 保利地產 261,003,569 83,289,586 344,293,155 
8 600036 招商銀行 107,488,001 232,149,914 339,637,915 
9 601166 興業銀行 97,263,410 164,775,303 262,038,713 
10 601012 隆基股份 144,109,457 113,852,755 257,962,212 

1 858 五糧液 767,765,872 467,760,691 1,235,526,563 
2 333 美的集團 372,291,088 156,742,420 529,033,508 
3 2157 正邦科技 146,940,364 261,089,353 408,029,717 
4 651 格力電器 166,721,500 209,391,720 376,113,220 
5 2 萬科Ａ 153,192,448 168,680,834 321,873,282 
6 2415 海康威視 109,990,602 194,410,963 304,401,565 
7 977 浪潮信息 95,614,335 197,640,001 293,254,336 
8 2714 牧原股份 180,930,095 102,425,261 283,355,356 
9 538 雲南白藥 72,975,809 207,199,194 280,175,003 
10 568 瀘州老窖 212,031,956 56,315,061 268,347,017 
