1 600519 貴州茅台 131,873,290 449,521,918 581,395,208 
2 601318 中國平安 100,975,672 360,499,600 461,475,272 
3 600183 生益科技 193,532,147 224,065,760 417,597,907 
4 600585 海螺水泥 156,774,527 228,226,615 385,001,142 
5 600031 三一重工 135,093,875 220,106,205 355,200,080 
6 600887 伊利股份 102,280,362 228,918,567 331,198,929 
7 600276 恒瑞醫藥 62,129,498 220,270,563 282,400,061 
8 601166 興業銀行 128,695,167 144,848,632 273,543,799 
9 600018 上港集團 148,526,357 101,619,351 250,145,708 
10 600588 用友網絡 116,087,056 86,647,593 202,734,649 

1 2415 海康威視 378,562,536 364,044,271 742,606,807 
2 858 五糧液 174,341,059 341,969,569 516,310,628 
3 300498 溫氏股份 171,309,221 189,152,297 360,461,518 
4 2008 大族激光 91,721,691 266,176,333 357,898,024 
5 2475 立訊精密 183,926,047 88,935,019 272,861,066 
6 63 中興通訊 147,600,293 90,278,644 237,878,937 
7 2714 牧原股份 97,286,687 99,315,694 196,602,381 
8 2304 洋河股份 52,790,055 136,659,164 189,449,219 
9 725 京東方Ａ 59,179,870 115,938,576 175,118,446 
10 651 格力電器 100,537,272 73,335,550 173,872,822 
