1 600519 貴州茅台 539,835,992 750,399,540 1,290,235,532 
2 601318 中國平安 1,008,088,495 238,637,353 1,246,725,848 
3 600036 招商銀行 656,212,923 114,655,203 770,868,126 
4 600585 海螺水泥 545,165,306 115,299,248 660,464,554 
5 600183 生益科技 255,917,367 276,882,572 532,799,939 
6 600030 中信證券 406,947,251 70,559,076 477,506,327 
7 600276 恒瑞醫藥 260,420,860 160,579,640 421,000,500 
8 601012 隆基股份 258,924,903 136,107,185 395,032,088 
9 600570 恒生電子 269,234,960 101,319,161 370,554,121 
10 600031 三一重工 285,927,395 84,006,088 369,933,483 

1 858 五糧液 859,034,719 186,266,654 1,045,301,373 
2 651 格力電器 476,197,167 149,616,834 625,814,001 
3 333 美的集團 470,121,096 53,724,225 523,845,321 
4 2415 海康威視 385,397,631 131,592,912 516,990,543 
5 63 中興通訊 249,541,477 215,459,259 465,000,736 
6 2475 立訊精密 320,320,481 103,634,964 423,955,445 
7 2714 牧原股份 182,916,948 236,425,243 419,342,191 
8 2 萬科Ａ 306,782,242 86,247,133 393,029,375 
9 1 平安銀行 249,207,620 132,213,651 381,421,271 
10 2241 歌爾股份 150,296,815 188,236,562 338,533,377 
