1 601318 中國平安 659,318,548 576,208,471 1,235,527,019 
2 600519 貴州茅台 548,947,307 551,336,380 1,100,283,687 
3 600036 招商銀行 331,679,216 329,111,630 660,790,846 
4 600030 中信證券 309,895,226 272,850,201 582,745,427 
5 601888 中國國旅 106,644,093 253,791,142 360,435,235 
6 600276 恒瑞醫藥 156,601,540 198,901,986 355,503,526 
7 601166 興業銀行 162,435,470 191,992,003 354,427,473 
8 600887 伊利股份 181,559,951 147,063,698 328,623,649 
9 600585 海螺水泥 246,948,816 55,970,419 302,919,235 
10 600183 生益科技 97,672,923 153,673,003 251,345,926 

1 858 五糧液 513,079,580 489,648,645 1,002,728,225 
2 2415 海康威視 488,422,680 219,574,473 707,997,153 
3 2304 洋河股份 427,377,647 166,818,244 594,195,891 
4 1 平安銀行 380,922,260 115,862,301 496,784,561 
5 2475 立訊精密 361,907,135 119,483,752 481,390,887 
6 63 中興通訊 402,981,065 59,679,445 462,660,510 
7 651 格力電器 233,532,945 201,264,119 434,797,064 
8 333 美的集團 207,998,397 220,082,200 428,080,597 
9 568 瀘州老窖 215,542,608 124,736,551 340,279,159 
10 2271 東方雨虹 134,026,745 104,919,653 238,946,398 
