1 600519 貴州茅台 986,006,313 1,357,816,533 2,343,822,846 
2 601318 中國平安 381,208,707 1,004,238,104 1,385,446,811 
3 600276 恒瑞醫藥 628,960,411 595,205,584 1,224,165,995 
4 600036 招商銀行 432,718,258 312,811,597 745,529,855 
5 600585 海螺水泥 382,217,808 293,554,794 675,772,602 
6 600009 上海機場 79,149,719 577,030,520 656,180,239 
7 601888 中國國旅 222,469,274 259,806,193 482,275,467 
8 600352 浙江龍盛 107,529,775 344,698,898 452,228,673 
9 600900 長江電力 137,711,508 256,499,871 394,211,379 
10 600887 伊利股份 205,636,701 187,019,235 392,655,936 

1 858 五糧液 496,181,818 1,063,442,732 1,559,624,550 
2 333 美的集團 621,964,039 540,345,317 1,162,309,356 
3 2415 海康威視 310,910,381 648,318,684 959,229,065 
4 651 格力電器 516,504,852 357,976,521 874,481,373 
5 1 平安銀行 518,155,554 206,709,547 724,865,101 
6 63 中興通訊 361,195,701 116,997,750 478,193,451 
7 2304 洋河股份 305,272,682 135,550,647 440,823,329 
8 2475 立訊精密 196,555,723 137,119,202 333,674,925 
9 300136 信維通信 260,485,535 62,806,227 323,291,762 
10 300498 溫氏股份 98,304,899 216,419,462 314,724,361 
