1 600519 貴州茅台 641,124,209 314,206,990 955,331,199 
2 601318 中國平安 248,351,090 308,711,030 557,062,120 
3 600887 伊利股份 157,506,932 120,213,100 277,720,032 
4 600276 恒瑞醫藥 107,309,681 117,758,639 225,068,320 
5 600036 招商銀行 173,580,676 51,179,843 224,760,519 
6 600585 海螺水泥 60,101,539 123,391,862 183,493,401 
7 600104 上汽集團 94,957,201 68,949,057 163,906,258 
8 601166 興業銀行 101,309,327 48,631,164 149,940,491 
9 600030 中信證券 70,316,028 57,218,854 127,534,882 
10 601398 工商銀行 78,893,688 35,899,645 114,793,333 

1 651 格力電器 201,851,213 104,983,438 306,834,651 
2 858 五糧液 116,323,343 163,427,512 279,750,855 
3 333 美的集團 141,517,391 95,701,578 237,218,969 
4 2415 海康威視 98,820,655 117,544,761 216,365,416 
5 1 平安銀行 166,151,847 29,763,568 195,915,415 
6 2027 分眾傳媒 51,453,825 62,375,209 113,829,034 
7 2714 牧原股份 57,061,347 36,918,574 93,979,921 
8 2304 洋河股份 31,652,638 61,737,016 93,389,654 
9 63 中興通訊 17,146,947 74,445,901 91,592,848 
10 2 萬科Ａ 59,927,387 24,036,586 83,963,973 
