1 600519 貴州茅台 313,080,567 737,280,645 1,050,361,212 
2 601318 中國平安 224,024,373 262,874,326 486,898,699 
3 600048 保利地產 325,249,090 94,524,185 419,773,275 
4 601888 中國國旅 159,684,240 198,653,490 358,337,730 
5 600009 上海機場 196,723,203 117,507,613 314,230,816 
6 600031 三一重工 230,107,310 23,222,197 253,329,507 
7 600887 伊利股份 78,919,052 172,745,683 251,664,735 
8 600585 海螺水泥 146,704,876 80,507,215 227,212,091 
9 601601 中國太保 147,801,798 51,318,187 199,119,985 
10 601012 隆基股份 86,471,129 109,298,900 195,770,029 

1 858 五糧液 288,365,722 790,297,276 1,078,662,998 
2 2415 海康威視 533,555,019 339,652,640 873,207,659 
3 651 格力電器 276,261,584 299,103,464 575,365,048 
4 2008 大族激光 87,132,704 421,621,663 508,754,367 
5 2 萬科Ａ 148,823,053 272,222,043 421,045,096 
6 333 美的集團 180,680,518 176,368,165 357,048,683 
7 2304 洋河股份 126,982,065 230,051,806 357,033,871 
8 568 瀘州老窖 126,155,620 222,073,249 348,228,869 
9 300059 東方財富 101,543,426 151,365,182 252,908,608 
10 2714 牧原股份 144,671,995 99,532,900 244,204,895 
