1 600519 貴州茅台 979,502,052 228,536,933 1,208,038,985 
2 601318 中國平安 705,144,901 384,719,179 1,089,864,080 
3 600887 伊利股份 299,632,459 492,672,342 792,304,801 
4 600276 恒瑞醫藥 353,181,124 58,179,295 411,360,419 
5 600690 青島海爾 279,253,675 125,461,513 404,715,188 
6 600036 招商銀行 306,003,730 89,136,433 395,140,163 
7 600104 上汽集團 314,089,976 50,925,224 365,015,200 
8 601888 中國國旅 277,672,826 77,759,589 355,432,415 
9 601398 工商銀行 253,093,669 55,211,821 308,305,490 
10 600048 保利地產 159,408,231 27,801,462 187,209,693 

1 333 美的集團 850,475,299 209,018,524 1,059,493,823 
2 651 格力電器 919,174,585 61,989,395 981,163,980 
3 2415 海康威視 433,806,314 147,618,741 581,425,055 
4 858 五糧液 343,835,664 90,848,112 434,683,776 
5 2304 洋河股份 285,759,772 78,281,809 364,041,581 
6 300750 寧德時代 260,554,957 32,682,669 293,237,626 
7 2 萬科Ａ 172,252,929 61,042,850 233,295,779 
8 1 平安銀行 98,942,030 75,565,117 174,507,147 
9 538 雲南白藥 24,162,638 122,800,644 146,963,282 
10 963 華東醫藥 35,032,236 88,596,544 123,628,780 
