1 601318 中國平安 1,560,428,827 659,423,803 2,219,852,630 
2 600519 貴州茅台 974,407,187 855,555,024 1,829,962,211 
3 600036 招商銀行 783,417,958 374,210,191 1,157,628,149 
4 600030 中信證券 415,445,845 462,731,090 878,176,935 
5 600104 上汽集團 429,490,753 247,673,495 677,164,248 
6 600585 海螺水泥 249,577,241 421,587,016 671,164,257 
7 601668 中國建築 403,516,331 123,148,649 526,664,980 
8 600031 三一重工 233,398,519 240,726,199 474,124,718 
9 600029 南方航空 267,928,080 178,469,591 446,397,671 
10 600887 伊利股份 171,758,915 225,031,630 396,790,545 

1 333 美的集團 676,147,412 962,841,026 1,638,988,438 
2 2415 海康威視 376,049,255 892,825,969 1,268,875,224 
3 858 五糧液 488,434,131 706,915,571 1,195,349,702 
4 1 平安銀行 393,262,105 456,029,471 849,291,576 
5 2304 洋河股份 168,423,481 387,907,583 556,331,064 
6 2 萬科Ａ 246,755,874 281,447,325 528,203,199 
7 2027 分眾傳媒 415,780,925 87,230,418 503,011,343 
8 568 瀘州老窖 106,332,559 308,228,370 414,560,929 
9 300498 溫氏股份 154,988,773 154,844,021 309,832,794 
10 2024 蘇寧易購 222,801,181 48,096,109 270,897,290 
