1 601688 華泰證券 872,625,962 20,219,779 892,845,741 
2 600519 貴州茅台 299,348,076 352,301,756 651,649,832 
3 600276 恒瑞醫藥 328,708,823 253,827,093 582,535,916 
4 600009 上海機場 62,940,373 336,318,221 399,258,594 
5 600900 長江電力 127,255,045 205,658,742 332,913,787 
6 601318 中國平安 173,656,606 139,288,613 312,945,219 
7 600036 招商銀行 213,727,760 74,218,441 287,946,201 
8 601012 隆基股份 160,995,545 106,185,577 267,181,122 
9 600048 保利地產 169,498,767 86,757,299 256,256,066 
10 600030 中信證券 192,232,452 40,936,216 233,168,668 

1 2415 海康威視 265,842,938 487,299,803 753,142,741 
2 2714 牧原股份 201,999,618 426,700,389 628,700,007 
3 858 五糧液 206,570,585 276,469,420 483,040,005 
4 1 平安銀行 96,256,551 282,522,796 378,779,347 
5 300498 溫氏股份 211,641,126 91,879,953 303,521,079 
6 2475 立訊精密 101,715,778 176,625,510 278,341,288 
7 2157 正邦科技 234,325,835 29,261,199 263,587,034 
8 333 美的集團 204,921,267 44,973,412 249,894,679 
9 2 萬科Ａ 139,923,801 109,676,905 249,600,706 
10 2241 歌爾股份 121,367,104 118,914,897 240,282,001 
