1 600519 貴州茅台 716,177,268 1,042,034,390 1,758,211,658 
2 601318 中國平安 533,012,079 592,579,382 1,125,591,461 
3 600036 招商銀行 221,362,387 240,789,901 462,152,288 
4 600887 伊利股份 318,963,290 142,722,436 461,685,726 
5 601166 興業銀行 75,385,572 370,525,632 445,911,204 
6 600276 恒瑞醫藥 207,072,533 160,717,149 367,789,682 
7 601888 中國國旅 170,641,523 131,503,589 302,145,112 
8 600183 生益科技 179,848,479 113,135,892 292,984,371 
9 600030 中信證券 74,267,198 158,534,463 232,801,661 
10 601012 隆基股份 112,910,894 115,838,729 228,749,623 

1 2415 海康威視 418,501,349 1,734,850,672 2,153,352,021 
2 333 美的集團 440,316,707 1,586,675,527 2,026,992,234 
3 858 五糧液 772,770,855 549,863,924 1,322,634,779 
4 651 格力電器 182,913,046 322,932,323 505,845,369 
5 2236 大華股份 70,171,704 308,570,426 378,742,130 
6 568 瀘州老窖 115,719,612 235,476,568 351,196,180 
7 63 中興通訊 184,169,731 125,679,802 309,849,533 
8 2714 牧原股份 168,398,881 129,196,975 297,595,856 
9 2475 立訊精密 98,042,825 176,992,311 275,035,136 
10 2304 洋河股份 128,411,193 135,733,467 264,144,660 
