1 600519 貴州茅台 915,288,751 1,666,806,631 2,582,095,382 
2 601318 中國平安 962,435,661 178,697,632 1,141,133,293 
3 601012 隆基股份 143,126,073 419,695,624 562,821,697 
4 600276 恒瑞醫藥 280,426,176 193,347,457 473,773,633 
5 601166 興業銀行 208,063,873 170,387,643 378,451,516 
6 600036 招商銀行 158,696,114 219,511,382 378,207,496 
7 600048 保利地產 138,440,168 157,323,071 295,763,239 
8 600887 伊利股份 79,786,955 165,387,938 245,174,893 
9 600009 上海機場 109,817,822 132,672,062 242,489,884 
10 600585 海螺水泥 66,244,712 168,016,614 234,261,326 

1 858 五糧液 642,128,914 730,361,045 1,372,489,959 
2 2 萬科Ａ 511,727,540 78,459,182 590,186,722 
3 333 美的集團 344,630,864 88,840,889 433,471,753 
4 1 平安銀行 209,853,830 156,468,481 366,322,311 
5 300760 邁瑞醫療 222,779,578 130,159,495 352,939,073 
6 2415 海康威視 167,374,230 165,812,346 333,186,576 
7 2241 歌爾股份 142,243,689 139,747,987 281,991,676 
8 651 格力電器 127,620,931 152,950,998 280,571,929 
9 2027 分眾傳媒 198,523,923 70,111,211 268,635,134 
10 300433 藍思科技 131,286,427 72,701,700 203,988,127 
