1 600519 貴州茅台 1,036,556,631 1,129,615,028 2,166,171,659 
2 601318 中國平安 350,094,742 1,121,382,833 1,471,477,575 
3 601888 中國國旅 400,135,809 442,279,164 842,414,973 
4 600585 海螺水泥 303,145,380 508,144,573 811,289,953 
5 600036 招商銀行 440,987,692 266,395,187 707,382,879 
6 600276 恒瑞醫藥 319,550,291 328,709,982 648,260,273 
7 600030 中信證券 279,385,850 322,854,666 602,240,516 
8 600104 上汽集團 410,556,784 135,374,038 545,930,822 
9 600887 伊利股份 150,090,218 299,203,979 449,294,197 
10 600309 萬華化學 205,106,511 215,797,401 420,903,912 

1 651 格力電器 906,134,053 1,260,860,596 2,166,994,649 
2 858 五糧液 626,142,380 728,591,522 1,354,733,902 
3 333 美的集團 324,055,405 669,823,824 993,879,229 
4 2415 海康威視 375,423,347 522,496,452 897,919,799 
5 1 平安銀行 134,123,694 454,605,488 588,729,182 
6 2008 大族激光 248,409,259 324,141,438 572,550,697 
7 63 中興通訊 225,516,066 301,180,839 526,696,905 
8 2 萬科Ａ 200,316,847 278,215,367 478,532,214 
9 300498 溫氏股份 148,487,645 274,326,414 422,814,059 
10 2475 立訊精密 280,129,540 133,381,864 413,511,404 
