1 601318 中國平安 224,836,621 658,604,175 883,440,796 
2 600519 貴州茅台 302,263,002 358,387,386 660,650,388 
3 600183 生益科技 234,482,532 245,956,120 480,438,652 
4 600036 招商銀行 255,618,357 219,742,995 475,361,352 
5 600887 伊利股份 87,788,059 293,496,748 381,284,807 
6 600276 恒瑞醫藥 80,646,757 155,740,277 236,387,034 
7 600031 三一重工 89,641,079 111,851,897 201,492,976 
8 601166 興業銀行 96,382,207 87,372,167 183,754,374 
9 600900 長江電力 49,412,354 130,132,996 179,545,350 
10 600030 中信證券 31,989,696 144,332,706 176,322,402 

1 858 五糧液 1,142,257,573 340,000,849 1,482,258,422 
2 2415 海康威視 272,552,317 205,423,694 477,976,011 
3 333 美的集團 239,516,542 234,181,323 473,697,865 
4 2714 牧原股份 284,512,479 127,810,808 412,323,287 
5 651 格力電器 227,318,314 180,299,940 407,618,254 
6 1 平安銀行 209,487,831 137,173,024 346,660,855 
7 300498 溫氏股份 250,603,728 47,327,192 297,930,920 
8 300059 東方財富 149,781,489 118,284,599 268,066,088 
9 2304 洋河股份 83,717,665 126,749,836 210,467,501 
10 2475 立訊精密 104,992,350 99,397,633 204,389,983 
