1 600519 貴州茅台 1,505,363,547 1,010,229,909 2,515,593,456 
2 600276 恒瑞醫藥 319,283,591 341,896,998 661,180,589 
3 601888 中國國旅 328,988,682 215,941,498 544,930,180 
4 601318 中國平安 199,032,572 265,493,938 464,526,510 
5 600009 上海機場 182,914,380 209,403,489 392,317,869 
6 600048 保利地產 166,182,191 155,783,318 321,965,509 
7 600036 招商銀行 199,716,718 108,346,134 308,062,852 
8 601166 興業銀行 113,920,599 180,657,653 294,578,252 
9 600183 生益科技 162,436,004 129,196,451 291,632,455 
10 603259 藥明康德 158,367,435 115,289,475 273,656,910 

1 2415 海康威視 562,007,539 603,364,190 1,165,371,729 
2 858 五糧液 430,657,742 629,599,361 1,060,257,103 
3 300136 信維通信 387,658,424 251,641,439 639,299,863 
4 2236 大華股份 93,162,189 479,120,444 572,282,633 
5 2714 牧原股份 324,033,744 224,819,257 548,853,001 
6 2475 立訊精密 302,042,343 179,266,167 481,308,510 
7 2241 歌爾股份 187,475,082 260,155,015 447,630,097 
8 651 格力電器 183,074,455 185,282,477 368,356,932 
9 2 萬科Ａ 89,275,383 254,662,528 343,937,911 
10 333 美的集團 176,106,646 114,222,515 290,329,161 
