1 600519 貴州茅台 938,674,757 1,764,788,664 2,703,463,421 
2 601318 中國平安 641,003,696 826,351,450 1,467,355,146 
3 600036 招商銀行 506,857,644 391,383,004 898,240,648 
4 600104 上汽集團 497,260,960 221,134,463 718,395,423 
5 600030 中信證券 323,572,388 369,136,693 692,709,081 
6 600585 海螺水泥 264,234,528 348,408,163 612,642,691 
7 600887 伊利股份 208,862,694 305,843,446 514,706,140 
8 600276 恒瑞醫藥 167,947,442 344,480,999 512,428,441 
9 600031 三一重工 229,908,509 235,073,018 464,981,527 
10 600690 青島海爾 192,540,664 221,806,703 414,347,367 

1 858 五糧液 702,973,988 1,414,233,840 2,117,207,828 
2 651 格力電器 874,473,469 1,167,789,884 2,042,263,353 
3 333 美的集團 250,076,268 992,466,782 1,242,543,050 
4 2415 海康威視 175,843,120 295,887,798 471,730,918 
5 2 萬科Ａ 151,199,479 293,684,143 444,883,622 
6 2304 洋河股份 183,738,847 206,070,285 389,809,132 
7 338 濰柴動力 213,168,560 140,847,739 354,016,299 
8 300498 溫氏股份 169,542,678 145,590,788 315,133,466 
9 568 瀘州老窖 109,105,178 199,154,425 308,259,603 
10 538 雲南白藥 203,541,458 84,390,807 287,932,265 
