1 600519 貴州茅台 1,378,443,055 2,115,982,793 3,494,425,848 
2 601318 中國平安 795,531,437 1,177,490,756 1,973,022,193 
3 600036 招商銀行 368,237,035 561,161,616 929,398,651 
4 600887 伊利股份 343,024,993 437,466,559 780,491,552 
5 600030 中信證券 343,093,760 310,292,775 653,386,535 
6 601166 興業銀行 284,821,414 239,819,319 524,640,733 
7 601888 中國國旅 183,630,148 168,324,264 351,954,412 
8 600276 恒瑞醫藥 123,900,070 223,475,490 347,375,560 
9 600309 萬華化學 87,302,449 256,966,105 344,268,554 
10 601601 中國太保 197,398,395 131,737,851 329,136,246 

1 858 五糧液 788,051,696 711,416,933 1,499,468,629 
2 651 格力電器 715,941,811 559,577,566 1,275,519,377 
3 1 平安銀行 382,562,030 218,608,610 601,170,640 
4 568 瀘州老窖 259,338,650 295,332,174 554,670,824 
5 2415 海康威視 268,047,137 215,738,002 483,785,139 
6 2304 洋河股份 119,586,042 321,389,364 440,975,406 
7 300498 溫氏股份 178,777,423 193,147,962 371,925,385 
8 2 萬科Ａ 151,892,957 202,301,746 354,194,703 
9 63 中興通訊 208,622,651 132,792,028 341,414,679 
10 2714 牧原股份 151,498,260 178,825,750 330,324,010 
