1 600519 貴州茅台 670,293,044 750,060,343 1,420,353,387 
2 601318 中國平安 725,008,529 405,504,493 1,130,513,022 
3 600585 海螺水泥 412,694,746 162,434,571 575,129,317 
4 600036 招商銀行 464,677,757 95,363,517 560,041,274 
5 600276 恒瑞醫藥 259,382,615 281,865,677 541,248,292 
6 600183 生益科技 207,047,649 316,634,876 523,682,525 
7 601888 中國國旅 143,879,977 187,108,186 330,988,163 
8 601166 興業銀行 186,499,565 138,034,193 324,533,758 
9 603160 匯頂科技 280,479,055 39,362,116 319,841,171 
10 600048 保利地產 192,176,818 126,271,577 318,448,395 

1 858 五糧液 669,116,465 1,099,656,355 1,768,772,820 
2 333 美的集團 371,578,861 587,464,011 959,042,872 
3 651 格力電器 606,144,973 285,955,071 892,100,044 
4 2714 牧原股份 174,295,631 327,856,886 502,152,517 
5 2 萬科Ａ 364,221,255 128,436,486 492,657,741 
6 2415 海康威視 165,180,517 255,854,884 421,035,401 
7 1 平安銀行 285,659,725 130,902,601 416,562,326 
8 2241 歌爾股份 134,482,662 241,523,396 376,006,058 
9 2475 立訊精密 149,482,220 178,864,305 328,346,525 
10 300498 溫氏股份 159,435,498 129,962,582 289,398,080 
