1 601318 中國平安 245,048,674 653,607,813 898,656,487 
2 600519 貴州茅台 418,420,746 474,614,939 893,035,685 
3 600276 恒瑞醫藥 263,646,821 442,032,116 705,678,937 
4 600585 海螺水泥 309,474,575 174,559,380 484,033,955 
5 600887 伊利股份 188,390,060 204,479,891 392,869,951 
6 600036 招商銀行 170,236,016 199,260,691 369,496,707 
7 600030 中信證券 232,762,395 134,781,529 367,543,924 
8 601888 中國國旅 173,829,161 109,151,374 282,980,535 
9 600900 長江電力 157,454,473 121,336,891 278,791,364 
10 600009 上海機場 104,757,115 135,992,595 240,749,710 

1 858 五糧液 618,871,991 1,260,307,612 1,879,179,603 
2 333 美的集團 305,104,616 326,800,040 631,904,656 
3 2415 海康威視 87,278,828 494,570,655 581,849,483 
4 2304 洋河股份 249,946,186 184,296,865 434,243,051 
5 568 瀘州老窖 213,787,512 162,341,879 376,129,391 
6 2475 立訊精密 164,731,047 205,809,991 370,541,038 
7 651 格力電器 202,878,055 151,774,757 354,652,812 
8 300498 溫氏股份 113,677,005 232,604,111 346,281,116 
9 2714 牧原股份 97,733,535 170,006,341 267,739,876 
10 860 順鑫農業 165,575,696 96,358,266 261,933,962 
