1 600519 貴州茅台 174,561,129 408,843,077 583,404,206 
2 601318 中國平安 172,046,833 311,794,132 483,840,965 
3 600887 伊利股份 179,502,041 220,593,066 400,095,107 
4 600048 保利地產 69,124,701 246,991,487 316,116,188 
5 600036 招商銀行 108,312,557 163,070,628 271,383,185 
6 600183 生益科技 145,917,580 120,805,491 266,723,071 
7 600276 恒瑞醫藥 63,556,695 169,609,426 233,166,121 
8 601888 中國國旅 93,567,915 82,407,750 175,975,665 
9 600009 上海機場 107,525,870 63,154,914 170,680,784 
10 601166 興業銀行 132,115,829 33,474,210 165,590,039 

1 2415 海康威視 189,062,583 337,677,692 526,740,275 
2 2304 洋河股份 171,327,634 195,641,995 366,969,629 
3 858 五糧液 92,676,457 272,336,421 365,012,878 
4 300498 溫氏股份 188,525,308 78,843,377 267,368,685 
5 333 美的集團 122,383,132 131,040,272 253,423,404 
6 651 格力電器 149,968,887 100,046,606 250,015,493 
7 2714 牧原股份 131,927,998 50,880,928 182,808,926 
8 2475 立訊精密 83,439,846 96,334,279 179,774,125 
9 2 萬科Ａ 62,111,605 107,810,160 169,921,765 
10 300308 中際旭創 126,274,858 33,991,854 160,266,712 
