1 600519 貴州茅台 479,024,911 258,174,797 737,199,708 
2 601318 中國平安 447,948,725 200,062,222 648,010,947 
3 601888 中國國旅 320,701,792 154,740,784 475,442,576 
4 600009 上海機場 140,961,037 249,656,775 390,617,812 
5 600276 恒瑞醫藥 160,699,802 131,477,389 292,177,191 
6 600104 上汽集團 185,889,791 62,122,115 248,011,906 
7 600036 招商銀行 120,411,439 101,504,946 221,916,385 
8 600030 中信證券 100,271,496 119,893,110 220,164,606 
9 601186 中國鐵建 143,898,027 53,193,083 197,091,110 
10 600028 中國石化 146,562,567 48,366,616 194,929,183 

1 2415 海康威視 178,429,598 160,856,811 339,286,409 
2 333 美的集團 181,982,850 77,937,942 259,920,792 
3 1 平安銀行 182,006,845 35,235,538 217,242,383 
4 858 五糧液 88,343,768 119,388,965 207,732,733 
5 651 格力電器 136,962,121 69,224,904 206,187,025 
6 2304 洋河股份 51,619,892 85,589,275 137,209,167 
7 2 萬科Ａ 82,205,193 49,442,433 131,647,626 
8 2230 科大訊飛 28,337,442 91,417,175 119,754,617 
9 2236 大華股份 68,857,514 45,282,574 114,140,088 
10 2508 老闆電器 64,197,396 43,518,016 107,715,412 
