1 600519 貴州茅台 670,951,035 634,820,517 1,305,771,552 
2 601318 中國平安 657,371,016 242,068,263 899,439,279 
3 600036 招商銀行 173,801,148 195,378,570 369,179,718 
4 600887 伊利股份 201,125,226 134,672,880 335,798,106 
5 600585 海螺水泥 89,141,538 193,067,092 282,208,630 
6 600009 上海機場 87,360,018 161,476,696 248,836,714 
7 600309 萬華化學 34,400,875 210,897,036 245,297,911 
8 600276 恒瑞醫藥 82,719,286 144,486,690 227,205,976 
9 600104 上汽集團 134,011,779 84,871,726 218,883,505 
10 600030 中信證券 61,628,629 138,789,839 200,418,468 

1 2415 海康威視 349,929,955 708,337,440 1,058,267,395 
2 858 五糧液 396,073,971 491,384,056 887,458,027 
3 333 美的集團 193,106,460 632,817,996 825,924,456 
4 651 格力電器 304,646,569 354,632,447 659,279,016 
5 2714 牧原股份 239,688,076 185,598,371 425,286,447 
6 300498 溫氏股份 218,345,065 142,595,177 360,940,242 
7 2157 正邦科技 148,365,350 120,986,504 269,351,854 
8 568 瀘州老窖 103,808,900 162,851,988 266,660,888 
9 2475 立訊精密 92,322,252 133,269,327 225,591,579 
10 2236 大華股份 42,739,449 182,471,145 225,210,594 
