1 600519 貴州茅台 1,190,892,921 313,998,408 1,504,891,329 
2 601318 中國平安 1,021,811,232 235,775,051 1,257,586,283 
3 600036 招商銀行 402,624,092 170,859,379 573,483,471 
4 600887 伊利股份 329,704,528 177,874,050 507,578,578 
5 601166 興業銀行 280,281,075 135,125,147 415,406,222 
6 600276 恒瑞醫藥 233,699,591 170,473,454 404,173,045 
7 600030 中信證券 214,556,559 111,323,505 325,880,064 
8 600009 上海機場 174,214,920 116,382,940 290,597,860 
9 600585 海螺水泥 234,702,823 50,317,642 285,020,465 
10 600104 上汽集團 130,401,895 145,980,038 276,381,933 

1 2415 海康威視 629,240,318 395,549,902 1,024,790,220 
2 858 五糧液 612,604,511 219,112,673 831,717,184 
3 651 格力電器 326,887,260 179,075,252 505,962,512 
4 333 美的集團 282,940,549 166,039,387 448,979,936 
5 2 萬科Ａ 253,022,141 112,836,299 365,858,440 
6 2714 牧原股份 146,704,128 173,733,346 320,437,474 
7 300498 溫氏股份 222,240,298 69,312,556 291,552,854 
8 2304 洋河股份 181,622,345 108,693,625 290,315,970 
9 63 中興通訊 206,179,131 44,981,766 251,160,897 
10 1 平安銀行 170,114,621 77,078,233 247,192,854 
