1 600519 貴州茅台 1,588,059,061 1,027,337,070 2,615,396,131 
2 601318 中國平安 785,055,430 1,307,745,944 2,092,801,374 
3 600030 中信證券 658,217,445 790,963,313 1,449,180,758 
4 600036 招商銀行 651,595,864 593,136,018 1,244,731,882 
5 600887 伊利股份 603,193,874 428,989,351 1,032,183,225 
6 601166 興業銀行 346,169,257 559,738,804 905,908,061 
7 600276 恒瑞醫藥 379,749,224 405,419,021 785,168,245 
8 600585 海螺水泥 474,512,207 253,303,320 727,815,527 
9 601668 中國建築 409,985,249 266,203,194 676,188,443 
10 600104 上汽集團 297,187,719 346,825,656 644,013,375 

1 858 五糧液 853,398,250 865,520,264 1,718,918,514 
2 651 格力電器 1,084,717,778 565,430,282 1,650,148,060 
3 2415 海康威視 790,836,411 686,526,291 1,477,362,702 
4 333 美的集團 802,092,296 426,225,575 1,228,317,871 
5 2 萬科Ａ 302,487,904 346,329,514 648,817,418 
6 2304 洋河股份 268,646,336 282,001,378 550,647,714 
7 2475 立訊精密 275,451,014 269,357,302 544,808,316 
8 1 平安銀行 220,120,776 271,441,999 491,562,775 
9 300059 東方財富 180,393,519 235,172,364 415,565,883 
10 300136 信維通信 207,979,406 175,213,605 383,193,011 
