1 600519 貴州茅台 1,859,286,266 373,715,082 2,233,001,348 
2 601318 中國平安 507,780,168 207,775,627 715,555,795 
3 600036 招商銀行 286,429,957 95,360,448 381,790,405 
4 600887 伊利股份 176,053,767 150,527,822 326,581,589 
5 600276 恒瑞醫藥 229,891,550 78,440,665 308,332,215 
6 601398 工商銀行 197,433,475 74,111,701 271,545,176 
7 601888 中國國旅 207,513,759 62,464,649 269,978,408 
8 600690 青島海爾 131,293,517 107,178,214 238,471,731 
9 601012 隆基股份 128,806,890 81,996,163 210,803,053 
10 600009 上海機場 115,167,001 87,722,775 202,889,776 

1 858 五糧液 760,582,466 136,107,320 896,689,786 
2 651 格力電器 403,801,911 124,935,121 528,737,032 
3 333 美的集團 274,965,364 135,783,373 410,748,737 
4 2714 牧原股份 322,703,208 27,052,912 349,756,120 
5 2 萬科Ａ 207,285,078 106,321,379 313,606,457 
6 2415 海康威視 201,175,841 82,953,224 284,129,065 
7 2304 洋河股份 184,657,247 61,108,842 245,766,089 
8 1 平安銀行 200,234,780 14,943,627 215,178,407 
9 963 華東醫藥 98,568,335 40,276,783 138,845,118 
10 2008 大族激光 105,963,978 32,442,348 138,406,326 
