1 601318 中國平安 898,160,997 646,028,375 1,544,189,372 
2 600519 貴州茅台 831,015,952 698,428,869 1,529,444,821 
3 600030 中信證券 663,983,900 575,285,867 1,239,269,767 
4 600036 招商銀行 539,578,053 256,399,172 795,977,225 
5 601166 興業銀行 410,542,527 289,971,103 700,513,630 
6 600048 保利地產 425,760,040 135,999,640 561,759,680 
7 600104 上汽集團 217,406,274 257,980,868 475,387,142 
8 600276 恒瑞醫藥 207,896,660 266,479,149 474,375,809 
9 600887 伊利股份 254,423,810 190,388,071 444,811,881 
10 601668 中國建築 264,987,413 173,446,628 438,434,041 

1 858 五糧液 548,589,988 714,083,011 1,262,672,999 
2 651 格力電器 726,724,475 213,766,028 940,490,503 
3 2415 海康威視 339,556,348 374,617,013 714,173,361 
4 2714 牧原股份 298,628,002 235,833,362 534,461,364 
5 333 美的集團 352,004,492 182,314,068 534,318,560 
6 2 萬科Ａ 328,903,582 199,078,826 527,982,408 
7 1 平安銀行 221,229,068 205,090,010 426,319,078 
8 2475 立訊精密 172,997,428 238,562,566 411,559,994 
9 338 濰柴動力 105,386,965 261,381,167 366,768,132 
10 2304 洋河股份 225,277,071 135,246,528 360,523,599 
