1 600519 貴州茅台 625,638,295 1,084,728,715 1,710,367,010 
2 601318 中國平安 522,819,700 544,234,457 1,067,054,157 
3 600036 招商銀行 280,703,931 255,111,193 535,815,124 
4 600887 伊利股份 239,965,009 253,204,464 493,169,473 
5 600276 恒瑞醫藥 81,377,094 303,677,584 385,054,678 
6 600030 中信證券 157,862,319 153,495,205 311,357,524 
7 600585 海螺水泥 89,251,487 216,899,298 306,150,785 
8 601166 興業銀行 127,549,698 149,849,128 277,398,826 
9 601398 工商銀行 139,114,488 130,029,124 269,143,612 
10 600104 上汽集團 66,313,538 185,380,680 251,694,218 

1 2415 海康威視 470,232,838 1,364,628,576 1,834,861,414 
2 858 五糧液 463,179,870 551,332,622 1,014,512,492 
3 333 美的集團 298,303,931 600,656,734 898,960,665 
4 651 格力電器 216,644,918 359,495,159 576,140,077 
5 2475 立訊精密 190,891,263 160,188,990 351,080,253 
6 568 瀘州老窖 172,715,885 159,020,564 331,736,449 
7 2304 洋河股份 118,511,871 202,691,887 321,203,758 
8 63 中興通訊 85,988,293 206,400,324 292,388,617 
9 2714 牧原股份 115,048,678 150,256,963 265,305,641 
10 2 萬科Ａ 88,024,446 144,161,448 232,185,894 
