1 600519 貴州茅台 1,148,435,089 2,497,131,582 3,645,566,671 
2 601318 中國平安 606,314,274 987,156,733 1,593,471,007 
3 600887 伊利股份 465,108,635 346,934,903 812,043,538 
4 600036 招商銀行 291,350,192 332,299,743 623,649,935 
5 600276 恒瑞醫藥 160,129,691 369,935,435 530,065,126 
6 600030 中信證券 194,796,353 277,560,198 472,356,551 
7 601166 興業銀行 192,969,710 271,225,566 464,195,276 
8 600009 上海機場 44,629,351 319,031,267 363,660,618 
9 600585 海螺水泥 101,569,092 187,945,245 289,514,337 
10 600031 三一重工 122,793,706 147,890,831 270,684,537 

1 858 五糧液 611,305,942 597,458,860 1,208,764,802 
2 651 格力電器 326,863,966 502,885,019 829,748,985 
3 2714 牧原股份 215,222,122 218,927,751 434,149,873 
4 300498 溫氏股份 260,460,287 165,794,082 426,254,369 
5 568 瀘州老窖 161,658,585 252,709,448 414,368,033 
6 63 中興通訊 210,173,756 183,123,405 393,297,161 
7 1 平安銀行 162,322,995 200,730,434 363,053,429 
8 2415 海康威視 124,566,434 227,348,608 351,915,042 
9 2 萬科Ａ 125,003,844 225,743,444 350,747,288 
10 2304 洋河股份 127,716,478 186,191,254 313,907,732 
