1 600519 貴州茅台 792,830,127 746,621,932 1,539,452,059 
2 601318 中國平安 702,615,896 235,218,968 937,834,864 
3 600036 招商銀行 491,571,947 50,794,911 542,366,858 
4 600887 伊利股份 148,340,239 301,419,242 449,759,481 
5 600048 保利地產 342,885,100 90,327,968 433,213,068 
6 600276 恒瑞醫藥 211,760,313 155,842,094 367,602,407 
7 601888 中國國旅 107,455,152 182,083,069 289,538,221 
8 601166 興業銀行 201,137,310 81,207,446 282,344,756 
9 600030 中信證券 112,560,642 165,626,174 278,186,816 
10 600183 生益科技 117,841,191 145,442,821 263,284,012 

1 858 五糧液 715,556,167 932,667,806 1,648,223,973 
2 2 萬科Ａ 320,250,522 131,718,928 451,969,450 
3 333 美的集團 335,445,719 112,265,117 447,710,836 
4 651 格力電器 168,052,429 225,333,441 393,385,870 
5 1 平安銀行 140,642,095 138,235,513 278,877,608 
6 2714 牧原股份 154,752,673 105,729,321 260,481,994 
7 568 瀘州老窖 154,271,971 91,569,956 245,841,927 
8 2415 海康威視 156,202,692 87,298,440 243,501,132 
9 2475 立訊精密 111,135,977 88,932,583 200,068,560 
10 63 中興通訊 68,990,147 117,201,962 186,192,109 
