1 600519 貴州茅台 914,041,045 541,466,488 1,455,507,533 
2 600009 上海機場 174,445,134 521,059,617 695,504,751 
3 601318 中國平安 347,409,982 340,995,449 688,405,431 
4 601888 中國國旅 410,204,748 266,862,000 677,066,748 
5 600276 恒瑞醫藥 228,886,122 245,365,518 474,251,640 
6 600585 海螺水泥 349,888,849 58,286,231 408,175,080 
7 600030 中信證券 177,581,643 152,199,848 329,781,491 
8 600048 保利地產 169,953,325 112,318,830 282,272,155 
9 600887 伊利股份 204,053,194 74,579,990 278,633,184 
10 600004 白雲機場 74,362,974 185,719,144 260,082,118 

1 858 五糧液 981,818,331 648,524,264 1,630,342,595 
2 2415 海康威視 76,553,296 615,913,165 692,466,461 
3 651 格力電器 393,917,336 203,797,990 597,715,326 
4 333 美的集團 238,293,762 327,006,139 565,299,901 
5 2304 洋河股份 363,805,760 149,708,607 513,514,367 
6 300498 溫氏股份 139,049,549 149,670,067 288,719,616 
7 568 瀘州老窖 210,065,577 66,030,728 276,096,305 
8 2 萬科Ａ 215,130,567 55,223,420 270,353,987 
9 2714 牧原股份 123,135,753 106,551,207 229,686,960 
10 2475 立訊精密 33,774,816 173,621,098 207,395,914 
