1 600519 貴州茅台 319,442,961 690,157,123 1,009,600,084 
2 601318 中國平安 328,478,208 402,109,821 730,588,029 
3 600036 招商銀行 317,739,418 331,803,372 649,542,790 
4 600547 山東黃金 106,984,001 275,318,167 382,302,168 
5 601166 興業銀行 247,121,026 131,090,368 378,211,394 
6 600703 三安光電 319,134,809 42,012,422 361,147,231 
7 600276 恒瑞醫藥 180,777,795 160,295,179 341,072,974 
8 600183 生益科技 149,955,232 159,366,333 309,321,565 
9 600900 長江電力 217,603,513 80,827,613 298,431,126 
10 600887 伊利股份 164,160,522 121,361,848 285,522,370 

1 1 平安銀行 803,953,767 530,137,137 1,334,090,904 
2 858 五糧液 225,979,278 324,130,045 550,109,323 
3 2241 歌爾股份 324,009,811 207,718,821 531,728,632 
4 300498 溫氏股份 357,251,878 109,111,900 466,363,778 
5 2714 牧原股份 253,190,562 209,092,602 462,283,164 
6 333 美的集團 233,860,227 220,979,007 454,839,234 
7 2415 海康威視 310,883,939 142,808,901 453,692,840 
8 2475 立訊精密 145,383,557 203,336,154 348,719,711 
9 2456 歐菲光 162,044,495 173,584,726 335,629,221 
10 977 浪潮信息 48,128,006 271,386,102 319,514,108 
