1 601318 中國平安 1,509,791,809 1,352,881,850 2,862,673,659 
2 600519 貴州茅台 604,149,803 794,640,749 1,398,790,552 
3 600036 招商銀行 283,346,865 606,074,670 889,421,535 
4 600030 中信證券 454,284,748 373,045,258 827,330,006 
5 601398 工商銀行 489,643,716 152,363,189 642,006,905 
6 601166 興業銀行 256,262,681 329,098,581 585,361,262 
7 600887 伊利股份 260,637,419 232,143,068 492,780,487 
8 600276 恒瑞醫藥 269,689,894 201,488,804 471,178,698 
9 600016 民生銀行 105,841,551 291,068,272 396,909,823 
10 603288 海天味業 120,498,435 267,859,919 388,358,354 

1 858 五糧液 706,428,165 442,812,856 1,149,241,021 
2 333 美的集團 503,902,549 439,793,303 943,695,852 
3 2415 海康威視 475,326,919 281,661,970 756,988,889 
4 651 格力電器 366,019,312 320,739,080 686,758,392 
5 1 平安銀行 225,184,376 158,626,481 383,810,857 
6 63 中興通訊 157,497,133 217,304,545 374,801,678 
7 2475 立訊精密 140,733,965 207,353,183 348,087,148 
8 2304 洋河股份 207,886,454 120,834,785 328,721,239 
9 2 萬科Ａ 166,043,537 128,419,420 294,462,957 
10 300059 東方財富 189,313,898 94,948,384 284,262,282 
