1 601318 中國平安 1,062,245,199 754,676,476 1,816,921,675 
2 600519 貴州茅台 968,469,876 779,277,112 1,747,746,988 
3 600276 恒瑞醫藥 750,959,035 239,816,375 990,775,410 
4 600887 伊利股份 402,283,160 520,650,607 922,933,767 
5 600030 中信證券 439,965,758 350,472,808 790,438,566 
6 600036 招商銀行 553,946,890 221,735,947 775,682,837 
7 600009 上海機場 320,362,993 354,310,621 674,673,614 
8 601888 中國國旅 337,934,351 262,563,096 600,497,447 
9 600585 海螺水泥 297,693,625 202,666,429 500,360,054 
10 600031 三一重工 244,868,128 181,816,632 426,684,760 

1 858 五糧液 925,147,047 804,989,789 1,730,136,836 
2 651 格力電器 544,407,884 778,662,343 1,323,070,227 
3 333 美的集團 681,373,978 159,855,171 841,229,149 
4 2415 海康威視 333,782,295 124,687,424 458,469,719 
5 2304 洋河股份 245,918,791 192,144,156 438,062,947 
6 63 中興通訊 146,752,633 256,819,571 403,572,204 
7 300498 溫氏股份 172,775,488 228,358,350 401,133,838 
8 1 平安銀行 184,347,008 209,099,595 393,446,603 
9 568 瀘州老窖 190,905,168 196,185,914 387,091,082 
10 2 萬科Ａ 258,925,027 120,777,038 379,702,065 
