1 600519 貴州茅台 693,913,799 1,408,284,146 2,102,197,945 
2 601318 中國平安 445,469,247 574,121,727 1,019,590,974 
3 601166 興業銀行 118,221,087 367,093,984 485,315,071 
4 600585 海螺水泥 273,305,809 197,246,101 470,551,910 
5 600276 恒瑞醫藥 162,586,037 300,690,373 463,276,410 
6 600036 招商銀行 201,898,261 199,443,157 401,341,418 
7 600887 伊利股份 123,860,831 245,193,101 369,053,932 
8 600030 中信證券 85,453,230 207,602,647 293,055,877 
9 600309 萬華化學 192,566,668 69,707,591 262,274,259 
10 601012 隆基股份 127,196,291 112,286,407 239,482,698 

1 858 五糧液 427,762,542 909,662,117 1,337,424,659 
2 651 格力電器 331,297,582 548,297,059 879,594,641 
3 2415 海康威視 305,888,411 565,019,121 870,907,532 
4 2304 洋河股份 151,214,864 383,024,854 534,239,718 
5 300498 溫氏股份 279,428,628 90,770,553 370,199,181 
6 568 瀘州老窖 135,906,028 223,475,159 359,381,187 
7 2475 立訊精密 208,368,382 146,531,687 354,900,069 
8 2714 牧原股份 206,453,560 115,886,939 322,340,499 
9 63 中興通訊 131,494,230 122,034,520 253,528,750 
10 725 京東方Ａ 164,086,317 40,496,239 204,582,556 
