1 600519 貴州茅台 700,581,407 533,611,144 1,234,192,551 
2 601318 中國平安 254,766,289 444,193,123 698,959,412 
3 600009 上海機場 149,929,281 399,556,842 549,486,123 
4 601888 中國國旅 262,228,968 124,507,465 386,736,433 
5 600276 恒瑞醫藥 181,505,899 156,513,280 338,019,179 
6 600036 招商銀行 179,491,328 114,087,820 293,579,148 
7 600030 中信證券 134,967,000 143,141,957 278,108,957 
8 603288 海天味業 157,824,310 60,207,425 218,031,735 
9 600887 伊利股份 106,238,838 108,306,688 214,545,526 
10 600048 保利地產 167,904,794 32,974,207 200,879,001 

1 858 五糧液 1,069,674,123 758,479,454 1,828,153,577 
2 333 美的集團 404,041,199 352,738,348 756,779,547 
3 300498 溫氏股份 329,901,746 148,029,512 477,931,258 
4 2415 海康威視 63,168,627 322,577,242 385,745,869 
5 568 瀘州老窖 139,906,168 187,832,212 327,738,380 
6 651 格力電器 142,064,241 132,043,375 274,107,616 
7 2714 牧原股份 154,251,198 119,179,610 273,430,808 
8 2304 洋河股份 150,487,235 121,535,022 272,022,257 
9 1 平安銀行 167,334,188 96,160,537 263,494,725 
10 2 萬科Ａ 202,409,837 47,747,032 250,156,869 
