1 600519 貴州茅台 520,616,761 314,603,150 835,219,911 
2 601318 中國平安 361,564,867 258,285,567 619,850,434 
3 600036 招商銀行 404,652,010 162,126,526 566,778,536 
4 600183 生益科技 213,319,842 116,793,057 330,112,899 
5 601166 興業銀行 210,674,557 111,787,835 322,462,392 
6 601888 中國國旅 222,899,688 72,644,330 295,544,018 
7 600887 伊利股份 93,055,714 187,824,777 280,880,491 
8 600276 恒瑞醫藥 87,591,398 186,242,977 273,834,375 
9 600585 海螺水泥 132,211,499 115,851,207 248,062,706 
10 600031 三一重工 141,556,643 70,077,855 211,634,498 

1 858 五糧液 446,871,149 823,488,788 1,270,359,937 
2 2415 海康威視 548,373,188 348,720,040 897,093,228 
3 2008 大族激光 84,463,285 502,792,155 587,255,440 
4 333 美的集團 214,401,186 108,953,900 323,355,086 
5 2475 立訊精密 244,724,305 70,405,575 315,129,880 
6 651 格力電器 212,466,306 93,616,796 306,083,102 
7 300498 溫氏股份 170,448,418 66,033,042 236,481,460 
8 300136 信維通信 82,998,335 146,909,818 229,908,153 
9 2241 歌爾股份 130,643,661 91,100,085 221,743,746 
10 1 平安銀行 137,055,386 79,323,587 216,378,973 
