1 600519 貴州茅台 518,914,722 1,608,480,270 2,127,394,992 
2 601318 中國平安 495,292,403 467,429,030 962,721,433 
3 600036 招商銀行 234,520,133 358,486,983 593,007,116 
4 600585 海螺水泥 377,653,226 187,219,843 564,873,069 
5 600030 中信證券 296,286,490 250,024,128 546,310,618 
6 600352 浙江龍盛 332,315,016 168,761,387 501,076,403 
7 600031 三一重工 177,141,441 315,433,605 492,575,046 
8 600276 恒瑞醫藥 278,057,167 206,523,088 484,580,255 
9 600887 伊利股份 140,954,605 309,634,332 450,588,937 
10 601888 中國國旅 297,818,603 97,398,237 395,216,840 

1 651 格力電器 659,322,731 637,866,020 1,297,188,751 
2 858 五糧液 700,831,844 569,794,778 1,270,626,622 
3 333 美的集團 379,633,424 849,846,732 1,229,480,156 
4 2304 洋河股份 222,842,152 236,901,925 459,744,077 
5 1 平安銀行 154,191,986 201,877,551 356,069,537 
6 538 雲南白藥 241,540,136 91,960,682 333,500,818 
7 2 萬科Ａ 174,053,955 145,416,758 319,470,713 
8 300498 溫氏股份 211,121,329 101,001,099 312,122,428 
9 338 濰柴動力 84,979,809 220,796,569 305,776,378 
10 2415 海康威視 75,763,820 220,766,196 296,530,016 
