1 601318 中國平安 296,637,774 533,741,830 830,379,604 
2 600519 貴州茅台 498,160,031 314,713,374 812,873,405 
3 600276 恒瑞醫藥 183,953,006 520,453,084 704,406,090 
4 600036 招商銀行 84,046,479 129,082,784 213,129,263 
5 600887 伊利股份 77,621,536 91,830,070 169,451,606 
6 600585 海螺水泥 67,587,620 64,765,501 132,353,121 
7 601328 交通銀行 117,614,660 13,742,003 131,356,663 
8 601012 隆基股份 77,513,484 49,386,306 126,899,790 
9 600009 上海機場 62,317,724 61,980,756 124,298,480 
10 600016 民生銀行 46,408,585 71,017,810 117,426,395 

1 858 五糧液 356,605,954 280,131,102 636,737,056 
2 2415 海康威視 114,308,437 76,739,421 191,047,858 
3 2304 洋河股份 61,656,634 97,029,277 158,685,911 
4 2027 分眾傳媒 128,404,916 28,246,807 156,651,723 
5 651 格力電器 58,983,507 84,768,964 143,752,471 
6 2475 立訊精密 83,922,045 46,414,243 130,336,288 
7 333 美的集團 24,800,810 104,104,729 128,905,539 
8 963 華東醫藥 89,049,829 25,084,748 114,134,577 
9 2 萬科Ａ 35,521,230 62,156,964 97,678,194 
10 2007 華蘭生物 64,327,210 26,537,693 90,864,903 
