1 600519 貴州茅台 1,494,674,667 1,207,680,655 2,702,355,322 
2 601318 中國平安 1,237,434,859 798,501,641 2,035,936,500 
3 600036 招商銀行 804,565,315 549,448,137 1,354,013,452 
4 601888 中國國旅 423,301,839 818,672,889 1,241,974,728 
5 600276 恒瑞醫藥 663,631,885 435,951,568 1,099,583,453 
6 600009 上海機場 366,298,860 509,413,037 875,711,897 
7 601288 農業銀行 405,436,766 265,463,582 670,900,348 
8 600183 生益科技 367,104,579 301,871,930 668,976,509 
9 600900 長江電力 353,402,438 267,829,691 621,232,129 
10 601398 工商銀行 347,565,323 246,337,601 593,902,924 

1 1 平安銀行 1,507,627,785 316,907,540 1,824,535,325 
2 858 五糧液 832,812,417 419,141,616 1,251,954,033 
3 2415 海康威視 328,665,349 338,644,414 667,309,763 
4 2 萬科Ａ 387,894,169 253,334,622 641,228,791 
5 651 格力電器 417,418,828 204,733,980 622,152,808 
6 333 美的集團 396,986,286 196,433,877 593,420,163 
7 2475 立訊精密 255,619,056 283,567,199 539,186,255 
8 2241 歌爾股份 305,611,124 221,509,058 527,120,182 
9 2304 洋河股份 241,663,370 257,200,640 498,864,010 
10 568 瀘州老窖 241,128,058 108,634,916 349,762,974 
