1 600519 貴州茅台 530,039,271 1,047,755,099 1,577,794,370 
2 601318 中國平安 428,138,139 804,074,593 1,232,212,732 
3 600036 招商銀行 366,860,267 330,443,330 697,303,597 
4 600276 恒瑞醫藥 314,348,007 244,062,618 558,410,625 
5 600887 伊利股份 222,648,592 243,598,336 466,246,928 
6 600009 上海機場 217,220,946 197,828,014 415,048,960 
7 600031 三一重工 249,444,723 164,345,143 413,789,866 
8 600030 中信證券 128,112,497 253,204,297 381,316,794 
9 601166 興業銀行 116,244,298 250,179,078 366,423,376 
10 601668 中國建築 89,419,355 254,324,251 343,743,606 

1 651 格力電器 369,677,870 1,205,671,216 1,575,349,086 
2 858 五糧液 396,697,916 739,930,574 1,136,628,490 
3 1 平安銀行 448,147,307 522,457,034 970,604,341 
4 2415 海康威視 365,968,258 548,066,713 914,034,971 
5 333 美的集團 219,907,347 433,968,660 653,876,007 
6 63 中興通訊 251,813,630 269,963,566 521,777,196 
7 300498 溫氏股份 256,338,222 232,907,974 489,246,196 
8 2475 立訊精密 272,666,510 106,289,117 378,955,627 
9 2714 牧原股份 195,394,554 182,093,632 377,488,186 
10 2 萬科Ａ 78,881,855 285,645,386 364,527,241 
