1 600036 招商銀行 228,302,760 832,445,820 1,060,748,580 
2 600519 貴州茅台 305,940,347 636,894,074 942,834,421 
3 601318 中國平安 316,098,274 280,378,154 596,476,428 
4 600887 伊利股份 253,392,589 187,639,768 441,032,357 
5 601888 中國國旅 99,720,473 193,545,498 293,265,971 
6 600276 恒瑞醫藥 128,767,905 147,476,812 276,244,717 
7 600009 上海機場 52,856,201 223,241,547 276,097,748 
8 600030 中信證券 116,310,800 153,763,594 270,074,394 
9 601899 紫金礦業 106,966,815 76,911,304 183,878,119 
10 600570 恒生電子 79,466,862 99,133,565 178,600,427 

1 333 美的集團 253,890,906 254,349,919 508,240,825 
2 858 五糧液 206,464,187 260,206,176 466,670,363 
3 651 格力電器 161,819,559 284,917,951 446,737,510 
4 2415 海康威視 98,582,474 129,550,109 228,132,583 
5 2237 恒邦股份 168,520,068 53,193,404 221,713,472 
6 2475 立訊精密 69,127,654 142,157,951 211,285,605 
7 300498 溫氏股份 95,196,884 96,474,443 191,671,327 
8 2230 科大訊飛 69,230,958 109,994,418 179,225,376 
9 1 平安銀行 98,072,716 75,835,055 173,907,771 
10 300015 愛爾眼科 67,018,598 69,382,587 136,401,185 
