1 601318 中國平安 336,221,865 1,455,058,041 1,791,279,906 
2 600519 貴州茅台 157,799,398 846,452,874 1,004,252,272 
3 600031 三一重工 290,703,999 636,777,857 927,481,856 
4 600036 招商銀行 262,524,478 625,905,215 888,429,693 
5 600030 中信證券 234,531,238 486,958,878 721,490,116 
6 600276 恒瑞醫藥 227,451,172 338,766,334 566,217,506 
7 601888 中國國旅 280,067,358 157,659,593 437,726,951 
8 601166 興業銀行 118,377,601 319,146,009 437,523,610 
9 600585 海螺水泥 215,545,994 183,375,744 398,921,738 
10 600887 伊利股份 69,597,639 301,300,633 370,898,272 

1 858 五糧液 379,029,683 657,300,447 1,036,330,130 
2 651 格力電器 338,524,426 672,264,113 1,010,788,539 
3 333 美的集團 126,975,264 568,425,905 695,401,169 
4 2415 海康威視 434,532,117 200,731,634 635,263,751 
5 2 萬科Ａ 86,329,794 314,525,796 400,855,590 
6 300059 東方財富 98,547,134 247,050,060 345,597,194 
7 1 平安銀行 196,097,409 141,253,875 337,351,284 
8 2304 洋河股份 78,852,788 236,245,567 315,098,355 
9 338 濰柴動力 71,373,565 172,181,854 243,555,419 
10 2508 老闆電器 33,068,539 195,530,450 228,598,989 
