1 600519 貴州茅台 390,717,722 378,309,780 769,027,502 
2 601318 中國平安 404,559,602 259,534,374 664,093,976 
3 600276 恒瑞醫藥 230,726,391 86,200,216 316,926,607 
4 600585 海螺水泥 205,722,095 102,106,466 307,828,561 
5 601398 工商銀行 234,115,023 58,124,395 292,239,418 
6 600036 招商銀行 155,303,534 128,379,375 283,682,909 
7 601288 農業銀行 187,177,654 72,379,106 259,556,760 
8 600887 伊利股份 85,185,565 166,814,054 251,999,619 
9 600030 中信證券 166,008,526 83,232,047 249,240,573 
10 601012 隆基股份 89,132,058 113,582,642 202,714,700 

1 651 格力電器 473,626,053 324,508,142 798,134,195 
2 333 美的集團 319,122,982 129,656,681 448,779,663 
3 858 五糧液 135,256,281 156,899,581 292,155,862 
4 2415 海康威視 157,451,858 89,167,559 246,619,417 
5 1979 招商蛇口 139,320,363 75,263,498 214,583,861 
6 2304 洋河股份 99,895,026 91,234,895 191,129,921 
7 2 萬科Ａ 93,883,373 87,544,190 181,427,563 
8 1 平安銀行 89,852,276 84,531,209 174,383,485 
9 2508 老闆電器 147,147,435 19,929,799 167,077,234 
10 2008 大族激光 89,940,132 25,048,284 114,988,416 
