1 600519 貴州茅台 439,343,696 444,339,690 883,683,386 
2 601318 中國平安 274,811,584 333,370,998 608,182,582 
3 600009 上海機場 274,224,861 202,819,298 477,044,159 
4 600036 招商銀行 261,703,605 110,735,881 372,439,486 
5 600887 伊利股份 119,411,419 242,252,606 361,664,025 
6 600031 三一重工 279,917,704 77,869,459 357,787,163 
7 600276 恒瑞醫藥 108,266,519 191,260,867 299,527,386 
8 600030 中信證券 57,860,220 178,909,654 236,769,874 
9 601888 中國國旅 132,910,791 99,417,535 232,328,326 
10 600585 海螺水泥 111,436,706 114,399,454 225,836,160 

1 858 五糧液 228,773,544 350,175,543 578,949,087 
2 651 格力電器 234,116,748 239,629,633 473,746,381 
3 2 萬科Ａ 271,071,438 96,200,918 367,272,356 
4 300498 溫氏股份 225,640,222 129,718,556 355,358,778 
5 725 京東方Ａ 224,482,245 88,426,801 312,909,046 
6 333 美的集團 153,575,939 123,325,609 276,901,548 
7 300059 東方財富 178,377,866 80,434,280 258,812,146 
8 2008 大族激光 65,360,927 180,819,528 246,180,455 
9 568 瀘州老窖 96,951,794 115,352,033 212,303,827 
10 2415 海康威視 88,304,796 118,307,944 206,612,740 
