1 600519 貴州茅台 545,241,248 1,001,634,630 1,546,875,878 
2 601318 中國平安 932,061,432 428,204,155 1,360,265,587 
3 600276 恒瑞醫藥 225,682,349 322,826,071 548,508,420 
4 600009 上海機場 247,419,504 288,026,826 535,446,330 
5 601155 新城控股 173,552,297 230,240,611 403,792,908 
6 600036 招商銀行 191,907,080 178,839,226 370,746,306 
7 601012 隆基股份 70,576,900 141,621,882 212,198,782 
8 601668 中國建築 151,495,444 53,462,519 204,957,963 
9 600031 三一重工 84,624,383 118,829,595 203,453,978 
10 603288 海天味業 45,735,573 142,120,908 187,856,481 

1 1 平安銀行 431,724,414 134,390,590 566,115,004 
2 858 五糧液 412,601,355 134,469,369 547,070,724 
3 2475 立訊精密 315,488,528 137,441,935 452,930,463 
4 300760 邁瑞醫療 253,134,238 186,096,787 439,231,025 
5 2241 歌爾股份 200,645,290 178,971,047 379,616,337 
6 651 格力電器 105,272,078 250,671,249 355,943,327 
7 2415 海康威視 242,169,951 80,501,816 322,671,767 
8 333 美的集團 233,621,925 74,095,166 307,717,091 
9 2 萬科Ａ 208,229,119 77,053,423 285,282,542 
10 2027 分眾傳媒 224,784,042 59,567,128 284,351,170 
