1 600519 貴州茅台 574,071,048 549,766,927 1,123,837,975 
2 601318 中國平安 495,764,370 474,825,172 970,589,542 
3 600887 伊利股份 151,193,292 556,518,272 707,711,564 
4 600030 中信證券 185,597,259 265,426,056 451,023,315 
5 600276 恒瑞醫藥 221,484,715 208,224,776 429,709,491 
6 601888 中國國旅 185,631,367 208,500,426 394,131,793 
7 600036 招商銀行 170,498,364 120,997,673 291,496,037 
8 600009 上海機場 67,036,392 220,837,659 287,874,051 
9 601688 華泰證券 101,549,786 153,710,243 255,260,029 
10 601166 興業銀行 103,165,513 149,474,053 252,639,566 

1 858 五糧液 543,526,947 550,701,459 1,094,228,406 
2 333 美的集團 239,543,401 345,985,981 585,529,382 
3 2415 海康威視 143,800,420 274,905,140 418,705,560 
4 651 格力電器 227,833,640 178,468,510 406,302,150 
5 300498 溫氏股份 191,669,007 142,913,240 334,582,247 
6 568 瀘州老窖 130,416,781 186,194,085 316,610,866 
7 2714 牧原股份 133,847,256 127,562,172 261,409,428 
8 63 中興通訊 60,004,405 169,891,849 229,896,254 
9 2304 洋河股份 118,915,004 108,923,711 227,838,715 
10 300059 東方財富 103,932,099 106,253,409 210,185,508 
