1 600519 貴州茅台 644,657,053 861,705,862 1,506,362,915 
2 601318 中國平安 520,369,327 438,171,749 958,541,076 
3 601166 興業銀行 277,250,386 184,211,179 461,461,565 
4 600036 招商銀行 210,236,693 235,724,297 445,960,990 
5 600031 三一重工 125,037,554 220,355,733 345,393,287 
6 600887 伊利股份 190,902,636 138,075,512 328,978,148 
7 603288 海天味業 232,487,811 77,729,306 310,217,117 
8 601888 中國國旅 140,345,665 153,796,229 294,141,894 
9 600030 中信證券 98,741,426 168,952,482 267,693,908 
10 601288 農業銀行 125,291,025 108,122,600 233,413,625 

1 333 美的集團 476,012,752 622,543,245 1,098,555,997 
2 858 五糧液 291,439,889 391,082,163 682,522,052 
3 2415 海康威視 280,693,280 400,555,810 681,249,090 
4 651 格力電器 184,603,827 386,561,202 571,165,029 
5 300498 溫氏股份 267,963,252 258,868,111 526,831,363 
6 2714 牧原股份 189,233,051 171,247,069 360,480,120 
7 338 濰柴動力 166,642,988 153,013,357 319,656,345 
8 2304 洋河股份 122,783,195 146,933,976 269,717,171 
9 1 平安銀行 91,226,830 150,714,140 241,940,970 
10 2157 正邦科技 70,773,698 142,698,615 213,472,313 
