1 601318 中國平安 792,563,653 195,696,330 988,259,983 
2 600519 貴州茅台 349,912,836 366,517,958 716,430,794 
3 600036 招商銀行 538,024,288 96,406,041 634,430,329 
4 600585 海螺水泥 246,542,508 119,052,126 365,594,634 
5 600887 伊利股份 153,105,554 200,428,162 353,533,716 
6 600031 三一重工 216,619,000 115,563,057 332,182,057 
7 601888 中國國旅 188,145,273 140,651,806 328,797,079 
8 600276 恒瑞醫藥 205,597,385 70,557,973 276,155,358 
9 601012 隆基股份 163,242,283 112,530,138 275,772,421 
10 600030 中信證券 66,457,251 153,794,730 220,251,981 

1 858 五糧液 251,060,160 259,120,798 510,180,958 
2 651 格力電器 347,315,739 156,701,784 504,017,523 
3 333 美的集團 244,375,758 227,469,844 471,845,602 
4 2415 海康威視 99,251,512 295,278,111 394,529,623 
5 300059 東方財富 297,727,574 73,169,799 370,897,373 
6 2 萬科Ａ 200,513,246 138,610,950 339,124,196 
7 725 京東方Ａ 282,815,216 43,409,909 326,225,125 
8 2714 牧原股份 140,061,544 112,184,166 252,245,710 
9 2008 大族激光 100,558,023 109,141,941 209,699,964 
10 300498 溫氏股份 89,467,658 75,786,263 165,253,921 
