1 600519 貴州茅台 620,095,163 1,057,001,981 1,677,097,144 
2 601318 中國平安 625,845,983 302,463,515 928,309,498 
3 600036 招商銀行 389,985,008 57,247,122 447,232,130 
4 600887 伊利股份 114,468,093 213,437,844 327,905,937 
5 601166 興業銀行 202,823,016 81,733,425 284,556,441 
6 601601 中國太保 137,784,387 136,507,293 274,291,680 
7 600009 上海機場 77,900,696 166,944,407 244,845,103 
8 600031 三一重工 207,388,231 36,865,804 244,254,035 
9 600585 海螺水泥 172,224,910 70,105,845 242,330,755 
10 600276 恒瑞醫藥 84,963,770 92,493,983 177,457,753 

1 858 五糧液 527,927,634 356,470,128 884,397,762 
2 2008 大族激光 140,218,565 499,170,669 639,389,234 
3 2415 海康威視 375,394,258 258,405,437 633,799,695 
4 2304 洋河股份 235,709,124 342,721,558 578,430,682 
5 2 萬科Ａ 281,490,258 102,344,596 383,834,854 
6 333 美的集團 242,289,567 116,218,861 358,508,428 
7 300059 東方財富 89,275,862 260,731,479 350,007,341 
8 651 格力電器 85,155,654 254,085,639 339,241,293 
9 2475 立訊精密 260,212,414 57,260,315 317,472,729 
10 300136 信維通信 192,269,401 32,198,272 224,467,673 
