1 600519 貴州茅台 1,050,922,442 1,681,555,933 2,732,478,375 
2 601318 中國平安 863,058,910 1,157,932,514 2,020,991,424 
3 600030 中信證券 550,884,240 561,340,918 1,112,225,158 
4 600036 招商銀行 543,331,855 372,519,909 915,851,764 
5 600585 海螺水泥 518,319,196 175,332,989 693,652,185 
6 600887 伊利股份 342,343,532 259,902,111 602,245,643 
7 600031 三一重工 217,888,692 384,184,814 602,073,506 
8 600309 萬華化學 336,276,076 250,987,073 587,263,149 
9 600048 保利地產 305,888,034 219,420,004 525,308,038 
10 600276 恒瑞醫藥 176,722,383 335,941,575 512,663,958 

1 858 五糧液 920,836,066 1,413,765,555 2,334,601,621 
2 333 美的集團 838,077,958 489,673,333 1,327,751,291 
3 2415 海康威視 615,078,913 306,065,440 921,144,353 
4 2304 洋河股份 355,490,482 423,094,759 778,585,241 
5 1 平安銀行 535,671,827 216,191,854 751,863,681 
6 2 萬科Ａ 283,071,789 347,042,134 630,113,923 
7 2027 分眾傳媒 375,904,711 41,735,117 417,639,828 
8 300498 溫氏股份 189,758,736 150,029,116 339,787,852 
9 860 順鑫農業 90,746,410 245,961,075 336,707,485 
10 2714 牧原股份 190,627,208 131,403,632 322,030,840 
