1 601318 中國平安 564,006,304 497,161,954 1,061,168,258 
2 600519 貴州茅台 429,062,298 363,178,394 792,240,692 
3 600276 恒瑞醫藥 391,194,226 292,222,849 683,417,075 
4 600036 招商銀行 420,506,594 250,006,748 670,513,342 
5 600030 中信證券 340,208,480 194,390,450 534,598,930 
6 600585 海螺水泥 258,983,438 158,082,227 417,065,665 
7 600009 上海機場 214,757,065 83,798,284 298,555,349 
8 600887 伊利股份 189,769,929 92,073,656 281,843,585 
9 600048 保利地產 79,301,799 140,899,833 220,201,632 
10 601166 興業銀行 112,604,662 97,189,879 209,794,541 

1 651 格力電器 607,026,983 250,360,165 857,387,148 
2 2415 海康威視 323,449,498 391,455,417 714,904,915 
3 858 五糧液 216,350,444 314,932,181 531,282,625 
4 333 美的集團 232,105,670 227,368,407 459,474,077 
5 2 萬科Ａ 125,827,765 229,885,020 355,712,785 
6 2475 立訊精密 233,528,065 116,568,265 350,096,330 
7 89 深圳機場 239,189,885 50,936,461 290,126,346 
8 568 瀘州老窖 171,085,864 85,258,703 256,344,567 
9 2714 牧原股份 126,226,887 129,639,717 255,866,604 
10 300136 信維通信 118,051,991 115,715,219 233,767,210 
