1 600036 招商銀行 417,366,466 1,384,992,971 1,802,359,437 
2 601318 中國平安 711,644,802 764,822,490 1,476,467,292 
3 600519 貴州茅台 502,540,715 734,388,861 1,236,929,576 
4 600030 中信證券 339,837,296 203,428,256 543,265,552 
5 601166 興業銀行 149,101,784 243,496,408 392,598,192 
6 601398 工商銀行 148,255,434 210,210,035 358,465,469 
7 600887 伊利股份 117,347,428 234,336,129 351,683,557 
8 600000 浦發銀行 162,960,956 175,025,405 337,986,361 
9 600276 恒瑞醫藥 210,327,091 120,471,615 330,798,706 
10 600009 上海機場 36,511,338 276,645,752 313,157,090 

1 858 五糧液 559,414,652 457,621,717 1,017,036,369 
2 333 美的集團 261,602,179 294,467,815 556,069,994 
3 651 格力電器 325,887,292 205,522,956 531,410,248 
4 1 平安銀行 237,324,304 245,395,656 482,719,960 
5 2415 海康威視 235,799,173 245,239,372 481,038,545 
6 568 瀘州老窖 195,189,194 99,736,265 294,925,459 
7 300059 東方財富 142,913,967 131,628,573 274,542,540 
8 300498 溫氏股份 97,986,321 161,839,712 259,826,033 
9 2475 立訊精密 108,296,426 96,841,249 205,137,675 
10 63 中興通訊 101,456,184 96,270,280 197,726,464 
