1 600519 貴州茅台 620,173,251 491,440,282 1,111,613,533 
2 600276 恒瑞醫藥 445,918,825 551,539,622 997,458,447 
3 601318 中國平安 373,480,314 541,018,248 914,498,562 
4 600036 招商銀行 545,126,391 157,642,613 702,769,004 
5 600030 中信證券 300,089,680 237,336,531 537,426,211 
6 600585 海螺水泥 348,838,309 110,520,744 459,359,053 
7 600031 三一重工 150,516,687 280,224,572 430,741,259 
8 600887 伊利股份 166,081,979 205,860,023 371,942,002 
9 601888 中國國旅 207,760,529 96,223,549 303,984,078 
10 601601 中國太保 181,532,924 115,579,529 297,112,453 

1 858 五糧液 464,499,844 1,034,958,934 1,499,458,778 
2 860 順鑫農業 142,826,093 486,319,002 629,145,095 
3 651 格力電器 264,035,674 224,649,417 488,685,091 
4 2415 海康威視 178,660,863 245,275,479 423,936,342 
5 1 平安銀行 229,558,802 107,950,715 337,509,517 
6 2304 洋河股份 228,435,801 103,080,045 331,515,846 
7 333 美的集團 220,864,253 83,120,590 303,984,843 
8 338 濰柴動力 131,833,374 96,852,588 228,685,962 
9 63 中興通訊 156,693,336 56,832,531 213,525,867 
10 300059 東方財富 123,035,200 90,087,180 213,122,380 
