1 600519 貴州茅台 738,974,562 1,501,153,644 2,240,128,206 
2 601318 中國平安 618,552,603 891,550,508 1,510,103,111 
3 600036 招商銀行 411,131,657 388,279,199 799,410,856 
4 600887 伊利股份 286,475,172 469,027,405 755,502,577 
5 600276 恒瑞醫藥 179,909,996 489,886,310 669,796,306 
6 600009 上海機場 98,997,628 493,382,888 592,380,516 
7 600030 中信證券 241,421,799 120,842,372 362,264,171 
8 601888 中國國旅 81,540,031 239,662,983 321,203,014 
9 600585 海螺水泥 152,771,427 166,305,306 319,076,733 
10 601166 興業銀行 118,808,493 168,486,559 287,295,052 

1 858 五糧液 566,467,981 1,094,258,376 1,660,726,357 
2 2415 海康威視 462,166,913 890,327,775 1,352,494,688 
3 651 格力電器 361,859,765 531,452,313 893,312,078 
4 568 瀘州老窖 209,990,431 430,368,029 640,358,460 
5 2475 立訊精密 270,066,979 319,361,442 589,428,421 
6 2304 洋河股份 225,449,180 221,396,953 446,846,133 
7 1 平安銀行 224,564,935 111,378,088 335,943,023 
8 338 濰柴動力 202,356,778 128,333,285 330,690,063 
9 2714 牧原股份 154,392,689 166,152,466 320,545,155 
10 300498 溫氏股份 182,212,105 115,014,100 297,226,205 
