1 601318 中國平安 598,551,774 1,485,958,342 2,084,510,116 
2 600519 貴州茅台 463,548,021 380,238,296 843,786,317 
3 600276 恒瑞醫藥 354,870,726 261,343,923 616,214,649 
4 600036 招商銀行 129,167,781 344,824,605 473,992,386 
5 600585 海螺水泥 98,222,917 199,163,883 297,386,800 
6 600518 康美藥業 157,825,566 57,071,177 214,896,743 
7 601888 中國國旅 107,454,988 67,369,313 174,824,301 
8 601166 興業銀行 66,523,843 92,627,579 159,151,422 
9 600028 中國石化 99,059,647 45,559,094 144,618,741 
10 600887 伊利股份 66,557,367 76,660,376 143,217,743 

1 858 五糧液 112,013,723 220,262,932 332,276,655 
2 333 美的集團 130,951,379 168,517,449 299,468,828 
3 651 格力電器 176,690,465 107,635,598 284,326,063 
4 1 平安銀行 175,267,377 49,237,215 224,504,592 
5 300015 愛爾眼科 88,116,462 98,599,731 186,716,193 
6 2 萬科Ａ 110,022,364 74,266,720 184,289,084 
7 2450 康得新 45,350,730 117,378,153 162,728,883 
8 963 華東醫藥 116,187,545 42,785,019 158,972,564 
9 2415 海康威視 90,727,979 65,349,180 156,077,159 
10 300498 溫氏股份 117,022,527 16,776,090 133,798,617 
