1 600519 貴州茅台 358,524,371 426,495,724 785,020,095 
2 600036 招商銀行 471,345,450 184,112,593 655,458,043 
3 601318 中國平安 345,417,709 256,716,203 602,133,912 
4 600585 海螺水泥 301,491,414 110,354,421 411,845,835 
5 601888 中國國旅 149,452,216 214,575,459 364,027,675 
6 600276 恒瑞醫藥 150,047,532 174,339,602 324,387,134 
7 601398 工商銀行 82,304,643 234,837,971 317,142,614 
8 600690 青島海爾 142,763,317 159,103,398 301,866,715 
9 600030 中信證券 186,881,238 77,413,745 264,294,983 
10 600887 伊利股份 81,603,847 160,697,230 242,301,077 

1 651 格力電器 611,332,094 550,106,356 1,161,438,450 
2 2415 海康威視 312,667,804 511,923,585 824,591,389 
3 333 美的集團 333,644,065 326,931,917 660,575,982 
4 858 五糧液 414,529,761 219,195,172 633,724,933 
5 2 萬科Ａ 398,624,239 107,956,698 506,580,937 
6 2714 牧原股份 363,173,212 74,547,423 437,720,635 
7 2008 大族激光 125,170,978 136,054,403 261,225,381 
8 338 濰柴動力 102,724,641 127,894,964 230,619,605 
9 2027 分眾傳媒 127,572,956 99,193,373 226,766,329 
10 725 京東方Ａ 166,534,903 58,123,212 224,658,115 
