1 601318 中國平安 265,605,523 481,667,541 747,273,064 
2 600887 伊利股份 265,381,654 198,983,298 464,364,952 
3 600519 貴州茅台 281,091,589 81,270,529 362,362,118 
4 600028 中國石化 98,635,332 84,666,605 183,301,937 
5 600036 招商銀行 122,301,263 53,035,978 175,337,241 
6 600276 恒瑞醫藥 79,504,579 69,353,096 148,857,675 
7 601166 興業銀行 90,112,174 36,195,202 126,307,376 
8 601888 中國國旅 67,461,450 56,990,564 124,452,014 
9 601398 工商銀行 90,533,217 28,363,375 118,896,592 
10 601688 華泰證券 72,578,160 36,661,114 109,239,274 

1 2304 洋河股份 215,819,721 61,421,719 277,241,440 
2 858 五糧液 100,590,923 157,325,997 257,916,920 
3 2 萬科Ａ 158,472,294 28,364,140 186,836,434 
4 538 雲南白藥 82,905,209 87,734,893 170,640,102 
5 333 美的集團 107,965,800 61,089,880 169,055,680 
6 2415 海康威視 91,349,627 73,658,441 165,008,068 
7 651 格力電器 99,994,165 59,097,997 159,092,162 
8 300498 溫氏股份 63,610,350 52,854,064 116,464,414 
9 1 平安銀行 84,612,951 23,982,254 108,595,205 
10 2008 大族激光 54,755,847 46,558,418 101,314,265 
