1 601318 中國平安 2,330,748,357 513,099,402 2,843,847,759 
2 600519 貴州茅台 984,262,637 771,850,086 1,756,112,723 
3 600585 海螺水泥 216,741,565 1,190,818,198 1,407,559,763 
4 600030 中信證券 543,442,522 522,950,155 1,066,392,677 
5 600887 伊利股份 613,440,578 267,151,077 880,591,655 
6 600036 招商銀行 362,980,816 324,341,320 687,322,136 
7 600276 恒瑞醫藥 249,034,180 367,310,536 616,344,716 
8 600690 青島海爾 360,685,535 213,976,685 574,662,220 
9 600031 三一重工 294,172,523 248,218,771 542,391,294 
10 600048 保利地產 298,813,026 174,760,364 473,573,390 

1 858 五糧液 830,011,781 1,161,761,525 1,991,773,306 
2 651 格力電器 351,871,461 532,050,408 883,921,869 
3 333 美的集團 458,946,096 265,988,306 724,934,402 
4 2415 海康威視 229,500,544 303,059,853 532,560,397 
5 2 萬科Ａ 368,574,561 155,725,973 524,300,534 
6 2304 洋河股份 285,697,802 226,461,133 512,158,935 
7 1 平安銀行 163,023,032 337,729,465 500,752,497 
8 300498 溫氏股份 252,661,984 144,193,844 396,855,828 
9 2475 立訊精密 165,563,581 200,063,855 365,627,436 
10 300059 東方財富 237,431,415 125,017,626 362,449,041 
