1 600519 貴州茅台 1,343,143,375 2,578,970,822 3,922,114,197 
2 601318 中國平安 953,116,303 785,322,402 1,738,438,705 
3 600276 恒瑞醫藥 453,197,005 572,729,040 1,025,926,045 
4 600887 伊利股份 276,041,923 648,281,572 924,323,495 
5 600036 招商銀行 355,053,985 517,754,299 872,808,284 
6 600030 中信證券 410,451,269 264,219,750 674,671,019 
7 601166 興業銀行 256,049,644 358,885,836 614,935,480 
8 601888 中國國旅 202,116,294 354,157,515 556,273,809 
9 600031 三一重工 263,438,909 220,840,295 484,279,204 
10 600585 海螺水泥 263,609,109 187,984,901 451,594,010 

1 333 美的集團 831,395,396 1,450,369,841 2,281,765,237 
2 858 五糧液 852,102,932 552,726,016 1,404,828,948 
3 651 格力電器 631,260,169 449,357,017 1,080,617,186 
4 2415 海康威視 331,302,905 417,695,197 748,998,102 
5 1 平安銀行 223,054,569 288,156,951 511,211,520 
6 63 中興通訊 338,206,676 152,815,977 491,022,653 
7 2304 洋河股份 277,988,313 211,419,691 489,408,004 
8 2714 牧原股份 251,838,307 222,724,048 474,562,355 
9 568 瀘州老窖 217,012,033 234,423,629 451,435,662 
10 300059 東方財富 229,199,860 198,977,666 428,177,526 
