1 601318 中國平安 240,037,264 948,069,360 1,188,106,624 
2 600519 貴州茅台 288,257,789 579,396,064 867,653,853 
3 600036 招商銀行 249,835,030 285,743,859 535,578,889 
4 600585 海螺水泥 288,652,500 203,728,519 492,381,019 
5 600887 伊利股份 259,599,330 203,006,831 462,606,161 
6 600276 恒瑞醫藥 167,684,842 191,703,160 359,388,002 
7 600030 中信證券 124,337,819 234,922,993 359,260,812 
8 600048 保利地產 131,952,018 194,927,191 326,879,209 
9 601888 中國國旅 210,517,303 99,722,368 310,239,671 
10 601166 興業銀行 38,351,578 224,662,241 263,013,819 

1 858 五糧液 307,220,431 764,650,389 1,071,870,820 
2 2415 海康威視 139,305,828 514,086,779 653,392,607 
3 333 美的集團 264,199,003 323,774,190 587,973,193 
4 651 格力電器 189,005,412 219,119,588 408,125,000 
5 2304 洋河股份 216,579,534 153,222,249 369,801,783 
6 300498 溫氏股份 191,635,210 177,612,203 369,247,413 
7 338 濰柴動力 254,850,833 66,283,944 321,134,777 
8 1 平安銀行 163,904,548 131,872,233 295,776,781 
9 2 萬科Ａ 164,889,662 129,811,864 294,701,526 
10 568 瀘州老窖 90,238,557 181,223,047 271,461,604 
