1 600887 伊利股份 455,518,333 575,058,424 1,030,576,757 
2 600519 貴州茅台 451,332,549 282,008,342 733,340,891 
3 601318 中國平安 120,479,284 445,199,089 565,678,373 
4 600183 生益科技 155,768,108 292,351,276 448,119,384 
5 600276 恒瑞醫藥 84,814,699 209,016,742 293,831,441 
6 600048 保利地產 184,249,638 101,243,461 285,493,099 
7 600585 海螺水泥 149,297,324 129,505,141 278,802,465 
8 600036 招商銀行 103,269,976 159,451,896 262,721,872 
9 600030 中信證券 134,752,162 107,941,845 242,694,007 
10 601166 興業銀行 131,963,552 76,680,649 208,644,201 

1 1 平安銀行 650,372,174 141,642,062 792,014,236 
2 858 五糧液 434,653,356 187,506,044 622,159,400 
3 2415 海康威視 253,228,782 262,925,391 516,154,173 
4 333 美的集團 349,992,300 56,918,042 406,910,342 
5 651 格力電器 269,008,304 125,563,625 394,571,929 
6 63 中興通訊 179,926,365 177,319,096 357,245,461 
7 2 萬科Ａ 188,243,883 86,523,932 274,767,815 
8 300498 溫氏股份 203,517,693 68,475,313 271,993,006 
9 2714 牧原股份 168,718,681 84,293,593 253,012,274 
10 725 京東方Ａ 31,151,580 205,078,257 236,229,837 
