1 600519 貴州茅台 1,955,559,334 2,447,878,811 4,403,438,145 
2 601318 中國平安 2,334,846,960 1,246,201,237 3,581,048,197 
3 600036 招商銀行 1,128,581,542 1,073,826,328 2,202,407,870 
4 600900 長江電力 469,342,733 533,036,231 1,002,378,964 
5 601166 興業銀行 545,917,492 437,191,127 983,108,619 
6 600276 恒瑞醫藥 610,021,539 370,863,979 980,885,518 
7 600000 浦發銀行 456,079,210 420,648,902 876,728,112 
8 601288 農業銀行 506,196,835 308,465,747 814,662,582 
9 600016 民生銀行 449,871,758 308,833,910 758,705,668 
10 601398 工商銀行 386,002,413 323,268,456 709,270,869 

1 858 五糧液 865,468,507 710,678,009 1,576,146,516 
2 300498 溫氏股份 735,151,734 553,775,201 1,288,926,935 
3 333 美的集團 485,502,767 736,298,737 1,221,801,504 
4 2415 海康威視 570,924,316 517,462,375 1,088,386,691 
5 651 格力電器 394,698,676 391,782,529 786,481,205 
6 2 萬科Ａ 525,741,078 250,447,439 776,188,517 
7 300015 愛爾眼科 381,778,391 256,478,227 638,256,618 
8 2304 洋河股份 303,398,569 279,373,027 582,771,596 
9 1 平安銀行 353,651,335 226,958,173 580,609,508 
10 300059 東方財富 377,822,304 186,504,363 564,326,667 
