1 600519 貴州茅台 632,106,536 1,280,085,182 1,912,191,718 
2 601318 中國平安 473,368,606 728,147,477 1,201,516,083 
3 600276 恒瑞醫藥 209,869,274 599,371,789 809,241,063 
4 600009 上海機場 289,289,459 501,425,567 790,715,026 
5 600036 招商銀行 214,791,705 281,939,359 496,731,064 
6 600887 伊利股份 216,793,759 259,562,515 476,356,274 
7 600031 三一重工 114,109,481 315,213,541 429,323,022 
8 600030 中信證券 173,164,350 243,394,832 416,559,182 
9 601888 中國國旅 173,385,508 150,489,279 323,874,787 
10 600585 海螺水泥 99,947,835 220,947,034 320,894,869 

1 858 五糧液 790,768,555 976,300,660 1,767,069,215 
2 651 格力電器 266,680,988 725,523,021 992,204,009 
3 2475 立訊精密 296,142,475 489,679,423 785,821,898 
4 2415 海康威視 286,273,925 465,556,693 751,830,618 
5 568 瀘州老窖 267,763,663 386,403,864 654,167,527 
6 63 中興通訊 122,304,650 327,578,907 449,883,557 
7 2304 洋河股份 133,676,054 194,224,867 327,900,921 
8 2714 牧原股份 173,717,653 119,740,148 293,457,801 
9 1 平安銀行 121,724,026 150,221,416 271,945,442 
10 300498 溫氏股份 173,183,227 91,191,592 264,374,819 
