1 600519 貴州茅台 604,083,171 802,094,983 1,406,178,154 
2 601318 中國平安 507,997,833 857,333,361 1,365,331,194 
3 600276 恒瑞醫藥 329,570,120 275,683,942 605,254,062 
4 600030 中信證券 299,119,033 267,422,581 566,541,614 
5 600036 招商銀行 196,611,997 304,353,449 500,965,446 
6 601888 中國國旅 179,873,221 219,970,114 399,843,335 
7 600887 伊利股份 219,990,130 156,044,651 376,034,781 
8 600585 海螺水泥 194,375,490 157,877,903 352,253,393 
9 601166 興業銀行 165,333,486 178,997,491 344,330,977 
10 600031 三一重工 172,286,697 152,847,669 325,134,366 

1 651 格力電器 501,749,414 645,943,040 1,147,692,454 
2 2415 海康威視 472,370,514 454,022,180 926,392,694 
3 858 五糧液 333,332,055 530,354,729 863,686,784 
4 2714 牧原股份 363,953,897 213,508,780 577,462,677 
5 333 美的集團 225,159,195 321,831,900 546,991,095 
6 300498 溫氏股份 325,244,606 211,824,414 537,069,020 
7 2027 分眾傳媒 182,378,695 273,018,887 455,397,582 
8 1 平安銀行 207,069,973 241,822,050 448,892,023 
9 63 中興通訊 181,663,390 230,629,583 412,292,973 
10 338 濰柴動力 189,896,199 166,363,108 356,259,307 
