1 601318 中國平安 1,178,613,247 731,720,379 1,910,333,626 
2 600519 貴州茅台 738,057,483 839,939,551 1,577,997,034 
3 600030 中信證券 619,880,962 611,847,752 1,231,728,714 
4 600036 招商銀行 720,761,896 267,790,782 988,552,678 
5 600585 海螺水泥 369,922,025 314,886,085 684,808,110 
6 601225 陝西煤業 409,689,584 54,273,704 463,963,288 
7 600276 恒瑞醫藥 145,029,373 286,722,102 431,751,475 
8 600031 三一重工 184,440,975 236,494,878 420,935,853 
9 600887 伊利股份 147,810,270 266,765,986 414,576,256 
10 601668 中國建築 213,021,142 168,909,954 381,931,096 

1 333 美的集團 546,295,681 749,259,812 1,295,555,493 
2 2415 海康威視 436,076,349 139,176,281 575,252,630 
3 858 五糧液 205,405,600 323,089,254 528,494,854 
4 2024 蘇寧易購 461,169,979 65,480,303 526,650,282 
5 2 萬科Ａ 291,090,974 124,075,521 415,166,495 
6 538 雲南白藥 293,159,959 90,273,038 383,432,997 
7 2304 洋河股份 183,365,785 181,497,763 364,863,548 
8 300122 智飛生物 144,539,067 149,630,496 294,169,563 
9 2456 歐菲光 140,277,798 143,571,142 283,848,940 
10 2475 立訊精密 163,404,335 112,169,489 275,573,824 
