1 600519 貴州茅台 1,593,764,104 1,304,968,216 2,898,732,320 
2 601318 中國平安 1,042,378,359 903,117,420 1,945,495,779 
3 600036 招商銀行 742,021,424 466,647,042 1,208,668,466 
4 600030 中信證券 377,307,267 507,875,038 885,182,305 
5 600276 恒瑞醫藥 273,160,661 603,323,679 876,484,340 
6 600585 海螺水泥 170,921,984 511,249,668 682,171,652 
7 600031 三一重工 318,948,082 283,096,207 602,044,289 
8 601888 中國國旅 418,194,147 177,072,071 595,266,218 
9 600309 萬華化學 388,200,864 153,488,078 541,688,942 
10 600887 伊利股份 167,516,732 367,926,313 535,443,045 

1 858 五糧液 590,110,350 1,680,237,540 2,270,347,890 
2 333 美的集團 341,367,034 923,475,012 1,264,842,046 
3 2415 海康威視 191,590,251 695,048,808 886,639,059 
4 1 平安銀行 331,142,721 404,776,344 735,919,065 
5 2 萬科Ａ 418,639,612 275,695,487 694,335,099 
6 2304 洋河股份 198,299,182 273,169,160 471,468,342 
7 1979 招商蛇口 212,043,124 146,960,372 359,003,496 
8 300498 溫氏股份 179,642,902 173,502,961 353,145,863 
9 2027 分眾傳媒 248,354,285 92,525,429 340,879,714 
10 300059 東方財富 205,220,727 116,624,881 321,845,608 
