1 600519 貴州茅台 1,942,525,151 2,397,731,434 4,340,256,585 
2 601318 中國平安 1,443,613,124 1,062,671,434 2,506,284,558 
3 600036 招商銀行 898,836,437 726,740,273 1,625,576,710 
4 600900 長江電力 792,288,002 582,827,288 1,375,115,290 
5 603259 藥明康德 738,368,527 407,747,485 1,146,116,012 
6 600276 恒瑞醫藥 514,591,093 630,879,639 1,145,470,732 
7 600309 萬華化學 703,602,668 310,930,285 1,014,532,953 
8 601601 中國太保 426,251,756 356,964,835 783,216,591 
9 601390 中國中鐵 495,896,866 280,270,066 776,166,932 
10 601166 興業銀行 419,244,694 345,845,802 765,090,496 

1 858 五糧液 1,363,511,453 650,862,188 2,014,373,641 
2 2415 海康威視 450,701,921 521,114,898 971,816,819 
3 2714 牧原股份 548,945,036 278,552,543 827,497,579 
4 300498 溫氏股份 590,540,700 224,580,227 815,120,927 
5 2304 洋河股份 428,258,087 375,029,054 803,287,141 
6 333 美的集團 481,380,436 301,927,517 783,307,953 
7 651 格力電器 432,181,513 317,596,706 749,778,219 
8 1 平安銀行 420,172,865 281,273,340 701,446,205 
9 2 萬科Ａ 472,451,626 227,970,102 700,421,728 
10 2475 立訊精密 271,587,019 191,727,218 463,314,237 
