1 601318 中國平安 818,259,427 171,395,100 989,654,527 
2 600519 貴州茅台 637,070,993 223,278,048 860,349,041 
3 600036 招商銀行 161,914,701 163,985,426 325,900,127 
4 600276 恒瑞醫藥 236,384,175 79,167,905 315,552,080 
5 601888 中國國旅 137,499,905 142,266,196 279,766,101 
6 600585 海螺水泥 92,632,499 185,204,285 277,836,784 
7 600030 中信證券 124,228,208 107,138,083 231,366,291 
8 600887 伊利股份 139,153,235 75,294,849 214,448,084 
9 600690 青島海爾 122,577,939 69,930,923 192,508,862 
10 600009 上海機場 43,527,564 123,966,462 167,494,026 

1 333 美的集團 354,657,244 113,246,815 467,904,059 
2 2415 海康威視 195,181,776 156,343,116 351,524,892 
3 858 五糧液 234,870,292 91,661,336 326,531,628 
4 651 格力電器 235,823,380 39,911,866 275,735,246 
5 63 中興通訊 211,135,376 47,018,947 258,154,323 
6 2 萬科Ａ 107,246,548 52,410,710 159,657,258 
7 1 平安銀行 115,675,870 43,444,603 159,120,473 
8 725 京東方Ａ 25,356,197 118,749,332 144,105,529 
9 2475 立訊精密 105,365,156 24,200,824 129,565,980 
10 963 華東醫藥 24,747,330 101,963,012 126,710,342 
