1 600519 貴州茅台 541,971,683 207,831,983 749,803,666 
2 601318 中國平安 601,234,184 138,538,828 739,773,012 
3 601888 中國國旅 187,633,474 439,127,006 626,760,480 
4 600276 恒瑞醫藥 465,054,691 106,561,094 571,615,785 
5 600036 招商銀行 234,246,184 117,021,212 351,267,396 
6 600030 中信證券 170,689,613 110,320,153 281,009,766 
7 600887 伊利股份 122,662,893 129,500,677 252,163,570 
8 600031 三一重工 181,468,791 39,946,881 221,415,672 
9 600690 青島海爾 175,467,775 41,595,951 217,063,726 
10 601166 興業銀行 172,788,804 40,022,232 212,811,036 

1 333 美的集團 729,418,718 192,333,201 921,751,919 
2 651 格力電器 373,721,178 220,359,846 594,081,024 
3 858 五糧液 326,376,650 146,351,472 472,728,122 
4 2415 海康威視 264,072,786 140,465,185 404,537,971 
5 1 平安銀行 242,641,036 120,557,326 363,198,362 
6 2 萬科Ａ 154,445,103 186,565,579 341,010,682 
7 2304 洋河股份 145,364,393 101,662,644 247,027,037 
8 2475 立訊精密 181,720,013 33,544,113 215,264,126 
9 2027 分眾傳媒 34,095,420 176,466,817 210,562,237 
10 2714 牧原股份 96,905,434 57,616,456 154,521,890 
