1 600519 貴州茅台 294,507,882 456,713,068 751,220,950 
2 601318 中國平安 202,401,452 403,348,883 605,750,335 
3 600048 保利地產 240,256,546 209,989,519 450,246,065 
4 600036 招商銀行 173,610,216 167,969,590 341,579,806 
5 600276 恒瑞醫藥 157,600,443 165,953,372 323,553,815 
6 601888 中國國旅 132,443,083 190,943,301 323,386,384 
7 600031 三一重工 149,796,278 153,714,361 303,510,639 
8 601155 新城控股 197,085,016 94,609,157 291,694,173 
9 601166 興業銀行 170,105,513 93,439,983 263,545,496 
10 600887 伊利股份 104,243,253 116,969,182 221,212,435 

1 2415 海康威視 801,498,482 336,200,843 1,137,699,325 
2 2 萬科Ａ 346,105,646 217,095,544 563,201,190 
3 858 五糧液 240,752,733 222,857,484 463,610,217 
4 333 美的集團 249,204,681 201,801,500 451,006,181 
5 651 格力電器 284,699,509 150,693,425 435,392,934 
6 2714 牧原股份 181,877,935 126,510,102 308,388,037 
7 63 中興通訊 239,243,745 60,664,247 299,907,992 
8 300059 東方財富 96,936,081 177,521,173 274,457,254 
9 300498 溫氏股份 138,970,462 131,328,478 270,298,940 
10 2008 大族激光 93,726,052 116,019,528 209,745,580 
